"region"	"år"	"Befolkning 1. januar"	"Levendefødte"	"Døde"	"Fødselsoverskudd"	"Innflyttinger"	"Utflyttinger"	"Nettoinnflytting"	"Folketilvekst"
"K_3101 Halden"	"1951"	23388	370	187	183	1451	1332	119	302
"K_3101 Halden"	"1952"	23690	333	250	83	1633	1374	259	342
"K_3101 Halden"	"1953"	24032	390	256	134	1388	1377	11	145
"K_3101 Halden"	"1954"	24177	392	227	165	1702	1590	112	277
"K_3101 Halden"	"1955"	24454	374	257	117	1548	1408	140	144
"K_3101 Halden"	"1956"	24598	401	266	135	1527	1568	-41	94
"K_3101 Halden"	"1957"	24692	361	267	94	1428	1403	25	119
"K_3101 Halden"	"1958"	24811	369	242	127	1465	1289	176	303
"K_3101 Halden"	"1959"	25114	394	259	135	1548	1392	156	291
"K_3101 Halden"	"1960"	25405	382	299	83	1583	1515	68	145
"K_3101 Halden"	"1961"	25550	408	256	152	1843	1608	235	387
"K_3101 Halden"	"1962"	25937	368	282	86	1621	1674	-53	33
"K_3101 Halden"	"1963"	25970	427	322	105	1730	1716	14	119
"K_3101 Halden"	"1964"	26089	411	286	125	1704	1628	76	201
"K_3101 Halden"	"1965"	26290	486	285	201	1670	1772	-102	99
"K_3101 Halden"	"1966"	26389	444	312	132	1558	1579	-21	136
"K_3101 Halden"	"1967"	26525	421	306	115	839	899	-60	55
"K_3101 Halden"	"1968"	26588	457	324	133	799	846	-47	101
"K_3101 Halden"	"1969"	26689	384	323	61	877	925	-48	5
"K_3101 Halden"	"1970"	26694	403	321	82	1033	1075	-42	-7
"K_3101 Halden"	"1971"	26687	395	311	84	1187	921	266	337
"K_3101 Halden"	"1972"	27024	379	328	51	794	926	-132	-66
"K_3101 Halden"	"1973"	26958	381	319	62	967	800	167	224
"K_3101 Halden"	"1974"	27182	332	359	-27	914	935	-21	-58
"K_3101 Halden"	"1975"	27124	336	330	6	814	852	-38	-42
"K_3101 Halden"	"1976"	27082	338	327	11	793	831	-38	-26
"K_3101 Halden"	"1977"	27056	330	330	0	726	807	-81	-77
"K_3101 Halden"	"1978"	26979	313	320	-7	650	808	-158	-169
"K_3101 Halden"	"1979"	26810	286	343	-57	712	773	-61	-114
"K_3101 Halden"	"1980"	26696	294	350	-56	697	809	-112	-168
"K_3101 Halden"	"1981"	26528	247	344	-97	664	734	-70	-167
"K_3101 Halden"	"1982"	26361	255	316	-61	691	773	-82	-142
"K_3101 Halden"	"1983"	26219	237	324	-87	657	736	-79	-169
"K_3101 Halden"	"1984"	26050	266	341	-75	603	691	-88	-174
"K_3101 Halden"	"1985"	25876	247	333	-86	676	634	42	-32
"K_3101 Halden"	"1986"	25844	249	309	-60	689	663	26	-37
"K_3101 Halden"	"1987"	25807	277	369	-92	833	694	139	41
"K_3101 Halden"	"1988"	25848	283	320	-37	794	761	33	-7
"K_3101 Halden"	"1989"	25841	291	336	-45	833	809	24	-25
"K_3101 Halden"	"1990"	25816	333	358	-25	836	768	68	36
"K_3101 Halden"	"1991"	25852	279	339	-60	799	772	27	-21
"K_3101 Halden"	"1992"	25831	305	348	-43	812	706	106	65
"K_3101 Halden"	"1993"	25896	302	374	-72	816	733	83	12
"K_3101 Halden"	"1994"	25908	312	336	-24	821	751	70	45
"K_3101 Halden"	"1995"	25953	294	327	-33	847	748	99	68
"K_3101 Halden"	"1996"	26021	335	308	27	835	717	118	141
"K_3101 Halden"	"1997"	26162	320	288	32	1002	778	224	255
"K_3101 Halden"	"1998"	26417	287	338	-51	958	789	169	106
"K_3101 Halden"	"1999"	26523	285	337	-52	1125	870	255	210
"K_3101 Halden"	"2000"	26733	318	301	17	1250	860	390	400
"K_3101 Halden"	"2001"	27133	327	319	8	1049	983	66	71
"K_3101 Halden"	"2002"	27204	316	309	7	1203	970	233	234
"K_3101 Halden"	"2003"	27438	299	311	-12	1060	1018	42	26
"K_3101 Halden"	"2004"	27464	313	308	5	1070	957	113	118
"K_3101 Halden"	"2005"	27582	271	303	-32	1124	948	176	140
"K_3101 Halden"	"2006"	27722	283	290	-7	1197	1079	118	113
"K_3101 Halden"	"2007"	27835	297	284	13	1234	1007	227	257
"K_3101 Halden"	"2008"	28092	314	296	18	1197	923	274	297
"K_3101 Halden"	"2009"	28389	305	258	47	1254	898	356	387
"K_3101 Halden"	"2010"	28776	317	314	3	1463	1021	442	444
"K_3101 Halden"	"2011"	29220	290	332	-42	1451	1084	367	323
"K_3101 Halden"	"2012"	29543	296	298	-2	1421	1081	340	337
"K_3101 Halden"	"2013"	29880	295	303	-8	1424	1164	260	252
"K_3101 Halden"	"2014"	30132	297	326	-29	1420	1199	221	196
"K_3101 Halden"	"2015"	30328	288	319	-31	1541	1293	248	216
"K_3101 Halden"	"2016"	30544	300	273	27	1482	1270	212	246
"K_3101 Halden"	"2017"	30790	306	267	39	1444	1234	210	247
"K_3101 Halden"	"2018"	31037	243	278	-35	1465	1295	170	140
"K_3101 Halden"	"2019"	31177	257	299	-42	1440	1208	232	196
"K_3101 Halden"	"2020"	31373	254	284	-30	1428	1383	45	14
"K_3101 Halden"	"2021"	31387	260	311	-51	1446	1333	113	57
"K_3101 Halden"	"2022"	31444	226	298	-72	1679	1316	363	286
"K_3101 Halden"	"2023"	31730	284	311	-27	1449	1218	231	205
"K_3101 Halden"	"2024"	31935	..	..	..	..	..	..	..
"K_3103 Moss"	"1951"	23111	411	198	213	1134	1036	98	311
"K_3103 Moss"	"1952"	23422	420	204	216	1128	1189	-61	155
"K_3103 Moss"	"1953"	23577	430	201	229	1242	1100	142	371
"K_3103 Moss"	"1954"	23948	418	168	250	1488	1181	307	557
"K_3103 Moss"	"1955"	24505	450	199	251	1782	1334	448	774
"K_3103 Moss"	"1956"	25279	439	223	216	1822	1446	376	592
"K_3103 Moss"	"1957"	25871	454	184	270	1765	1525	240	510
"K_3103 Moss"	"1958"	26381	433	261	172	1801	1493	308	480
"K_3103 Moss"	"1959"	26861	518	200	318	1712	1381	331	649
"K_3103 Moss"	"1960"	27510	451	206	245	1760	1468	292	502
"K_3103 Moss"	"1961"	28012	514	225	289	2076	1606	470	759
"K_3103 Moss"	"1962"	28771	513	274	239	2158	1800	358	597
"K_3103 Moss"	"1963"	29368	521	256	265	2121	1793	328	593
"K_3103 Moss"	"1964"	29961	567	307	260	2042	1633	409	669
"K_3103 Moss"	"1965"	30630	558	277	281	2125	1846	279	560
"K_3103 Moss"	"1966"	31190	586	256	330	2486	1776	710	1095
"K_3103 Moss"	"1967"	32285	625	307	318	2259	1907	352	670
"K_3103 Moss"	"1968"	32955	636	297	339	2312	2038	274	649
"K_3103 Moss"	"1969"	33604	597	310	287	2123	2060	63	375
"K_3103 Moss"	"1970"	33979	566	283	283	2785	2331	454	707
"K_3103 Moss"	"1971"	34686	601	285	316	2238	2216	22	408
"K_3103 Moss"	"1972"	35094	594	300	294	2057	2306	-249	52
"K_3103 Moss"	"1973"	35146	539	339	200	2048	2248	-200	0
"K_3103 Moss"	"1974"	35146	554	326	228	2229	2348	-119	119
"K_3103 Moss"	"1975"	35265	451	303	148	2380	2265	115	247
"K_3103 Moss"	"1976"	35512	464	340	124	2420	2236	184	304
"K_3103 Moss"	"1977"	35816	400	323	77	2147	2233	-86	-14
"K_3103 Moss"	"1978"	35802	427	302	125	2443	2183	260	391
"K_3103 Moss"	"1979"	36193	419	355	64	2255	1931	324	390
"K_3103 Moss"	"1980"	36583	443	321	122	2139	2253	-114	-6
"K_3103 Moss"	"1981"	36577	387	345	42	2064	2092	-28	26
"K_3103 Moss"	"1982"	36603	364	342	22	2004	2118	-114	-84
"K_3103 Moss"	"1983"	36519	371	315	56	2142	2302	-160	-106
"K_3103 Moss"	"1984"	36413	360	399	-39	2052	2055	-3	-43
"K_3103 Moss"	"1985"	36370	374	370	4	1954	2203	-249	-216
"K_3103 Moss"	"1986"	36154	358	407	-49	2424	2269	155	106
"K_3103 Moss"	"1987"	36260	468	333	135	2413	2179	234	371
"K_3103 Moss"	"1988"	36631	448	375	73	2535	2436	99	166
"K_3103 Moss"	"1989"	36797	444	395	49	2216	2404	-188	-149
"K_3103 Moss"	"1990"	36648	483	424	59	2176	2104	72	138
"K_3103 Moss"	"1991"	36786	449	372	77	2148	2089	59	116
"K_3103 Moss"	"1992"	36902	457	390	67	2039	1865	174	253
"K_3103 Moss"	"1993"	37155	502	423	79	2208	2189	19	105
"K_3103 Moss"	"1994"	37260	435	423	12	2522	2259	263	282
"K_3103 Moss"	"1995"	37542	495	398	97	2412	2201	211	309
"K_3103 Moss"	"1996"	37851	498	359	139	2549	2409	140	281
"K_3103 Moss"	"1997"	38132	496	411	85	2845	2312	533	615
"K_3103 Moss"	"1998"	38747	489	382	107	2942	2447	495	605
"K_3103 Moss"	"1999"	39352	497	383	114	2866	2410	456	569
"K_3103 Moss"	"2000"	39921	485	413	72	3156	2542	614	687
"K_3103 Moss"	"2001"	40608	473	410	63	2910	2705	205	269
"K_3103 Moss"	"2002"	40877	496	427	69	2941	2580	361	432
"K_3103 Moss"	"2003"	41309	460	419	41	2788	2646	142	176
"K_3103 Moss"	"2004"	41485	465	407	58	2743	2538	205	267
"K_3103 Moss"	"2005"	41752	435	398	37	2959	2700	259	292
"K_3103 Moss"	"2006"	42044	516	402	114	2898	2584	314	428
"K_3103 Moss"	"2007"	42472	471	389	82	3165	2732	433	515
"K_3103 Moss"	"2008"	42987	454	399	55	3132	2486	646	706
"K_3103 Moss"	"2009"	43693	497	403	94	3038	2501	537	630
"K_3103 Moss"	"2010"	44323	477	410	67	3058	2742	316	368
"K_3103 Moss"	"2011"	44691	490	421	69	3269	2620	649	723
"K_3103 Moss"	"2012"	45414	437	432	5	3356	2821	535	541
"K_3103 Moss"	"2013"	45955	420	426	-6	3437	2977	460	454
"K_3103 Moss"	"2014"	46409	426	386	40	3517	2928	589	635
"K_3103 Moss"	"2015"	47044	483	427	56	3630	3090	540	596
"K_3103 Moss"	"2016"	47640	405	463	-58	3586	3015	571	514
"K_3103 Moss"	"2017"	48154	403	392	11	3725	3210	515	517
"K_3103 Moss"	"2018"	48671	427	429	-2	3435	3245	190	200
"K_3103 Moss"	"2019"	48871	408	446	-38	3629	3189	440	401
"K_3103 Moss"	"2020"	49273	400	453	-53	2792	2345	447	395
"K_3103 Moss"	"2021"	49668	434	453	-19	3130	2492	638	622
"K_3103 Moss"	"2022"	50290	434	483	-49	3333	2342	991	950
"K_3103 Moss"	"2023"	51240	387	485	-98	3316	2407	909	811
"K_3103 Moss"	"2024"	52051	..	..	..	..	..	..	..
"K_3105 Sarpsborg"	"1951"	34180	590	286	304	1686	1296	390	694
"K_3105 Sarpsborg"	"1952"	34874	618	294	324	1574	1325	249	573
"K_3105 Sarpsborg"	"1953"	35447	660	297	363	1632	1597	35	398
"K_3105 Sarpsborg"	"1954"	35845	628	252	376	1846	1598	248	624
"K_3105 Sarpsborg"	"1955"	36469	565	288	277	1926	1743	183	270
"K_3105 Sarpsborg"	"1956"	36739	638	300	338	1885	1727	158	496
"K_3105 Sarpsborg"	"1957"	37235	656	285	371	2045	1871	174	545
"K_3105 Sarpsborg"	"1958"	37780	656	344	312	1745	1731	14	326
"K_3105 Sarpsborg"	"1959"	38106	677	348	329	1590	1579	11	340
"K_3105 Sarpsborg"	"1960"	38446	624	347	277	1871	1823	48	301
"K_3105 Sarpsborg"	"1961"	38747	656	353	303	1944	1716	228	531
"K_3105 Sarpsborg"	"1962"	39278	651	349	302	1984	1895	89	391
"K_3105 Sarpsborg"	"1963"	39669	603	385	218	1972	2099	-127	91
"K_3105 Sarpsborg"	"1964"	39760	693	348	345	2274	2104	170	515
"K_3105 Sarpsborg"	"1965"	40275	666	361	305	1965	1857	108	413
"K_3105 Sarpsborg"	"1966"	40688	649	386	263	2047	2165	-118	-30
"K_3105 Sarpsborg"	"1967"	40658	670	381	289	2277	2192	85	374
"K_3105 Sarpsborg"	"1968"	41024	669	447	222	2592	2263	329	695
"K_3105 Sarpsborg"	"1969"	41719	725	415	310	2725	2255	470	777
"K_3105 Sarpsborg"	"1970"	42496	650	429	221	3253	2566	687	856
"K_3105 Sarpsborg"	"1971"	43352	675	476	199	2931	2625	306	543
"K_3105 Sarpsborg"	"1972"	43895	734	427	307	2684	2845	-161	142
"K_3105 Sarpsborg"	"1973"	44037	668	489	179	3091	2686	405	617
"K_3105 Sarpsborg"	"1974"	44654	673	473	200	2912	2731	181	313
"K_3105 Sarpsborg"	"1975"	44967	597	488	109	3040	2929	111	157
"K_3105 Sarpsborg"	"1976"	45124	611	442	169	2759	2656	103	274
"K_3105 Sarpsborg"	"1977"	45398	553	447	106	2646	2578	68	169
"K_3105 Sarpsborg"	"1978"	45567	562	443	119	2549	2594	-45	78
"K_3105 Sarpsborg"	"1979"	45645	553	447	106	2549	2630	-81	19
"K_3105 Sarpsborg"	"1980"	45664	541	470	71	2754	2669	85	160
"K_3105 Sarpsborg"	"1981"	45824	523	497	26	2702	2661	41	59
"K_3105 Sarpsborg"	"1982"	45883	537	447	90	2856	2686	170	265
"K_3105 Sarpsborg"	"1983"	46148	475	522	-47	2700	2675	25	-22
"K_3105 Sarpsborg"	"1984"	46126	526	484	42	2621	2574	47	86
"K_3105 Sarpsborg"	"1985"	46212	510	507	3	2932	2880	52	62
"K_3105 Sarpsborg"	"1986"	46274	458	488	-30	3049	2787	262	225
"K_3105 Sarpsborg"	"1987"	46499	496	555	-59	3186	2989	197	152
"K_3105 Sarpsborg"	"1988"	46651	566	501	65	3162	2996	166	224
"K_3105 Sarpsborg"	"1989"	46875	557	520	37	3007	3250	-243	-204
"K_3105 Sarpsborg"	"1990"	46671	575	528	47	2837	2941	-104	-63
"K_3105 Sarpsborg"	"1991"	46608	549	527	22	2728	2735	-7	3
"K_3105 Sarpsborg"	"1992"	46611	599	502	97	1197	1356	-159	-68
"K_3105 Sarpsborg"	"1993"	46543	519	547	-28	1162	1300	-138	-162
"K_3105 Sarpsborg"	"1994"	46381	535	490	45	1284	1271	13	68
"K_3105 Sarpsborg"	"1995"	46449	557	560	-3	1441	1461	-20	-25
"K_3105 Sarpsborg"	"1996"	46424	531	551	-20	1486	1452	34	16
"K_3105 Sarpsborg"	"1997"	46440	546	548	-2	1626	1374	252	252
"K_3105 Sarpsborg"	"1998"	46692	522	487	35	1778	1379	399	430
"K_3105 Sarpsborg"	"1999"	47122	564	507	57	1776	1503	273	325
"K_3105 Sarpsborg"	"2000"	47447	507	524	-17	2015	1454	561	546
"K_3105 Sarpsborg"	"2001"	47993	581	502	79	2048	1566	482	562
"K_3105 Sarpsborg"	"2002"	48555	563	519	44	2191	1737	454	489
"K_3105 Sarpsborg"	"2003"	49044	561	548	13	2095	1729	366	379
"K_3105 Sarpsborg"	"2004"	49423	509	521	-12	2239	1887	352	330
"K_3105 Sarpsborg"	"2005"	49753	547	516	31	2192	1865	327	362
"K_3105 Sarpsborg"	"2006"	50115	562	464	98	2285	1895	390	478
"K_3105 Sarpsborg"	"2007"	50593	585	539	46	2524	2102	422	460
"K_3105 Sarpsborg"	"2008"	51053	627	480	147	2482	1970	512	670
"K_3105 Sarpsborg"	"2009"	51723	654	483	171	2169	1905	264	436
"K_3105 Sarpsborg"	"2010"	52159	585	518	67	2484	1890	594	646
"K_3105 Sarpsborg"	"2011"	52805	587	487	100	2530	2107	423	528
"K_3105 Sarpsborg"	"2012"	53333	582	502	80	2595	2296	299	363
"K_3105 Sarpsborg"	"2013"	53696	578	522	56	2536	2230	306	363
"K_3105 Sarpsborg"	"2014"	54059	548	530	18	2532	2428	104	133
"K_3105 Sarpsborg"	"2015"	54192	572	481	91	2644	2245	399	486
"K_3105 Sarpsborg"	"2016"	54678	558	472	86	2727	2357	370	449
"K_3105 Sarpsborg"	"2017"	55127	545	499	46	2750	2375	375	416
"K_3105 Sarpsborg"	"2018"	55543	511	519	-8	2790	2330	460	454
"K_3105 Sarpsborg"	"2019"	55997	541	487	54	2896	2223	673	735
"K_3105 Sarpsborg"	"2020"	56732	523	495	28	2986	2378	608	640
"K_3105 Sarpsborg"	"2021"	57372	565	491	74	3226	2495	731	810
"K_3105 Sarpsborg"	"2022"	58182	538	573	-35	3399	2510	889	856
"K_3105 Sarpsborg"	"2023"	59038	554	526	28	3298	2604	694	733
"K_3105 Sarpsborg"	"2024"	59771	..	..	..	..	..	..	..
"K_3107 Fredrikstad"	"1951"	52575	852	450	402	1916	1956	-40	362
"K_3107 Fredrikstad"	"1952"	52937	889	566	323	2473	2418	55	378
"K_3107 Fredrikstad"	"1953"	53315	882	467	415	2775	2620	155	570
"K_3107 Fredrikstad"	"1954"	53885	969	500	469	2941	2662	279	748
"K_3107 Fredrikstad"	"1955"	54633	943	480	463	2953	2600	353	1048
"K_3107 Fredrikstad"	"1956"	55681	1033	532	501	3211	2998	213	714
"K_3107 Fredrikstad"	"1957"	56395	975	493	482	3033	2895	138	620
"K_3107 Fredrikstad"	"1958"	57015	971	584	387	2902	2794	108	495
"K_3107 Fredrikstad"	"1959"	57510	968	538	430	2748	2700	48	478
"K_3107 Fredrikstad"	"1960"	57988	913	587	326	2941	2880	61	394
"K_3107 Fredrikstad"	"1961"	58382	881	581	300	3012	2798	214	514
"K_3107 Fredrikstad"	"1962"	58896	984	546	438	3011	3044	-33	405
"K_3107 Fredrikstad"	"1963"	59301	986	612	374	3009	2866	143	517
"K_3107 Fredrikstad"	"1964"	59818	993	602	391	2612	2534	78	469
"K_3107 Fredrikstad"	"1965"	60287	980	614	366	2488	2451	37	403
"K_3107 Fredrikstad"	"1966"	60690	975	628	347	2593	2686	-93	513
"K_3107 Fredrikstad"	"1967"	61203	1005	655	350	3087	2858	229	579
"K_3107 Fredrikstad"	"1968"	61782	977	649	328	3344	3127	217	414
"K_3107 Fredrikstad"	"1969"	62196	961	680	281	3526	3210	316	601
"K_3107 Fredrikstad"	"1970"	62797	1014	674	340	4103	3609	494	656
"K_3107 Fredrikstad"	"1971"	63453	899	692	207	3914	3514	400	586
"K_3107 Fredrikstad"	"1972"	64039	982	748	234	4098	3646	452	751
"K_3107 Fredrikstad"	"1973"	64790	933	713	220	3202	3433	-231	-31
"K_3107 Fredrikstad"	"1974"	64759	900	747	153	3181	3306	-125	14
"K_3107 Fredrikstad"	"1975"	64773	837	672	165	3115	3457	-342	-165
"K_3107 Fredrikstad"	"1976"	64608	713	678	35	2761	2996	-235	-201
"K_3107 Fredrikstad"	"1977"	64407	735	648	87	2745	3058	-313	-234
"K_3107 Fredrikstad"	"1978"	64173	715	668	47	3107	3293	-186	-143
"K_3107 Fredrikstad"	"1979"	64030	629	778	-149	3188	3349	-161	-320
"K_3107 Fredrikstad"	"1980"	63710	605	679	-74	3274	3123	151	75
"K_3107 Fredrikstad"	"1981"	63785	635	737	-102	3396	3240	156	53
"K_3107 Fredrikstad"	"1982"	63838	656	711	-55	3462	3264	198	143
"K_3107 Fredrikstad"	"1983"	63981	594	782	-188	3355	3278	77	-117
"K_3107 Fredrikstad"	"1984"	63864	591	743	-152	3605	3363	242	84
"K_3107 Fredrikstad"	"1985"	63948	615	814	-199	3701	3481	220	14
"K_3107 Fredrikstad"	"1986"	63962	660	721	-61	3657	3551	106	29
"K_3107 Fredrikstad"	"1987"	63991	654	758	-104	4130	3758	372	257
"K_3107 Fredrikstad"	"1988"	64248	701	836	-135	4044	3768	276	144
"K_3107 Fredrikstad"	"1989"	64392	733	783	-50	3955	3827	128	56
"K_3107 Fredrikstad"	"1990"	64448	825	778	47	3950	3799	151	203
"K_3107 Fredrikstad"	"1991"	64651	767	795	-28	3742	3651	91	55
"K_3107 Fredrikstad"	"1992"	64706	749	796	-47	3593	3445	148	107
"K_3107 Fredrikstad"	"1993"	64813	827	834	-7	3673	3635	38	30
"K_3107 Fredrikstad"	"1994"	64843	774	773	1	2012	1647	365	371
"K_3107 Fredrikstad"	"1995"	65214	777	791	-14	2338	1833	505	497
"K_3107 Fredrikstad"	"1996"	65711	791	780	11	2187	1878	309	323
"K_3107 Fredrikstad"	"1997"	66034	805	836	-31	2718	1972	746	712
"K_3107 Fredrikstad"	"1998"	66746	781	762	19	2672	2008	664	669
"K_3107 Fredrikstad"	"1999"	67415	789	757	32	2537	2223	314	346
"K_3107 Fredrikstad"	"2000"	67761	816	791	25	2713	2358	355	382
"K_3107 Fredrikstad"	"2001"	68143	746	741	5	2730	2371	359	362
"K_3107 Fredrikstad"	"2002"	68505	764	795	-31	3056	2239	817	783
"K_3107 Fredrikstad"	"2003"	69288	748	762	-14	2987	2402	585	579
"K_3107 Fredrikstad"	"2004"	69867	770	694	76	2984	2499	485	551
"K_3107 Fredrikstad"	"2005"	70418	773	729	44	2944	2605	339	373
"K_3107 Fredrikstad"	"2006"	70791	779	689	90	2885	2471	414	506
"K_3107 Fredrikstad"	"2007"	71297	785	753	32	3313	2660	653	679
"K_3107 Fredrikstad"	"2008"	71976	739	746	-7	3367	2592	775	784
"K_3107 Fredrikstad"	"2009"	72760	884	750	134	3388	2654	734	878
"K_3107 Fredrikstad"	"2010"	73638	795	726	69	3676	2797	879	941
"K_3107 Fredrikstad"	"2011"	74579	755	692	63	4004	3048	956	1004
"K_3107 Fredrikstad"	"2012"	75583	762	720	42	4149	2963	1186	1224
"K_3107 Fredrikstad"	"2013"	76807	770	727	43	3842	3090	752	784
"K_3107 Fredrikstad"	"2014"	77591	761	713	48	3886	3375	511	568
"K_3107 Fredrikstad"	"2015"	78159	734	711	23	4020	3232	788	808
"K_3107 Fredrikstad"	"2016"	78967	784	738	46	4345	3246	1099	1154
"K_3107 Fredrikstad"	"2017"	80121	773	680	93	4254	3488	766	856
"K_3107 Fredrikstad"	"2018"	80977	750	702	48	4135	3397	738	795
"K_3107 Fredrikstad"	"2019"	81772	708	695	13	4249	3651	598	613
"K_3107 Fredrikstad"	"2020"	82385	698	695	3	4448	3647	801	808
"K_3107 Fredrikstad"	"2021"	83193	727	739	-12	4522	3839	683	699
"K_3107 Fredrikstad"	"2022"	83892	656	813	-157	4497	3790	707	552
"K_3107 Fredrikstad"	"2023"	84444	702	780	-78	4701	3851	850	786
"K_3107 Fredrikstad"	"2024"	85230	..	..	..	..	..	..	..
"K_3110 Hvaler"	"1951"	3335	68	33	35	109	151	-42	-7
"K_3110 Hvaler"	"1952"	3328	47	25	22	109	170	-61	-39
"K_3110 Hvaler"	"1953"	3289	64	37	27	87	215	-128	-101
"K_3110 Hvaler"	"1954"	3188	54	33	21	94	157	-63	-42
"K_3110 Hvaler"	"1955"	3146	34	26	8	95	191	-96	-76
"K_3110 Hvaler"	"1956"	3070	50	37	13	108	148	-40	-27
"K_3110 Hvaler"	"1957"	3043	51	34	17	94	183	-89	-72
"K_3110 Hvaler"	"1958"	2971	32	32	0	121	172	-51	-51
"K_3110 Hvaler"	"1959"	2920	37	22	15	88	151	-63	-48
"K_3110 Hvaler"	"1960"	2872	31	30	1	96	188	-92	-123
"K_3110 Hvaler"	"1961"	2749	32	31	1	79	184	-105	-104
"K_3110 Hvaler"	"1962"	2645	25	35	-10	85	117	-32	-42
"K_3110 Hvaler"	"1963"	2603	23	40	-17	74	118	-44	-61
"K_3110 Hvaler"	"1964"	2542	25	27	-2	52	102	-50	-52
"K_3110 Hvaler"	"1965"	2490	24	37	-13	62	99	-37	-50
"K_3110 Hvaler"	"1966"	2440	17	39	-22	71	99	-28	-54
"K_3110 Hvaler"	"1967"	2386	23	36	-13	70	120	-50	-63
"K_3110 Hvaler"	"1968"	2323	22	36	-14	75	103	-28	-41
"K_3110 Hvaler"	"1969"	2282	24	36	-12	124	86	38	27
"K_3110 Hvaler"	"1970"	2309	21	47	-26	73	109	-36	-62
"K_3110 Hvaler"	"1971"	2247	34	39	-5	137	89	48	38
"K_3110 Hvaler"	"1972"	2285	19	35	-16	148	71	77	65
"K_3110 Hvaler"	"1973"	2350	30	37	-7	131	83	48	39
"K_3110 Hvaler"	"1974"	2389	25	35	-10	133	77	56	46
"K_3110 Hvaler"	"1975"	2435	28	47	-19	112	69	43	23
"K_3110 Hvaler"	"1976"	2458	29	49	-20	128	72	56	36
"K_3110 Hvaler"	"1977"	2494	32	38	-6	118	68	50	44
"K_3110 Hvaler"	"1978"	2538	33	39	-6	135	113	22	16
"K_3110 Hvaler"	"1979"	2554	37	35	2	136	120	16	17
"K_3110 Hvaler"	"1980"	2571	27	27	0	187	90	97	97
"K_3110 Hvaler"	"1981"	2668	34	36	-2	184	89	95	93
"K_3110 Hvaler"	"1982"	2761	32	44	-12	162	74	88	77
"K_3110 Hvaler"	"1983"	2838	26	33	-7	104	63	41	32
"K_3110 Hvaler"	"1984"	2870	38	52	-14	137	104	33	19
"K_3110 Hvaler"	"1985"	2889	31	38	-7	142	104	38	32
"K_3110 Hvaler"	"1986"	2921	35	39	-4	154	102	52	47
"K_3110 Hvaler"	"1987"	2968	28	29	-1	229	107	122	122
"K_3110 Hvaler"	"1988"	3090	40	46	-6	231	136	95	91
"K_3110 Hvaler"	"1989"	3181	29	38	-9	189	150	39	32
"K_3110 Hvaler"	"1990"	3213	32	41	-9	177	164	13	9
"K_3110 Hvaler"	"1991"	3222	29	42	-13	185	128	57	44
"K_3110 Hvaler"	"1992"	3266	29	50	-21	180	153	27	7
"K_3110 Hvaler"	"1993"	3273	31	43	-12	235	134	101	91
"K_3110 Hvaler"	"1994"	3364	34	51	-17	205	145	60	43
"K_3110 Hvaler"	"1995"	3407	31	35	-4	193	167	26	23
"K_3110 Hvaler"	"1996"	3430	37	47	-10	210	168	42	32
"K_3110 Hvaler"	"1997"	3462	32	30	2	190	194	-4	-2
"K_3110 Hvaler"	"1998"	3460	25	45	-20	216	172	44	27
"K_3110 Hvaler"	"1999"	3487	38	32	6	253	252	1	7
"K_3110 Hvaler"	"2000"	3494	29	51	-22	236	205	31	10
"K_3110 Hvaler"	"2001"	3504	25	32	-7	288	200	88	84
"K_3110 Hvaler"	"2002"	3588	24	31	-7	238	211	27	29
"K_3110 Hvaler"	"2003"	3617	32	44	-12	282	194	88	77
"K_3110 Hvaler"	"2004"	3694	24	35	-11	269	179	90	79
"K_3110 Hvaler"	"2005"	3773	34	35	-1	261	212	49	48
"K_3110 Hvaler"	"2006"	3821	38	32	6	248	203	45	59
"K_3110 Hvaler"	"2007"	3880	27	34	-7	290	201	89	81
"K_3110 Hvaler"	"2008"	3961	26	36	-10	227	182	45	37
"K_3110 Hvaler"	"2009"	3998	36	40	-4	288	191	97	87
"K_3110 Hvaler"	"2010"	4085	33	42	-9	317	237	80	75
"K_3110 Hvaler"	"2011"	4160	24	44	-20	343	276	67	46
"K_3110 Hvaler"	"2012"	4206	28	42	-14	355	266	89	78
"K_3110 Hvaler"	"2013"	4284	34	34	0	339	237	102	102
"K_3110 Hvaler"	"2014"	4386	29	25	4	368	279	89	94
"K_3110 Hvaler"	"2015"	4480	23	46	-23	368	312	56	31
"K_3110 Hvaler"	"2016"	4511	29	41	-12	350	330	20	6
"K_3110 Hvaler"	"2017"	4517	24	38	-14	357	321	36	23
"K_3110 Hvaler"	"2018"	4540	20	39	-19	367	288	79	59
"K_3110 Hvaler"	"2019"	4599	26	53	-27	344	251	93	69
"K_3110 Hvaler"	"2020"	4668	33	39	-6	321	291	30	26
"K_3110 Hvaler"	"2021"	4694	27	49	-22	316	245	71	47
"K_3110 Hvaler"	"2022"	4741	30	57	-27	299	248	51	21
"K_3110 Hvaler"	"2023"	4762	28	47	-19	319	279	40	25
"K_3110 Hvaler"	"2024"	4787	..	..	..	..	..	..	..
"K_3112 Råde"	"1951"	3421	58	38	20	212	193	19	39
"K_3112 Råde"	"1952"	3460	73	21	52	202	185	17	69
"K_3112 Råde"	"1953"	3529	82	36	46	184	228	-44	2
"K_3112 Råde"	"1954"	3531	88	32	56	199	206	-7	49
"K_3112 Råde"	"1955"	3580	83	21	62	229	191	38	90
"K_3112 Råde"	"1956"	3670	84	20	64	213	227	-14	50
"K_3112 Råde"	"1957"	3720	78	21	57	176	238	-62	-5
"K_3112 Råde"	"1958"	3715	88	35	53	241	245	-4	49
"K_3112 Råde"	"1959"	3764	85	21	64	206	207	-1	63
"K_3112 Råde"	"1960"	3827	63	37	26	183	231	-48	-23
"K_3112 Råde"	"1961"	3804	72	23	49	184	223	-39	10
"K_3112 Råde"	"1962"	3814	65	35	30	161	164	-3	27
"K_3112 Råde"	"1963"	3841	60	45	15	190	187	3	18
"K_3112 Råde"	"1964"	3859	74	46	28	229	165	64	92
"K_3112 Råde"	"1965"	3951	74	48	26	252	213	39	65
"K_3112 Råde"	"1966"	4016	84	42	42	249	189	60	114
"K_3112 Råde"	"1967"	4130	73	35	38	311	188	123	161
"K_3112 Råde"	"1968"	4291	85	43	42	256	170	86	100
"K_3112 Råde"	"1969"	4391	77	35	42	233	228	5	25
"K_3112 Råde"	"1970"	4416	66	49	17	268	242	26	47
"K_3112 Råde"	"1971"	4463	67	38	29	276	226	50	83
"K_3112 Råde"	"1972"	4546	72	49	23	300	241	59	81
"K_3112 Råde"	"1973"	4627	68	49	19	274	189	85	98
"K_3112 Råde"	"1974"	4725	75	37	38	365	202	163	199
"K_3112 Råde"	"1975"	4924	77	58	19	321	296	25	46
"K_3112 Råde"	"1976"	4970	57	57	0	291	214	77	76
"K_3112 Råde"	"1977"	5046	56	66	-10	397	176	221	211
"K_3112 Råde"	"1978"	5257	64	46	18	251	242	9	27
"K_3112 Råde"	"1979"	5284	63	45	18	242	188	54	71
"K_3112 Råde"	"1980"	5355	61	54	7	273	220	53	61
"K_3112 Råde"	"1981"	5416	60	48	12	283	186	97	108
"K_3112 Råde"	"1982"	5524	70	64	6	327	209	118	120
"K_3112 Råde"	"1983"	5644	55	47	8	358	234	124	135
"K_3112 Råde"	"1984"	5779	63	63	0	315	265	50	50
"K_3112 Råde"	"1985"	5829	70	72	-2	250	255	-5	-10
"K_3112 Råde"	"1986"	5819	61	77	-16	314	261	53	45
"K_3112 Råde"	"1987"	5864	69	61	8	299	243	56	60
"K_3112 Råde"	"1988"	5924	61	69	-8	298	282	16	6
"K_3112 Råde"	"1989"	5930	86	66	20	292	248	44	65
"K_3112 Råde"	"1990"	5995	76	55	21	292	308	-16	5
"K_3112 Råde"	"1991"	6000	68	62	6	275	330	-55	-40
"K_3112 Råde"	"1992"	5960	76	49	27	383	309	74	91
"K_3112 Råde"	"1993"	6051	87	61	26	299	331	-32	-7
"K_3112 Råde"	"1994"	6044	53	60	-7	355	376	-41	-51
"K_3112 Råde"	"1995"	5993	50	33	17	337	328	9	25
"K_3112 Råde"	"1996"	6018	56	45	11	304	288	16	27
"K_3112 Råde"	"1997"	6045	73	48	25	306	304	2	28
"K_3112 Råde"	"1998"	6073	55	41	14	322	295	27	44
"K_3112 Råde"	"1999"	6117	75	35	40	338	279	59	100
"K_3112 Råde"	"2000"	6217	72	53	19	376	337	39	58
"K_3112 Råde"	"2001"	6275	71	46	25	441	354	87	113
"K_3112 Råde"	"2002"	6388	49	56	-7	311	311	0	-8
"K_3112 Råde"	"2003"	6380	58	64	-6	354	343	11	0
"K_3112 Råde"	"2004"	6380	76	48	28	403	339	64	85
"K_3112 Råde"	"2005"	6465	67	49	18	404	341	63	79
"K_3112 Råde"	"2006"	6544	70	72	-2	443	337	106	110
"K_3112 Råde"	"2007"	6654	56	55	1	500	330	170	171
"K_3112 Råde"	"2008"	6825	59	65	-6	422	451	-29	-35
"K_3112 Råde"	"2009"	6790	68	63	5	449	359	90	92
"K_3112 Råde"	"2010"	6882	75	70	5	476	416	60	64
"K_3112 Råde"	"2011"	6946	56	53	3	442	404	38	41
"K_3112 Råde"	"2012"	6987	63	78	-15	451	370	81	66
"K_3112 Råde"	"2013"	7053	59	59	0	458	407	51	51
"K_3112 Råde"	"2014"	7104	64	67	-3	561	457	104	102
"K_3112 Råde"	"2015"	7206	81	51	30	600	477	123	151
"K_3112 Råde"	"2016"	7357	75	61	14	498	466	32	41
"K_3112 Råde"	"2017"	7398	71	68	3	498	434	64	67
"K_3112 Råde"	"2018"	7465	62	57	5	512	440	72	77
"K_3112 Råde"	"2019"	7542	61	70	-9	452	476	-24	-34
"K_3112 Råde"	"2020"	7508	64	64	0	520	461	59	60
"K_3112 Råde"	"2021"	7568	61	78	-17	539	459	80	65
"K_3112 Råde"	"2022"	7633	66	77	-11	2402	1700	702	684
"K_3112 Råde"	"2023"	8317	94	65	29	1571	2030	-459	-434
"K_3112 Råde"	"2024"	7883	..	..	..	..	..	..	..
"K_3114 Våler (Østfold)"	"1951"	2336	44	13	31	257	218	39	70
"K_3114 Våler (Østfold)"	"1952"	2406	49	23	26	209	238	-29	-3
"K_3114 Våler (Østfold)"	"1953"	2403	38	18	20	175	236	-61	-41
"K_3114 Våler (Østfold)"	"1954"	2362	33	22	11	174	203	-29	-18
"K_3114 Våler (Østfold)"	"1955"	2344	44	22	22	214	164	50	71
"K_3114 Våler (Østfold)"	"1956"	2415	35	25	10	164	212	-48	-38
"K_3114 Våler (Østfold)"	"1957"	2377	39	20	19	178	184	-6	13
"K_3114 Våler (Østfold)"	"1958"	2390	40	22	18	162	174	-12	6
"K_3114 Våler (Østfold)"	"1959"	2396	38	27	11	164	183	-19	-8
"K_3114 Våler (Østfold)"	"1960"	2388	33	18	15	220	210	10	-33
"K_3114 Våler (Østfold)"	"1961"	2355	48	24	24	157	188	-31	-7
"K_3114 Våler (Østfold)"	"1962"	2348	31	26	5	197	208	-11	-6
"K_3114 Våler (Østfold)"	"1963"	2342	36	25	11	175	193	-18	-7
"K_3114 Våler (Østfold)"	"1964"	2335	33	22	11	135	193	-58	-47
"K_3114 Våler (Østfold)"	"1965"	2288	42	32	10	151	181	-30	-20
"K_3114 Våler (Østfold)"	"1966"	2268	34	20	14	166	184	-18	-11
"K_3114 Våler (Østfold)"	"1967"	2257	31	27	4	137	189	-52	-48
"K_3114 Våler (Østfold)"	"1968"	2209	37	17	20	158	211	-53	-35
"K_3114 Våler (Østfold)"	"1969"	2174	38	33	5	181	162	19	22
"K_3114 Våler (Østfold)"	"1970"	2196	33	26	7	294	177	117	164
"K_3114 Våler (Østfold)"	"1971"	2360	46	27	19	197	171	26	2
"K_3114 Våler (Østfold)"	"1972"	2362	44	41	3	212	211	1	6
"K_3114 Våler (Østfold)"	"1973"	2368	39	29	10	197	157	40	49
"K_3114 Våler (Østfold)"	"1974"	2417	39	19	20	183	185	-2	23
"K_3114 Våler (Østfold)"	"1975"	2440	43	22	21	294	143	151	171
"K_3114 Våler (Østfold)"	"1976"	2611	43	37	6	274	163	111	117
"K_3114 Våler (Østfold)"	"1977"	2728	34	37	-3	349	124	225	226
"K_3114 Våler (Østfold)"	"1978"	2954	38	32	6	335	158	177	178
"K_3114 Våler (Østfold)"	"1979"	3132	40	31	9	241	163	78	95
"K_3114 Våler (Østfold)"	"1980"	3227	43	23	20	258	197	61	96
"K_3114 Våler (Østfold)"	"1981"	3323	36	19	17	274	230	44	61
"K_3114 Våler (Østfold)"	"1982"	3384	36	26	10	261	247	14	25
"K_3114 Våler (Østfold)"	"1983"	3409	47	20	27	234	178	56	83
"K_3114 Våler (Østfold)"	"1984"	3492	42	21	21	172	178	-6	15
"K_3114 Våler (Østfold)"	"1985"	3507	42	20	22	281	221	60	87
"K_3114 Våler (Østfold)"	"1986"	3594	51	20	31	313	198	115	148
"K_3114 Våler (Østfold)"	"1987"	3742	52	35	17	304	216	88	105
"K_3114 Våler (Østfold)"	"1988"	3847	38	30	8	244	223	21	36
"K_3114 Våler (Østfold)"	"1989"	3883	49	27	22	382	224	158	187
"K_3114 Våler (Østfold)"	"1990"	4070	58	16	42	272	291	-19	22
"K_3114 Våler (Østfold)"	"1991"	4092	47	24	23	339	358	-19	9
"K_3114 Våler (Østfold)"	"1992"	4101	59	26	33	335	332	3	47
"K_3114 Våler (Østfold)"	"1993"	4148	49	29	20	468	332	136	150
"K_3114 Våler (Østfold)"	"1994"	4298	48	26	22	313	617	-304	-283
"K_3114 Våler (Østfold)"	"1995"	4015	46	45	1	243	376	-133	-131
"K_3114 Våler (Østfold)"	"1996"	3884	44	27	17	253	256	-3	16
"K_3114 Våler (Østfold)"	"1997"	3900	49	32	17	226	245	-19	-2
"K_3114 Våler (Østfold)"	"1998"	3898	40	20	20	258	245	13	35
"K_3114 Våler (Østfold)"	"1999"	3933	38	46	-8	391	258	133	126
"K_3114 Våler (Østfold)"	"2000"	4059	52	32	20	327	293	34	54
"K_3114 Våler (Østfold)"	"2001"	4113	46	37	9	345	340	5	13
"K_3114 Våler (Østfold)"	"2002"	4126	42	37	5	262	391	-129	-124
"K_3114 Våler (Østfold)"	"2003"	4002	42	29	13	296	306	-10	1
"K_3114 Våler (Østfold)"	"2004"	4003	44	25	19	287	289	-2	17
"K_3114 Våler (Østfold)"	"2005"	4020	42	30	12	389	351	38	51
"K_3114 Våler (Østfold)"	"2006"	4071	54	36	18	345	280	65	81
"K_3114 Våler (Østfold)"	"2007"	4152	46	25	21	363	265	98	116
"K_3114 Våler (Østfold)"	"2008"	4268	44	26	18	401	248	153	169
"K_3114 Våler (Østfold)"	"2009"	4437	59	30	29	334	332	2	35
"K_3114 Våler (Østfold)"	"2010"	4472	48	25	23	394	317	77	101
"K_3114 Våler (Østfold)"	"2011"	4573	59	39	20	483	372	111	132
"K_3114 Våler (Østfold)"	"2012"	4705	61	30	31	492	371	121	152
"K_3114 Våler (Østfold)"	"2013"	4857	54	34	20	483	379	104	121
"K_3114 Våler (Østfold)"	"2014"	4978	62	26	36	476	392	84	122
"K_3114 Våler (Østfold)"	"2015"	5100	62	45	17	437	368	69	86
"K_3114 Våler (Østfold)"	"2016"	5186	56	34	22	489	361	128	149
"K_3114 Våler (Østfold)"	"2017"	5335	73	31	42	528	436	92	136
"K_3114 Våler (Østfold)"	"2018"	5471	72	23	49	471	400	71	122
"K_3114 Våler (Østfold)"	"2019"	5593	59	37	22	517	401	116	143
"K_3114 Våler (Østfold)"	"2020"	5736	67	41	26	514	471	43	69
"K_3114 Våler (Østfold)"	"2021"	5805	71	39	32	527	454	73	108
"K_3114 Våler (Østfold)"	"2022"	5913	60	39	21	579	489	90	110
"K_3114 Våler (Østfold)"	"2023"	6023	60	28	32	547	461	86	122
"K_3114 Våler (Østfold)"	"2024"	6145	..	..	..	..	..	..	..
"K_3116 Skiptvet"	"1951"	2627	49	20	29	104	128	-24	5
"K_3116 Skiptvet"	"1952"	2632	67	25	42	120	118	2	44
"K_3116 Skiptvet"	"1953"	2676	50	15	35	139	153	-14	21
"K_3116 Skiptvet"	"1954"	2697	55	16	39	104	155	-51	-12
"K_3116 Skiptvet"	"1955"	2685	58	21	37	101	163	-62	18
"K_3116 Skiptvet"	"1956"	2703	56	37	19	131	184	-53	-34
"K_3116 Skiptvet"	"1957"	2669	57	16	41	118	153	-35	6
"K_3116 Skiptvet"	"1958"	2675	39	25	14	71	136	-65	-51
"K_3116 Skiptvet"	"1959"	2624	42	28	14	112	157	-45	-31
"K_3116 Skiptvet"	"1960"	2593	45	24	21	121	151	-30	-48
"K_3116 Skiptvet"	"1961"	2545	46	26	20	101	165	-64	-44
"K_3116 Skiptvet"	"1962"	2501	35	35	0	81	159	-78	-78
"K_3116 Skiptvet"	"1963"	2423	40	28	12	89	101	-12	0
"K_3116 Skiptvet"	"1964"	2423	41	21	20	121	141	-20	0
"K_3116 Skiptvet"	"1965"	2423	31	17	14	133	147	-14	0
"K_3116 Skiptvet"	"1966"	2423	39	28	11	116	115	1	27
"K_3116 Skiptvet"	"1967"	2450	49	30	19	113	120	-7	12
"K_3116 Skiptvet"	"1968"	2462	34	27	7	120	150	-30	-23
"K_3116 Skiptvet"	"1969"	2439	43	27	16	166	178	-12	4
"K_3116 Skiptvet"	"1970"	2443	41	29	12	147	185	-38	-30
"K_3116 Skiptvet"	"1971"	2413	38	28	10	167	140	27	45
"K_3116 Skiptvet"	"1972"	2458	39	28	11	137	137	0	12
"K_3116 Skiptvet"	"1973"	2470	40	23	17	176	149	27	43
"K_3116 Skiptvet"	"1974"	2513	34	43	-9	174	171	3	-6
"K_3116 Skiptvet"	"1975"	2507	32	15	17	154	121	33	49
"K_3116 Skiptvet"	"1976"	2556	31	24	7	240	131	109	117
"K_3116 Skiptvet"	"1977"	2673	27	36	-9	180	106	74	65
"K_3116 Skiptvet"	"1978"	2738	31	35	-4	188	116	72	68
"K_3116 Skiptvet"	"1979"	2806	31	34	-3	214	159	55	53
"K_3116 Skiptvet"	"1980"	2859	41	26	15	306	155	151	166
"K_3116 Skiptvet"	"1981"	3025	47	27	20	263	173	90	110
"K_3116 Skiptvet"	"1982"	3135	47	31	16	174	167	7	28
"K_3116 Skiptvet"	"1983"	3163	40	25	15	244	266	-22	-8
"K_3116 Skiptvet"	"1984"	3155	40	41	-1	143	178	-35	-36
"K_3116 Skiptvet"	"1985"	3119	48	23	25	147	167	-20	5
"K_3116 Skiptvet"	"1986"	3124	29	31	-2	210	192	18	16
"K_3116 Skiptvet"	"1987"	3140	42	35	7	234	217	17	20
"K_3116 Skiptvet"	"1988"	3160	48	38	10	229	235	-6	8
"K_3116 Skiptvet"	"1989"	3168	34	28	6	184	198	-14	-12
"K_3116 Skiptvet"	"1990"	3156	42	33	9	173	210	-37	-28
"K_3116 Skiptvet"	"1991"	3128	43	28	15	158	206	-48	-31
"K_3116 Skiptvet"	"1992"	3097	45	38	7	189	163	26	30
"K_3116 Skiptvet"	"1993"	3127	38	32	6	135	198	-63	-58
"K_3116 Skiptvet"	"1994"	3069	43	21	22	196	140	56	80
"K_3116 Skiptvet"	"1995"	3149	35	27	8	180	187	-7	1
"K_3116 Skiptvet"	"1996"	3150	32	33	-1	147	175	-28	-30
"K_3116 Skiptvet"	"1997"	3120	42	25	17	175	187	-12	5
"K_3116 Skiptvet"	"1998"	3125	44	36	8	150	143	7	16
"K_3116 Skiptvet"	"1999"	3141	43	37	6	140	147	-7	-1
"K_3116 Skiptvet"	"2000"	3140	45	37	8	241	176	65	73
"K_3116 Skiptvet"	"2001"	3213	39	29	10	223	188	35	45
"K_3116 Skiptvet"	"2002"	3258	47	24	23	237	195	42	69
"K_3116 Skiptvet"	"2003"	3327	38	27	11	217	218	-1	9
"K_3116 Skiptvet"	"2004"	3336	33	34	-1	253	227	26	19
"K_3116 Skiptvet"	"2005"	3355	37	36	1	269	224	45	45
"K_3116 Skiptvet"	"2006"	3400	43	27	16	213	215	-2	13
"K_3116 Skiptvet"	"2007"	3413	53	20	33	283	204	79	112
"K_3116 Skiptvet"	"2008"	3525	35	40	-5	223	251	-28	-33
"K_3116 Skiptvet"	"2009"	3492	37	35	2	239	192	47	49
"K_3116 Skiptvet"	"2010"	3541	46	28	18	272	257	15	35
"K_3116 Skiptvet"	"2011"	3576	35	33	2	278	225	53	55
"K_3116 Skiptvet"	"2012"	3631	33	37	-4	289	248	41	37
"K_3116 Skiptvet"	"2013"	3668	47	35	12	280	233	47	59
"K_3116 Skiptvet"	"2014"	3727	45	38	7	227	230	-3	4
"K_3116 Skiptvet"	"2015"	3731	36	33	3	240	230	10	11
"K_3116 Skiptvet"	"2016"	3742	35	22	13	252	228	24	41
"K_3116 Skiptvet"	"2017"	3783	31	34	-3	281	228	53	48
"K_3116 Skiptvet"	"2018"	3831	33	33	0	224	259	-35	-34
"K_3116 Skiptvet"	"2019"	3797	30	20	10	231	233	-2	8
"K_3116 Skiptvet"	"2020"	3805	28	29	-1	227	206	21	20
"K_3116 Skiptvet"	"2021"	3825	26	26	0	253	234	19	21
"K_3116 Skiptvet"	"2022"	3846	36	32	4	256	218	38	40
"K_3116 Skiptvet"	"2023"	3886	27	46	-19	290	239	51	33
"K_3116 Skiptvet"	"2024"	3919	..	..	..	..	..	..	..
"K_3118 Indre Østfold"	"1951"	27120	480	217	263	1814	1845	-31	232
"K_3118 Indre Østfold"	"1952"	27352	542	212	330	1621	1857	-236	94
"K_3118 Indre Østfold"	"1953"	27446	474	187	287	1553	1751	-198	89
"K_3118 Indre Østfold"	"1954"	27535	456	238	218	1541	1816	-275	-57
"K_3118 Indre Østfold"	"1955"	27478	481	214	267	1578	1697	-119	-63
"K_3118 Indre Østfold"	"1956"	27415	484	258	226	1606	1764	-158	68
"K_3118 Indre Østfold"	"1957"	27483	449	204	245	1586	1741	-155	90
"K_3118 Indre Østfold"	"1958"	27573	430	213	217	1570	1579	-9	208
"K_3118 Indre Østfold"	"1959"	27781	481	270	211	1280	1536	-256	-45
"K_3118 Indre Østfold"	"1960"	27736	425	259	166	1567	1622	-55	130
"K_3118 Indre Østfold"	"1961"	27866	422	248	174	1349	1416	-67	107
"K_3118 Indre Østfold"	"1962"	27973	423	266	157	1219	1311	-92	65
"K_3118 Indre Østfold"	"1963"	28038	426	283	143	1322	1417	-95	48
"K_3118 Indre Østfold"	"1964"	28086	424	234	190	1220	1375	-155	35
"K_3118 Indre Østfold"	"1965"	28121	485	289	196	1430	1414	16	212
"K_3118 Indre Østfold"	"1966"	28333	439	284	155	1395	1429	-34	130
"K_3118 Indre Østfold"	"1967"	28463	491	261	230	1518	1401	117	347
"K_3118 Indre Østfold"	"1968"	28810	436	290	146	1630	1471	159	316
"K_3118 Indre Østfold"	"1969"	29126	451	274	177	1508	1593	-85	85
"K_3118 Indre Østfold"	"1970"	29211	462	307	155	2215	1795	420	573
"K_3118 Indre Østfold"	"1971"	29784	495	322	173	1840	1534	306	492
"K_3118 Indre Østfold"	"1972"	30276	527	324	203	1829	1729	100	312
"K_3118 Indre Østfold"	"1973"	30588	409	313	96	1779	1670	109	198
"K_3118 Indre Østfold"	"1974"	30786	443	302	141	2167	1892	275	410
"K_3118 Indre Østfold"	"1975"	31196	418	343	75	1833	1813	20	78
"K_3118 Indre Østfold"	"1976"	31274	401	323	78	1719	1632	87	164
"K_3118 Indre Østfold"	"1977"	31438	400	304	96	2099	1540	559	651
"K_3118 Indre Østfold"	"1978"	32089	369	316	53	2069	1427	642	695
"K_3118 Indre Østfold"	"1979"	32784	425	399	26	1838	1540	298	317
"K_3118 Indre Østfold"	"1980"	33101	432	361	71	1976	1742	234	304
"K_3118 Indre Østfold"	"1981"	33405	430	350	80	2008	1828	180	260
"K_3118 Indre Østfold"	"1982"	33665	423	336	87	1889	1663	226	312
"K_3118 Indre Østfold"	"1983"	33977	376	338	38	1847	1611	236	262
"K_3118 Indre Østfold"	"1984"	34239	397	348	49	1744	1653	91	145
"K_3118 Indre Østfold"	"1985"	34384	406	361	45	1768	1704	64	116
"K_3118 Indre Østfold"	"1986"	34500	385	342	43	1954	1811	143	181
"K_3118 Indre Østfold"	"1987"	34681	371	386	-15	1938	1735	203	199
"K_3118 Indre Østfold"	"1988"	34880	454	438	16	2016	1806	210	223
"K_3118 Indre Østfold"	"1989"	35103	445	375	70	2010	1953	57	109
"K_3118 Indre Østfold"	"1990"	35212	440	416	24	1912	1881	31	54
"K_3118 Indre Østfold"	"1991"	35266	441	358	83	1514	1724	-210	-124
"K_3118 Indre Østfold"	"1992"	35142	430	419	11	1575	1723	-148	-140
"K_3118 Indre Østfold"	"1993"	35002	414	432	-18	1699	1658	41	28
"K_3118 Indre Østfold"	"1994"	35030	355	358	-3	1802	1673	129	120
"K_3118 Indre Østfold"	"1995"	35150	442	389	53	1967	1854	113	162
"K_3118 Indre Østfold"	"1996"	35312	416	397	19	1906	1771	135	143
"K_3118 Indre Østfold"	"1997"	35455	398	380	18	2410	1913	497	514
"K_3118 Indre Østfold"	"1998"	35969	418	385	33	2407	1973	434	462
"K_3118 Indre Østfold"	"1999"	36431	425	385	40	2661	2187	474	513
"K_3118 Indre Østfold"	"2000"	36944	437	358	79	2677	2262	415	492
"K_3118 Indre Østfold"	"2001"	37436	419	378	41	2698	2495	203	233
"K_3118 Indre Østfold"	"2002"	37669	420	387	33	2632	2373	259	307
"K_3118 Indre Østfold"	"2003"	37976	414	357	57	2582	2351	231	294
"K_3118 Indre Østfold"	"2004"	38270	429	366	63	2657	2380	277	339
"K_3118 Indre Østfold"	"2005"	38609	401	350	51	2679	2441	238	275
"K_3118 Indre Østfold"	"2006"	38884	472	354	118	2611	2418	193	322
"K_3118 Indre Østfold"	"2007"	39206	413	358	55	2836	2391	445	509
"K_3118 Indre Østfold"	"2008"	39715	444	358	86	2832	2382	450	545
"K_3118 Indre Østfold"	"2009"	40260	481	394	87	2712	2374	338	426
"K_3118 Indre Østfold"	"2010"	40686	419	387	32	2909	2503	406	422
"K_3118 Indre Østfold"	"2011"	41108	449	322	127	3027	2629	398	515
"K_3118 Indre Østfold"	"2012"	41623	461	389	72	3089	2552	537	614
"K_3118 Indre Østfold"	"2013"	42237	430	382	48	3296	2656	640	689
"K_3118 Indre Østfold"	"2014"	42926	456	397	59	3151	2896	255	321
"K_3118 Indre Østfold"	"2015"	43247	396	378	18	3183	2981	202	225
"K_3118 Indre Østfold"	"2016"	43472	423	346	77	3328	3068	260	343
"K_3118 Indre Østfold"	"2017"	43815	410	340	70	3179	3034	145	221
"K_3118 Indre Østfold"	"2018"	44035	399	379	20	3245	2981	264	285
"K_3118 Indre Østfold"	"2019"	44320	455	360	95	3350	2966	384	472
"K_3118 Indre Østfold"	"2020"	44792	390	365	25	2563	2180	383	409
"K_3118 Indre Østfold"	"2021"	45201	431	419	12	2741	2346	395	407
"K_3118 Indre Østfold"	"2022"	45608	386	436	-50	3168	2341	827	774
"K_3118 Indre Østfold"	"2023"	46382	401	410	-9	3114	2488	626	624
"K_3118 Indre Østfold"	"2024"	47006	..	..	..	..	..	..	..
"K_3120 Rakkestad"	"1951"	7520	151	43	108	538	617	-79	29
"K_3120 Rakkestad"	"1952"	7549	141	48	93	450	547	-97	-4
"K_3120 Rakkestad"	"1953"	7545	134	68	66	455	598	-143	-77
"K_3120 Rakkestad"	"1954"	7468	135	53	82	402	532	-130	-48
"K_3120 Rakkestad"	"1955"	7420	122	48	74	315	525	-210	-155
"K_3120 Rakkestad"	"1956"	7265	113	53	60	379	447	-68	-8
"K_3120 Rakkestad"	"1957"	7257	155	53	102	375	521	-146	-44
"K_3120 Rakkestad"	"1958"	7213	118	81	37	298	411	-113	-76
"K_3120 Rakkestad"	"1959"	7137	113	57	56	276	382	-106	-50
"K_3120 Rakkestad"	"1960"	7087	105	75	30	302	411	-109	-72
"K_3120 Rakkestad"	"1961"	7015	108	62	46	290	370	-80	-34
"K_3120 Rakkestad"	"1962"	6981	113	77	36	307	374	-67	-31
"K_3120 Rakkestad"	"1963"	6950	116	59	57	306	354	-48	9
"K_3120 Rakkestad"	"1964"	6959	107	67	40	230	335	-105	-65
"K_3120 Rakkestad"	"1965"	6894	97	75	22	199	332	-133	-111
"K_3120 Rakkestad"	"1966"	6783	113	58	55	233	293	-60	4
"K_3120 Rakkestad"	"1967"	6787	89	75	14	224	236	-12	2
"K_3120 Rakkestad"	"1968"	6789	95	80	15	227	329	-102	-90
"K_3120 Rakkestad"	"1969"	6699	91	94	-3	258	294	-36	-44
"K_3120 Rakkestad"	"1970"	6655	88	76	12	280	333	-53	-36
"K_3120 Rakkestad"	"1971"	6619	88	77	11	312	248	64	70
"K_3120 Rakkestad"	"1972"	6689	104	89	15	327	265	62	74
"K_3120 Rakkestad"	"1973"	6763	79	107	-28	319	244	75	43
"K_3120 Rakkestad"	"1974"	6806	111	79	32	313	299	14	46
"K_3120 Rakkestad"	"1975"	6852	94	94	0	263	283	-20	-18
"K_3120 Rakkestad"	"1976"	6834	93	74	19	270	206	64	84
"K_3120 Rakkestad"	"1977"	6918	98	84	14	291	229	62	75
"K_3120 Rakkestad"	"1978"	6993	78	77	1	225	190	35	36
"K_3120 Rakkestad"	"1979"	7029	104	84	20	309	260	49	68
"K_3120 Rakkestad"	"1980"	7097	83	80	3	281	225	56	58
"K_3120 Rakkestad"	"1981"	7155	88	90	-2	261	247	14	13
"K_3120 Rakkestad"	"1982"	7168	96	95	1	221	210	11	6
"K_3120 Rakkestad"	"1983"	7174	93	83	10	235	195	40	55
"K_3120 Rakkestad"	"1984"	7229	74	85	-11	235	230	5	-14
"K_3120 Rakkestad"	"1985"	7215	84	81	3	188	245	-57	-56
"K_3120 Rakkestad"	"1986"	7159	85	85	0	207	232	-25	-20
"K_3120 Rakkestad"	"1987"	7139	65	100	-35	249	231	18	-14
"K_3120 Rakkestad"	"1988"	7125	69	70	-1	373	259	114	113
"K_3120 Rakkestad"	"1989"	7238	82	93	-11	295	342	-47	-56
"K_3120 Rakkestad"	"1990"	7182	74	97	-23	271	270	1	-21
"K_3120 Rakkestad"	"1991"	7161	78	79	-1	240	279	-39	-35
"K_3120 Rakkestad"	"1992"	7126	77	89	-12	254	247	7	1
"K_3120 Rakkestad"	"1993"	7127	76	99	-23	263	289	-26	-49
"K_3120 Rakkestad"	"1994"	7078	75	86	-11	254	274	-20	-30
"K_3120 Rakkestad"	"1995"	7048	59	99	-40	265	254	11	-28
"K_3120 Rakkestad"	"1996"	7020	91	79	12	247	248	-1	14
"K_3120 Rakkestad"	"1997"	7034	64	92	-28	331	289	42	15
"K_3120 Rakkestad"	"1998"	7049	73	91	-18	329	279	50	31
"K_3120 Rakkestad"	"1999"	7080	83	64	19	262	285	-23	-4
"K_3120 Rakkestad"	"2000"	7076	84	89	-5	388	300	88	82
"K_3120 Rakkestad"	"2001"	7158	77	97	-20	330	309	21	1
"K_3120 Rakkestad"	"2002"	7159	65	88	-23	346	266	80	58
"K_3120 Rakkestad"	"2003"	7217	94	99	-5	356	336	20	15
"K_3120 Rakkestad"	"2004"	7232	87	79	8	315	273	42	52
"K_3120 Rakkestad"	"2005"	7284	82	78	4	414	339	75	82
"K_3120 Rakkestad"	"2006"	7366	78	74	4	373	316	57	62
"K_3120 Rakkestad"	"2007"	7428	60	92	-32	436	315	121	87
"K_3120 Rakkestad"	"2008"	7515	86	94	-8	365	375	-10	-19
"K_3120 Rakkestad"	"2009"	7496	66	75	-9	370	339	31	21
"K_3120 Rakkestad"	"2010"	7517	90	67	23	396	336	60	84
"K_3120 Rakkestad"	"2011"	7601	90	81	9	476	384	92	97
"K_3120 Rakkestad"	"2012"	7698	79	68	11	519	369	150	162
"K_3120 Rakkestad"	"2013"	7860	87	73	14	490	390	100	114
"K_3120 Rakkestad"	"2014"	7974	94	79	15	472	440	32	46
"K_3120 Rakkestad"	"2015"	8020	77	80	-3	510	443	67	64
"K_3120 Rakkestad"	"2016"	8084	84	76	8	487	406	81	89
"K_3120 Rakkestad"	"2017"	8173	76	73	3	468	441	27	29
"K_3120 Rakkestad"	"2018"	8202	63	83	-20	446	398	48	28
"K_3120 Rakkestad"	"2019"	8230	72	73	-1	442	419	23	25
"K_3120 Rakkestad"	"2020"	8255	62	85	-23	410	424	-14	-33
"K_3120 Rakkestad"	"2021"	8222	77	90	-13	538	436	102	90
"K_3120 Rakkestad"	"2022"	8312	70	83	-13	484	415	69	59
"K_3120 Rakkestad"	"2023"	8371	72	60	12	463	427	36	49
"K_3120 Rakkestad"	"2024"	8420	..	..	..	..	..	..	..
"K_3122 Marker"	"1951"	3510	63	34	29	186	197	-11	18
"K_3122 Marker"	"1952"	3528	71	30	41	175	164	11	52
"K_3122 Marker"	"1953"	3580	59	40	19	91	160	-69	-50
"K_3122 Marker"	"1954"	3530	56	43	13	162	167	-5	8
"K_3122 Marker"	"1955"	3538	54	27	27	129	174	-45	-4
"K_3122 Marker"	"1956"	3534	55	37	18	148	150	-2	16
"K_3122 Marker"	"1957"	3550	35	35	0	122	120	2	2
"K_3122 Marker"	"1958"	3552	48	34	14	153	138	15	29
"K_3122 Marker"	"1959"	3581	60	36	24	144	180	-36	-12
"K_3122 Marker"	"1960"	3569	53	31	22	194	249	-55	-43
"K_3122 Marker"	"1961"	3526	49	34	15	125	252	-127	-112
"K_3122 Marker"	"1962"	3414	39	41	-2	143	161	-18	-20
"K_3122 Marker"	"1963"	3394	51	61	-10	140	119	21	11
"K_3122 Marker"	"1964"	3405	48	38	10	114	124	-10	0
"K_3122 Marker"	"1965"	3405	48	36	12	94	138	-44	-32
"K_3122 Marker"	"1966"	3373	50	45	5	101	118	-17	26
"K_3122 Marker"	"1967"	3399	41	33	8	107	131	-24	-16
"K_3122 Marker"	"1968"	3383	44	45	-1	79	105	-26	-72
"K_3122 Marker"	"1969"	3311	49	47	2	135	118	17	8
"K_3122 Marker"	"1970"	3319	49	49	0	161	173	-12	-10
"K_3122 Marker"	"1971"	3309	37	52	-15	122	98	24	8
"K_3122 Marker"	"1972"	3317	55	38	17	159	115	44	65
"K_3122 Marker"	"1973"	3382	49	43	6	122	103	19	24
"K_3122 Marker"	"1974"	3406	49	50	-1	123	79	44	40
"K_3122 Marker"	"1975"	3446	40	44	-4	115	111	4	-1
"K_3122 Marker"	"1976"	3445	33	37	-4	96	80	16	11
"K_3122 Marker"	"1977"	3456	25	38	-13	107	98	9	-3
"K_3122 Marker"	"1978"	3453	35	36	-1	100	90	10	9
"K_3122 Marker"	"1979"	3462	41	48	-7	95	89	6	-1
"K_3122 Marker"	"1980"	3461	28	50	-22	114	76	38	16
"K_3122 Marker"	"1981"	3477	34	41	-7	107	122	-15	-22
"K_3122 Marker"	"1982"	3455	35	48	-13	131	91	40	30
"K_3122 Marker"	"1983"	3485	35	40	-5	111	92	19	10
"K_3122 Marker"	"1984"	3495	28	50	-22	110	111	-1	-24
"K_3122 Marker"	"1985"	3471	25	62	-37	90	94	-4	-41
"K_3122 Marker"	"1986"	3430	38	52	-14	128	108	20	5
"K_3122 Marker"	"1987"	3435	32	39	-7	180	134	46	39
"K_3122 Marker"	"1988"	3474	34	48	-14	137	170	-33	-49
"K_3122 Marker"	"1989"	3425	45	37	8	134	144	-10	-1
"K_3122 Marker"	"1990"	3424	38	48	-10	123	103	20	11
"K_3122 Marker"	"1991"	3435	45	39	6	105	119	-14	-8
"K_3122 Marker"	"1992"	3427	31	52	-21	105	122	-17	-37
"K_3122 Marker"	"1993"	3390	46	42	4	65	116	-51	-48
"K_3122 Marker"	"1994"	3342	21	46	-25	99	74	25	2
"K_3122 Marker"	"1995"	3344	39	42	-3	89	128	-39	-43
"K_3122 Marker"	"1996"	3301	33	45	-12	82	125	-43	-57
"K_3122 Marker"	"1997"	3244	26	41	-15	155	104	51	35
"K_3122 Marker"	"1998"	3279	39	51	-12	136	112	24	11
"K_3122 Marker"	"1999"	3290	33	40	-7	152	135	17	10
"K_3122 Marker"	"2000"	3300	32	42	-10	173	106	67	56
"K_3122 Marker"	"2001"	3356	27	38	-11	137	164	-27	-37
"K_3122 Marker"	"2002"	3319	48	50	-2	215	124	91	89
"K_3122 Marker"	"2003"	3408	35	51	-16	148	130	18	1
"K_3122 Marker"	"2004"	3409	39	51	-12	164	124	40	30
"K_3122 Marker"	"2005"	3439	27	32	-5	184	115	69	66
"K_3122 Marker"	"2006"	3505	22	40	-18	186	155	31	12
"K_3122 Marker"	"2007"	3517	19	36	-17	145	181	-36	-54
"K_3122 Marker"	"2008"	3463	32	45	-13	160	157	3	-8
"K_3122 Marker"	"2009"	3455	29	49	-20	191	156	35	16
"K_3122 Marker"	"2010"	3471	40	36	4	173	172	1	5
"K_3122 Marker"	"2011"	3476	27	44	-17	204	143	61	42
"K_3122 Marker"	"2012"	3518	34	39	-5	213	137	76	69
"K_3122 Marker"	"2013"	3587	19	40	-21	187	158	29	9
"K_3122 Marker"	"2014"	3596	36	33	3	175	161	14	17
"K_3122 Marker"	"2015"	3613	34	30	4	179	185	-6	-3
"K_3122 Marker"	"2016"	3610	30	41	-11	189	192	-3	-13
"K_3122 Marker"	"2017"	3597	24	38	-14	178	194	-16	-30
"K_3122 Marker"	"2018"	3567	21	36	-15	218	179	39	25
"K_3122 Marker"	"2019"	3592	33	30	3	175	174	1	3
"K_3122 Marker"	"2020"	3595	29	46	-17	201	178	23	6
"K_3122 Marker"	"2021"	3601	25	61	-36	189	176	13	-23
"K_3122 Marker"	"2022"	3578	26	45	-19	225	146	79	61
"K_3122 Marker"	"2023"	3639	32	39	-7	167	141	26	19
"K_3122 Marker"	"2024"	3658	..	..	..	..	..	..	..
"K_3124 Aremark"	"1951"	1721	28	14	14	83	145	-62	-48
"K_3124 Aremark"	"1952"	1673	27	16	11	56	103	-47	-36
"K_3124 Aremark"	"1953"	1637	21	17	4	74	92	-18	-14
"K_3124 Aremark"	"1954"	1623	17	15	2	86	105	-19	-17
"K_3124 Aremark"	"1955"	1606	27	14	13	124	120	4	52
"K_3124 Aremark"	"1956"	1658	26	23	3	61	107	-46	-43
"K_3124 Aremark"	"1957"	1615	16	13	3	56	117	-61	-58
"K_3124 Aremark"	"1958"	1557	20	16	4	50	78	-28	-24
"K_3124 Aremark"	"1959"	1533	18	21	-3	50	95	-45	-48
"K_3124 Aremark"	"1960"	1485	16	13	3	77	77	0	-3
"K_3124 Aremark"	"1961"	1482	17	9	8	61	80	-19	-11
"K_3124 Aremark"	"1962"	1471	21	15	6	45	93	-48	-42
"K_3124 Aremark"	"1963"	1429	14	23	-9	44	83	-39	-48
"K_3124 Aremark"	"1964"	1381	20	18	2	64	69	-5	-3
"K_3124 Aremark"	"1965"	1378	17	16	1	48	55	-7	-6
"K_3124 Aremark"	"1966"	1372	20	17	3	48	44	4	-9
"K_3124 Aremark"	"1967"	1363	20	14	6	57	73	-16	-10
"K_3124 Aremark"	"1968"	1353	16	29	-13	44	44	0	-10
"K_3124 Aremark"	"1969"	1343	15	19	-4	55	58	-3	-4
"K_3124 Aremark"	"1970"	1339	23	18	5	82	63	19	23
"K_3124 Aremark"	"1971"	1362	20	17	3	63	50	13	15
"K_3124 Aremark"	"1972"	1377	18	21	-3	60	60	0	-3
"K_3124 Aremark"	"1973"	1374	13	16	-3	53	64	-11	-14
"K_3124 Aremark"	"1974"	1360	16	18	-2	64	65	-1	-3
"K_3124 Aremark"	"1975"	1357	7	16	-9	71	55	16	7
"K_3124 Aremark"	"1976"	1364	8	19	-11	52	58	-6	-19
"K_3124 Aremark"	"1977"	1345	23	21	2	76	46	30	31
"K_3124 Aremark"	"1978"	1376	16	19	-3	45	53	-8	-11
"K_3124 Aremark"	"1979"	1365	16	11	5	64	44	20	21
"K_3124 Aremark"	"1980"	1386	16	16	0	92	47	45	45
"K_3124 Aremark"	"1981"	1431	20	16	4	81	40	41	45
"K_3124 Aremark"	"1982"	1476	19	18	1	55	54	1	2
"K_3124 Aremark"	"1983"	1478	25	16	9	82	46	36	45
"K_3124 Aremark"	"1984"	1523	13	18	-5	51	50	1	-4
"K_3124 Aremark"	"1985"	1519	13	21	-8	50	52	-2	-13
"K_3124 Aremark"	"1986"	1506	15	16	-1	60	57	3	3
"K_3124 Aremark"	"1987"	1509	18	17	1	61	80	-19	-18
"K_3124 Aremark"	"1988"	1491	18	31	-13	69	53	16	2
"K_3124 Aremark"	"1989"	1493	19	14	5	66	71	-5	0
"K_3124 Aremark"	"1990"	1493	20	19	1	64	73	-9	-5
"K_3124 Aremark"	"1991"	1488	17	22	-5	63	57	6	1
"K_3124 Aremark"	"1992"	1489	17	24	-7	57	71	-14	-15
"K_3124 Aremark"	"1993"	1474	23	20	3	40	62	-22	-18
"K_3124 Aremark"	"1994"	1456	23	11	12	40	42	-2	10
"K_3124 Aremark"	"1995"	1466	18	12	6	47	49	-2	4
"K_3124 Aremark"	"1996"	1470	15	14	1	47	53	-6	-5
"K_3124 Aremark"	"1997"	1465	9	18	-9	77	72	5	-4
"K_3124 Aremark"	"1998"	1461	11	15	-4	68	67	1	-3
"K_3124 Aremark"	"1999"	1458	21	17	4	53	64	-11	-7
"K_3124 Aremark"	"2000"	1451	15	23	-8	72	96	-24	-32
"K_3124 Aremark"	"2001"	1419	19	23	-4	77	52	25	22
"K_3124 Aremark"	"2002"	1441	19	20	-1	79	61	18	17
"K_3124 Aremark"	"2003"	1458	14	20	-6	64	81	-17	-21
"K_3124 Aremark"	"2004"	1437	16	19	-3	65	74	-9	-12
"K_3124 Aremark"	"2005"	1425	18	15	3	105	78	27	31
"K_3124 Aremark"	"2006"	1456	15	23	-8	71	103	-32	-39
"K_3124 Aremark"	"2007"	1417	11	13	-2	80	71	9	12
"K_3124 Aremark"	"2008"	1429	16	16	0	89	98	-9	-9
"K_3124 Aremark"	"2009"	1420	11	15	-4	95	88	7	4
"K_3124 Aremark"	"2010"	1424	19	24	-5	76	78	-2	-10
"K_3124 Aremark"	"2011"	1414	12	8	4	73	68	5	9
"K_3124 Aremark"	"2012"	1423	9	17	-8	73	66	7	2
"K_3124 Aremark"	"2013"	1425	13	11	2	63	82	-19	-17
"K_3124 Aremark"	"2014"	1408	15	24	-9	63	56	7	-2
"K_3124 Aremark"	"2015"	1406	12	16	-4	92	90	2	-2
"K_3124 Aremark"	"2016"	1404	10	9	1	73	80	-7	-6
"K_3124 Aremark"	"2017"	1398	8	15	-7	77	71	6	1
"K_3124 Aremark"	"2018"	1399	9	20	-11	69	100	-31	-42
"K_3124 Aremark"	"2019"	1357	8	17	-9	45	68	-23	-32
"K_3124 Aremark"	"2020"	1325	5	13	-8	73	63	10	0
"K_3124 Aremark"	"2021"	1325	15	15	0	74	84	-10	-10
"K_3124 Aremark"	"2022"	1315	9	14	-5	96	80	16	14
"K_3124 Aremark"	"2023"	1329	12	17	-5	77	54	23	18
"K_3124 Aremark"	"2024"	1347	..	..	..	..	..	..	..
"K_3201 Bærum"	"1951"	35838	603	250	353	3474	2529	945	1298
"K_3201 Bærum"	"1952"	37136	658	251	407	3121	2473	648	1055
"K_3201 Bærum"	"1953"	38191	717	252	465	4377	2592	1785	2250
"K_3201 Bærum"	"1954"	40441	806	279	527	4743	2682	2061	2588
"K_3201 Bærum"	"1955"	43029	878	260	618	5094	3107	1987	2437
"K_3201 Bærum"	"1956"	45466	955	333	622	5179	3095	2084	2706
"K_3201 Bærum"	"1957"	48172	1076	324	752	5501	3649	1852	2604
"K_3201 Bærum"	"1958"	50776	1150	321	829	5245	3450	1795	2624
"K_3201 Bærum"	"1959"	53400	1095	332	763	5034	3772	1262	2025
"K_3201 Bærum"	"1960"	55425	1131	334	797	5603	4391	1212	2148
"K_3201 Bærum"	"1961"	57573	1108	336	772	5144	3740	1404	2176
"K_3201 Bærum"	"1962"	59749	1134	360	774	6294	4483	1811	2585
"K_3201 Bærum"	"1963"	62334	1209	452	757	5848	4579	1269	2026
"K_3201 Bærum"	"1964"	64360	1242	399	843	5816	4324	1492	2335
"K_3201 Bærum"	"1965"	66695	1234	446	788	5585	5097	488	1276
"K_3201 Bærum"	"1966"	67971	1173	404	769	6220	5107	1113	1646
"K_3201 Bærum"	"1967"	69617	1134	453	681	6382	5614	768	1449
"K_3201 Bærum"	"1968"	71066	1160	432	728	6697	5598	1099	1821
"K_3201 Bærum"	"1969"	72887	1183	475	708	7052	6006	1046	1768
"K_3201 Bærum"	"1970"	74655	1216	458	758	7795	6448	1347	1925
"K_3201 Bærum"	"1971"	76580	1248	457	791	7383	5791	1592	2200
"K_3201 Bærum"	"1972"	78780	1276	452	824	7326	6555	771	1620
"K_3201 Bærum"	"1973"	80400	1238	487	751	6536	6824	-288	494
"K_3201 Bærum"	"1974"	80894	1211	511	700	6311	6421	-110	615
"K_3201 Bærum"	"1975"	81509	1085	550	535	5813	6311	-498	-17
"K_3201 Bærum"	"1976"	81492	949	524	425	5064	5928	-864	-445
"K_3201 Bærum"	"1977"	81047	965	504	461	5242	5970	-728	-234
"K_3201 Bærum"	"1978"	80813	940	509	431	4965	5905	-940	-521
"K_3201 Bærum"	"1979"	80292	848	552	296	5263	6007	-744	-473
"K_3201 Bærum"	"1980"	79819	851	570	281	6082	5795	287	566
"K_3201 Bærum"	"1981"	80385	895	586	309	5712	5677	35	431
"K_3201 Bærum"	"1982"	80816	894	607	287	5549	5737	-188	92
"K_3201 Bærum"	"1983"	80908	851	599	252	5925	5801	124	387
"K_3201 Bærum"	"1984"	81295	958	625	333	6497	5193	1304	1623
"K_3201 Bærum"	"1985"	82918	999	641	358	6675	5209	1466	1806
"K_3201 Bærum"	"1986"	84724	1131	636	495	6440	5541	899	1817
"K_3201 Bærum"	"1987"	86541	1261	629	632	6831	5857	974	1232
"K_3201 Bærum"	"1988"	87773	1320	703	617	6407	6049	358	821
"K_3201 Bærum"	"1989"	88594	1333	710	623	6090	6044	46	627
"K_3201 Bærum"	"1990"	89221	1436	698	738	6056	5432	624	1358
"K_3201 Bærum"	"1991"	90579	1423	679	744	5558	5186	372	1113
"K_3201 Bærum"	"1992"	91692	1414	684	730	5639	5338	301	1056
"K_3201 Bærum"	"1993"	92748	1415	743	672	5914	5211	703	1350
"K_3201 Bærum"	"1994"	94098	1407	740	667	6377	5607	770	1450
"K_3201 Bærum"	"1995"	95548	1470	763	707	6645	5884	761	1486
"K_3201 Bærum"	"1996"	97034	1398	730	668	6775	6183	592	1264
"K_3201 Bærum"	"1997"	98298	1509	760	749	6885	6309	576	1292
"K_3201 Bærum"	"1998"	99590	1404	791	613	7230	6673	557	1183
"K_3201 Bærum"	"1999"	100773	1459	798	661	6975	6933	42	721
"K_3201 Bærum"	"2000"	101494	1399	798	601	6339	7096	-757	-154
"K_3201 Bærum"	"2001"	101340	1278	766	512	6643	6993	-350	157
"K_3201 Bærum"	"2002"	101497	1334	797	537	6913	6406	507	1032
"K_3201 Bærum"	"2003"	102529	1352	770	582	6396	6182	214	784
"K_3201 Bærum"	"2004"	103313	1371	777	594	6697	5857	840	1377
"K_3201 Bærum"	"2005"	104690	1373	791	582	6413	5761	652	1238
"K_3201 Bærum"	"2006"	105928	1404	804	600	6497	6111	386	1004
"K_3201 Bærum"	"2007"	106932	1283	859	424	7215	6424	791	1212
"K_3201 Bærum"	"2008"	108144	1292	813	479	7017	5933	1084	1556
"K_3201 Bærum"	"2009"	109700	1374	836	538	6974	5999	975	1513
"K_3201 Bærum"	"2010"	111213	1311	846	465	7601	6482	1119	1576
"K_3201 Bærum"	"2011"	112789	1274	827	447	8043	6764	1279	1700
"K_3201 Bærum"	"2012"	114489	1394	952	442	8519	6772	1747	2188
"K_3201 Bærum"	"2013"	116677	1314	887	427	8580	7094	1486	1911
"K_3201 Bærum"	"2014"	118588	1285	832	453	8566	6903	1663	2097
"K_3201 Bærum"	"2015"	120685	1384	822	562	8678	7576	1102	1663
"K_3201 Bærum"	"2016"	122348	1351	852	499	8501	7337	1164	1660
"K_3201 Bærum"	"2017"	124008	1297	860	437	8728	7724	1004	1446
"K_3201 Bærum"	"2018"	125454	1331	844	487	8602	7720	882	1387
"K_3201 Bærum"	"2019"	126841	1268	889	379	8130	7627	503	891
"K_3201 Bærum"	"2020"	127731	1266	845	421	8227	8140	87	502
"K_3201 Bærum"	"2021"	128233	1295	872	423	8985	8677	308	749
"K_3201 Bærum"	"2022"	128982	1200	975	225	8505	7844	661	892
"K_3201 Bærum"	"2023"	129874	1171	922	249	8544	7765	779	1047
"K_3201 Bærum"	"2024"	130921	..	..	..	..	..	..	..
"K_3203 Asker"	"1951"	27225	517	223	294	1726	1746	-20	274
"K_3203 Asker"	"1952"	27499	487	216	271	1758	1722	36	307
"K_3203 Asker"	"1953"	27806	541	235	306	2071	1924	147	453
"K_3203 Asker"	"1954"	28259	528	223	305	1986	1920	66	371
"K_3203 Asker"	"1955"	28630	565	232	333	2031	1957	74	854
"K_3203 Asker"	"1956"	29484	607	194	413	2054	1870	184	597
"K_3203 Asker"	"1957"	30081	565	264	301	1994	1852	142	443
"K_3203 Asker"	"1958"	30524	549	219	330	1823	1667	156	486
"K_3203 Asker"	"1959"	31010	549	241	308	2214	1917	297	605
"K_3203 Asker"	"1960"	31615	590	255	335	2861	2124	737	878
"K_3203 Asker"	"1961"	32493	565	274	291	2831	1915	916	1207
"K_3203 Asker"	"1962"	33700	634	280	354	2912	2360	552	906
"K_3203 Asker"	"1963"	34606	652	315	337	3606	2317	1289	1626
"K_3203 Asker"	"1964"	36232	693	297	396	3241	2271	970	1366
"K_3203 Asker"	"1965"	37598	737	289	448	3355	2261	1094	1542
"K_3203 Asker"	"1966"	39140	786	273	513	3826	2716	1110	1587
"K_3203 Asker"	"1967"	40727	758	295	463	4218	2856	1362	1825
"K_3203 Asker"	"1968"	42552	814	302	512	3962	3013	949	1437
"K_3203 Asker"	"1969"	43989	836	341	495	4683	3021	1662	2224
"K_3203 Asker"	"1970"	46213	802	354	448	5618	3591	2027	2455
"K_3203 Asker"	"1971"	48668	896	371	525	4287	3529	758	1391
"K_3203 Asker"	"1972"	50059	847	349	498	4201	3868	333	847
"K_3203 Asker"	"1973"	50906	799	356	443	4586	3949	637	1086
"K_3203 Asker"	"1974"	51992	750	379	371	4280	3805	475	847
"K_3203 Asker"	"1975"	52839	730	406	324	4182	3926	256	548
"K_3203 Asker"	"1976"	53387	660	352	308	3858	3832	26	331
"K_3203 Asker"	"1977"	53718	613	420	193	3822	3447	375	572
"K_3203 Asker"	"1978"	54290	622	373	249	4095	3415	680	931
"K_3203 Asker"	"1979"	55221	679	379	300	4142	3639	503	776
"K_3203 Asker"	"1980"	55997	602	415	187	4126	3922	204	386
"K_3203 Asker"	"1981"	56383	634	384	250	4281	3927	354	650
"K_3203 Asker"	"1982"	57033	624	382	242	3840	3538	302	548
"K_3203 Asker"	"1983"	57581	603	396	207	4015	3778	237	447
"K_3203 Asker"	"1984"	58028	656	435	221	4286	3429	857	1074
"K_3203 Asker"	"1985"	59102	728	437	291	4559	3589	970	1292
"K_3203 Asker"	"1986"	60394	736	447	289	4411	3738	673	928
"K_3203 Asker"	"1987"	61322	746	444	302	4578	4008	570	928
"K_3203 Asker"	"1988"	62250	828	423	405	4667	4318	349	757
"K_3203 Asker"	"1989"	63007	859	431	428	4382	4215	167	570
"K_3203 Asker"	"1990"	63577	851	464	387	4227	3862	365	752
"K_3203 Asker"	"1991"	64329	911	471	440	4001	3696	305	737
"K_3203 Asker"	"1992"	65066	891	461	430	3977	3836	141	577
"K_3203 Asker"	"1993"	65643	841	523	318	4227	3685	542	859
"K_3203 Asker"	"1994"	66502	889	478	411	4387	3980	407	807
"K_3203 Asker"	"1995"	67309	957	458	499	4876	4287	589	1078
"K_3203 Asker"	"1996"	68387	950	535	415	5271	4328	943	1364
"K_3203 Asker"	"1997"	69751	971	510	461	5527	4164	1363	1810
"K_3203 Asker"	"1998"	71561	934	467	467	5200	4512	688	1157
"K_3203 Asker"	"1999"	72718	996	524	472	5169	4461	708	1174
"K_3203 Asker"	"2000"	73892	1010	483	527	5253	4978	275	803
"K_3203 Asker"	"2001"	74695	933	505	428	5350	5138	212	643
"K_3203 Asker"	"2002"	75338	857	544	313	4982	4677	305	608
"K_3203 Asker"	"2003"	75946	876	454	422	4800	4649	151	568
"K_3203 Asker"	"2004"	76514	937	498	439	4583	4601	-18	423
"K_3203 Asker"	"2005"	76937	874	499	375	5039	4344	695	1054
"K_3203 Asker"	"2006"	77991	842	468	374	5510	4908	602	973
"K_3203 Asker"	"2007"	78964	924	568	356	5883	5013	870	1212
"K_3203 Asker"	"2008"	80176	900	557	343	5675	4681	994	1329
"K_3203 Asker"	"2009"	81505	879	543	336	5380	4640	740	1057
"K_3203 Asker"	"2010"	82562	904	574	330	5961	5144	817	1141
"K_3203 Asker"	"2011"	83703	831	562	269	6492	5219	1273	1523
"K_3203 Asker"	"2012"	85226	923	563	360	6682	5451	1231	1591
"K_3203 Asker"	"2013"	86817	918	575	343	6658	5541	1117	1472
"K_3203 Asker"	"2014"	88289	957	593	364	6580	5258	1322	1685
"K_3203 Asker"	"2015"	89974	904	590	314	6566	5844	722	1037
"K_3203 Asker"	"2016"	91011	896	551	345	6486	5664	822	1163
"K_3203 Asker"	"2017"	92174	865	614	251	6310	5915	395	654
"K_3203 Asker"	"2018"	92828	883	622	261	6522	5945	577	851
"K_3203 Asker"	"2019"	93679	900	559	341	6367	5952	415	762
"K_3203 Asker"	"2020"	94441	828	625	203	5700	5440	260	474
"K_3203 Asker"	"2021"	94915	875	625	250	6583	5662	921	1173
"K_3203 Asker"	"2022"	96088	832	709	123	6805	5238	1567	1696
"K_3203 Asker"	"2023"	97784	831	706	125	6566	5673	893	1031
"K_3203 Asker"	"2024"	98815	..	..	..	..	..	..	..
"K_3205 Lillestrøm"	"1951"	28107	479	199	280	2332	1894	438	718
"K_3205 Lillestrøm"	"1952"	28825	464	243	221	2083	1814	269	490
"K_3205 Lillestrøm"	"1953"	29315	519	217	302	2241	1878	363	665
"K_3205 Lillestrøm"	"1954"	29980	540	262	278	2446	1927	519	797
"K_3205 Lillestrøm"	"1955"	30777	593	236	357	2529	1966	563	796
"K_3205 Lillestrøm"	"1956"	31573	570	251	319	2339	2107	232	551
"K_3205 Lillestrøm"	"1957"	32124	607	293	314	2006	1969	37	351
"K_3205 Lillestrøm"	"1958"	32475	651	283	368	2159	1975	184	552
"K_3205 Lillestrøm"	"1959"	33027	626	299	327	2146	1891	255	582
"K_3205 Lillestrøm"	"1960"	33609	658	275	383	2722	2166	556	1042
"K_3205 Lillestrøm"	"1961"	34651	613	322	291	2443	1973	470	761
"K_3205 Lillestrøm"	"1962"	35791	676	298	378	2517	1690	827	1205
"K_3205 Lillestrøm"	"1963"	36996	733	372	361	2674	1820	854	1215
"K_3205 Lillestrøm"	"1964"	38211	786	306	480	2543	1827	716	1196
"K_3205 Lillestrøm"	"1965"	39407	849	322	527	2914	2356	558	1085
"K_3205 Lillestrøm"	"1966"	40492	853	294	559	2854	2255	599	1055
"K_3205 Lillestrøm"	"1967"	41547	838	294	544	3110	2623	487	1031
"K_3205 Lillestrøm"	"1968"	42578	880	330	550	3367	2756	611	1211
"K_3205 Lillestrøm"	"1969"	43789	973	351	622	3278	2668	610	1262
"K_3205 Lillestrøm"	"1970"	45051	793	379	414	3881	3205	676	1131
"K_3205 Lillestrøm"	"1971"	46182	790	370	420	3370	2954	416	809
"K_3205 Lillestrøm"	"1972"	46991	806	378	428	4035	3082	953	1387
"K_3205 Lillestrøm"	"1973"	48378	822	360	462	3898	3491	407	866
"K_3205 Lillestrøm"	"1974"	49244	755	390	365	3789	3280	509	867
"K_3205 Lillestrøm"	"1975"	50111	794	410	384	3727	3377	350	742
"K_3205 Lillestrøm"	"1976"	50853	680	367	313	2965	3351	-386	-89
"K_3205 Lillestrøm"	"1977"	50764	611	381	230	2887	3486	-599	-371
"K_3205 Lillestrøm"	"1978"	50393	613	426	187	2810	3204	-394	-209
"K_3205 Lillestrøm"	"1979"	50184	583	415	168	2594	3183	-589	-424
"K_3205 Lillestrøm"	"1980"	49674	525	384	141	2951	3342	-391	-253
"K_3205 Lillestrøm"	"1981"	49421	527	391	136	2814	2993	-179	-42
"K_3205 Lillestrøm"	"1982"	49379	576	401	175	2778	3169	-391	-222
"K_3205 Lillestrøm"	"1983"	49157	496	429	67	3445	3134	311	383
"K_3205 Lillestrøm"	"1984"	49540	566	448	118	3548	3181	367	485
"K_3205 Lillestrøm"	"1985"	50025	556	499	57	3765	3050	715	785
"K_3205 Lillestrøm"	"1986"	50810	614	441	173	3720	3102	618	779
"K_3205 Lillestrøm"	"1987"	51589	677	452	225	4020	3345	675	883
"K_3205 Lillestrøm"	"1988"	52472	686	431	255	3974	3659	315	557
"K_3205 Lillestrøm"	"1989"	53029	775	476	299	3897	3690	207	507
"K_3205 Lillestrøm"	"1990"	53536	762	471	291	3514	3277	237	519
"K_3205 Lillestrøm"	"1991"	54055	747	427	320	3187	3216	-29	286
"K_3205 Lillestrøm"	"1992"	54341	716	479	237	3208	3219	-11	235
"K_3205 Lillestrøm"	"1993"	54576	760	476	284	3463	3265	198	471
"K_3205 Lillestrøm"	"1994"	55047	730	472	258	3982	3481	501	760
"K_3205 Lillestrøm"	"1995"	55807	763	471	292	3727	3567	160	451
"K_3205 Lillestrøm"	"1996"	56258	758	475	283	4042	3738	304	588
"K_3205 Lillestrøm"	"1997"	56846	787	484	303	4361	3635	726	1030
"K_3205 Lillestrøm"	"1998"	57876	773	522	251	4941	3867	1074	1320
"K_3205 Lillestrøm"	"1999"	59196	814	528	286	4830	4205	625	909
"K_3205 Lillestrøm"	"2000"	60105	768	491	277	4923	4520	403	683
"K_3205 Lillestrøm"	"2001"	60788	813	500	313	5188	4548	640	959
"K_3205 Lillestrøm"	"2002"	61747	782	505	277	5066	4473	593	861
"K_3205 Lillestrøm"	"2003"	62608	873	509	364	5137	4487	650	1004
"K_3205 Lillestrøm"	"2004"	63612	785	466	319	4985	4339	646	974
"K_3205 Lillestrøm"	"2005"	64586	808	489	319	5720	4331	1389	1716
"K_3205 Lillestrøm"	"2006"	66302	853	497	356	5804	4286	1518	1881
"K_3205 Lillestrøm"	"2007"	68183	918	480	438	6496	4723	1773	2205
"K_3205 Lillestrøm"	"2008"	70388	913	506	407	6103	5146	957	1361
"K_3205 Lillestrøm"	"2009"	71749	886	515	371	6176	4978	1198	1581
"K_3205 Lillestrøm"	"2010"	73330	934	492	442	6685	5577	1108	1539
"K_3205 Lillestrøm"	"2011"	74869	929	539	390	6840	5672	1168	1546
"K_3205 Lillestrøm"	"2012"	76415	896	543	353	7019	6067	952	1290
"K_3205 Lillestrøm"	"2013"	77705	847	501	346	7141	6027	1114	1449
"K_3205 Lillestrøm"	"2014"	79154	914	535	379	6627	6133	494	859
"K_3205 Lillestrøm"	"2015"	80013	961	514	447	7069	6185	884	1326
"K_3205 Lillestrøm"	"2016"	81339	855	520	335	6793	5965	828	1157
"K_3205 Lillestrøm"	"2017"	82496	883	557	326	7323	6322	1001	1325
"K_3205 Lillestrøm"	"2018"	83821	916	601	315	7767	6147	1620	1936
"K_3205 Lillestrøm"	"2019"	85757	875	551	324	7132	6557	575	908
"K_3205 Lillestrøm"	"2020"	85983	829	561	268	6646	5936	710	970
"K_3205 Lillestrøm"	"2021"	86953	881	579	302	7892	6072	1820	2142
"K_3205 Lillestrøm"	"2022"	89095	852	652	200	8064	5842	2222	2420
"K_3205 Lillestrøm"	"2023"	91515	883	580	303	8266	5908	2358	2686
"K_3205 Lillestrøm"	"2024"	94201	..	..	..	..	..	..	..
"K_3207 Nordre Follo"	"1951"	13206	262	91	171	1310	1137	173	344
"K_3207 Nordre Follo"	"1952"	13550	244	90	154	1141	958	183	337
"K_3207 Nordre Follo"	"1953"	13887	299	94	205	1276	1039	237	442
"K_3207 Nordre Follo"	"1954"	14329	305	97	208	1131	1055	76	284
"K_3207 Nordre Follo"	"1955"	14613	303	112	191	1122	935	187	287
"K_3207 Nordre Follo"	"1956"	14900	311	95	216	1289	1156	133	349
"K_3207 Nordre Follo"	"1957"	15249	308	118	190	1210	1147	63	253
"K_3207 Nordre Follo"	"1958"	15502	345	127	218	1173	979	194	412
"K_3207 Nordre Follo"	"1959"	15914	329	105	224	1317	1144	173	397
"K_3207 Nordre Follo"	"1960"	16311	334	133	201	1568	1145	423	649
"K_3207 Nordre Follo"	"1961"	16960	357	100	257	1422	1033	389	646
"K_3207 Nordre Follo"	"1962"	17606	350	133	217	1659	1085	574	791
"K_3207 Nordre Follo"	"1963"	18397	412	149	263	1989	1102	887	1150
"K_3207 Nordre Follo"	"1964"	19547	418	132	286	2190	1178	1012	1298
"K_3207 Nordre Follo"	"1965"	20845	460	138	322	2055	1241	814	1136
"K_3207 Nordre Follo"	"1966"	21981	471	148	323	1851	1373	478	725
"K_3207 Nordre Follo"	"1967"	22706	474	140	334	2004	1475	529	863
"K_3207 Nordre Follo"	"1968"	23569	497	142	355	2278	1583	695	1116
"K_3207 Nordre Follo"	"1969"	24685	479	173	306	3073	1700	1373	1701
"K_3207 Nordre Follo"	"1970"	26386	563	156	407	4159	1969	2190	2576
"K_3207 Nordre Follo"	"1971"	28962	596	146	450	2559	2067	492	922
"K_3207 Nordre Follo"	"1972"	29884	571	187	384	2839	2445	394	783
"K_3207 Nordre Follo"	"1973"	30667	512	175	337	2819	2501	318	660
"K_3207 Nordre Follo"	"1974"	31327	523	162	361	2523	2305	218	580
"K_3207 Nordre Follo"	"1975"	31907	504	189	315	3273	2445	828	1122
"K_3207 Nordre Follo"	"1976"	33029	548	190	358	2885	2183	702	1053
"K_3207 Nordre Follo"	"1977"	34082	507	186	321	2568	2209	359	675
"K_3207 Nordre Follo"	"1978"	34757	483	206	277	2540	2328	212	485
"K_3207 Nordre Follo"	"1979"	35242	447	200	247	2592	2162	430	689
"K_3207 Nordre Follo"	"1980"	35931	440	226	214	2253	2247	6	220
"K_3207 Nordre Follo"	"1981"	36151	430	217	213	2691	2271	420	658
"K_3207 Nordre Follo"	"1982"	36809	446	209	237	3087	2208	879	1115
"K_3207 Nordre Follo"	"1983"	37924	465	216	249	3266	2570	696	948
"K_3207 Nordre Follo"	"1984"	38872	513	208	305	2858	2574	284	580
"K_3207 Nordre Follo"	"1985"	39452	527	256	271	3236	2388	848	1118
"K_3207 Nordre Follo"	"1986"	40570	582	253	329	2793	2586	207	519
"K_3207 Nordre Follo"	"1987"	41089	586	252	334	2973	2726	247	615
"K_3207 Nordre Follo"	"1988"	41704	643	236	407	2933	2909	24	441
"K_3207 Nordre Follo"	"1989"	42145	629	238	391	2811	2710	101	468
"K_3207 Nordre Follo"	"1990"	42613	663	281	382	2589	2534	55	437
"K_3207 Nordre Follo"	"1991"	43050	638	288	350	2511	2404	107	481
"K_3207 Nordre Follo"	"1992"	43531	663	271	392	2643	2251	392	769
"K_3207 Nordre Follo"	"1993"	44300	675	285	390	2628	2321	307	713
"K_3207 Nordre Follo"	"1994"	45013	659	291	368	2644	2598	46	408
"K_3207 Nordre Follo"	"1995"	45421	690	260	430	2816	2605	211	644
"K_3207 Nordre Follo"	"1996"	46065	651	266	385	2975	2615	360	745
"K_3207 Nordre Follo"	"1997"	46810	620	293	327	2983	2736	247	567
"K_3207 Nordre Follo"	"1998"	47377	654	286	368	2919	2645	274	645
"K_3207 Nordre Follo"	"1999"	48022	611	311	300	3027	3003	24	325
"K_3207 Nordre Follo"	"2000"	48347	620	302	318	3083	3207	-124	195
"K_3207 Nordre Follo"	"2001"	48542	612	311	301	3280	3204	76	373
"K_3207 Nordre Follo"	"2002"	48915	597	311	286	3186	2980	206	483
"K_3207 Nordre Follo"	"2003"	49398	658	329	329	3070	2848	222	533
"K_3207 Nordre Follo"	"2004"	49931	651	297	354	2874	2746	128	455
"K_3207 Nordre Follo"	"2005"	50386	600	294	306	3072	2867	205	521
"K_3207 Nordre Follo"	"2006"	50907	577	300	277	2998	2942	56	333
"K_3207 Nordre Follo"	"2007"	51240	600	320	280	3258	3091	167	440
"K_3207 Nordre Follo"	"2008"	51680	569	325	244	3135	2749	386	631
"K_3207 Nordre Follo"	"2009"	52311	622	358	264	3149	2809	340	594
"K_3207 Nordre Follo"	"2010"	52905	572	353	219	3507	2961	546	754
"K_3207 Nordre Follo"	"2011"	53659	603	327	276	3740	3183	557	831
"K_3207 Nordre Follo"	"2012"	54490	615	342	273	3797	3286	511	780
"K_3207 Nordre Follo"	"2013"	55270	526	348	178	3802	3452	350	527
"K_3207 Nordre Follo"	"2014"	55797	576	386	190	3659	3284	375	558
"K_3207 Nordre Follo"	"2015"	56355	590	370	220	3947	3466	481	698
"K_3207 Nordre Follo"	"2016"	57053	579	345	234	3820	3427	393	633
"K_3207 Nordre Follo"	"2017"	57686	531	386	145	3740	3505	235	372
"K_3207 Nordre Follo"	"2018"	58058	520	413	107	3778	3712	66	179
"K_3207 Nordre Follo"	"2019"	58237	540	387	153	4137	3471	666	838
"K_3207 Nordre Follo"	"2020"	59288	555	375	180	3889	3329	560	746
"K_3207 Nordre Follo"	"2021"	60034	602	444	158	4331	3489	842	998
"K_3207 Nordre Follo"	"2022"	61032	544	432	112	4449	3356	1093	1213
"K_3207 Nordre Follo"	"2023"	62245	582	408	174	4541	3397	1144	1315
"K_3207 Nordre Follo"	"2024"	63560	..	..	..	..	..	..	..
"K_3209 Ullensaker"	"1951"	9195	203	81	122	908	828	80	202
"K_3209 Ullensaker"	"1952"	9397	217	89	128	970	779	191	319
"K_3209 Ullensaker"	"1953"	9716	224	92	132	892	768	124	256
"K_3209 Ullensaker"	"1954"	9972	227	78	149	947	914	33	182
"K_3209 Ullensaker"	"1955"	10154	239	82	157	1548	855	693	713
"K_3209 Ullensaker"	"1956"	10867	260	95	165	1119	1214	-95	70
"K_3209 Ullensaker"	"1957"	10937	243	96	147	1173	1184	-11	136
"K_3209 Ullensaker"	"1958"	11073	251	110	141	1063	979	84	225
"K_3209 Ullensaker"	"1959"	11298	230	115	115	1015	1077	-62	53
"K_3209 Ullensaker"	"1960"	11351	250	84	166	1107	1177	-70	260
"K_3209 Ullensaker"	"1961"	11611	264	103	161	918	941	-23	138
"K_3209 Ullensaker"	"1962"	11749	230	92	138	1154	812	342	480
"K_3209 Ullensaker"	"1963"	12229	261	86	175	1074	968	106	281
"K_3209 Ullensaker"	"1964"	12510	275	82	193	1006	997	9	202
"K_3209 Ullensaker"	"1965"	12712	270	105	165	1128	1179	-51	114
"K_3209 Ullensaker"	"1966"	12826	263	93	170	1094	918	176	369
"K_3209 Ullensaker"	"1967"	13195	272	83	189	910	935	-25	164
"K_3209 Ullensaker"	"1968"	13359	262	116	146	1487	998	489	643
"K_3209 Ullensaker"	"1969"	14002	291	92	199	1614	958	656	850
"K_3209 Ullensaker"	"1970"	14852	322	116	206	1957	1195	762	948
"K_3209 Ullensaker"	"1971"	15800	303	111	192	1509	1116	393	580
"K_3209 Ullensaker"	"1972"	16380	316	137	179	1375	1262	113	283
"K_3209 Ullensaker"	"1973"	16663	291	149	142	1244	1130	114	253
"K_3209 Ullensaker"	"1974"	16916	235	119	116	1218	1385	-167	-46
"K_3209 Ullensaker"	"1975"	16870	214	150	64	1166	1307	-141	-90
"K_3209 Ullensaker"	"1976"	16780	218	116	102	1075	1230	-155	-54
"K_3209 Ullensaker"	"1977"	16726	195	115	80	1161	1213	-52	29
"K_3209 Ullensaker"	"1978"	16755	180	141	39	1013	1097	-84	-51
"K_3209 Ullensaker"	"1979"	16704	194	127	67	996	984	12	77
"K_3209 Ullensaker"	"1980"	16781	193	116	77	1086	1037	49	125
"K_3209 Ullensaker"	"1981"	16906	172	142	30	1156	1019	137	175
"K_3209 Ullensaker"	"1982"	17081	197	120	77	924	987	-63	13
"K_3209 Ullensaker"	"1983"	17094	172	147	25	1143	1168	-25	-2
"K_3209 Ullensaker"	"1984"	17092	199	122	77	1287	948	339	414
"K_3209 Ullensaker"	"1985"	17506	197	125	72	1051	1090	-39	23
"K_3209 Ullensaker"	"1986"	17529	209	143	66	1135	1054	81	142
"K_3209 Ullensaker"	"1987"	17671	202	151	51	1233	1015	218	263
"K_3209 Ullensaker"	"1988"	17934	210	149	61	1228	1224	4	64
"K_3209 Ullensaker"	"1989"	17998	244	147	97	1160	1129	31	123
"K_3209 Ullensaker"	"1990"	18121	237	145	92	1066	1163	-97	-5
"K_3209 Ullensaker"	"1991"	18116	232	152	80	1018	1036	-18	63
"K_3209 Ullensaker"	"1992"	18179	241	171	70	1167	1059	108	184
"K_3209 Ullensaker"	"1993"	18363	230	170	60	1218	1083	135	185
"K_3209 Ullensaker"	"1994"	18548	254	126	128	1203	1272	-69	57
"K_3209 Ullensaker"	"1995"	18605	197	160	37	1194	1220	-26	16
"K_3209 Ullensaker"	"1996"	18621	237	181	56	1273	1172	101	158
"K_3209 Ullensaker"	"1997"	18779	243	126	117	1417	1194	223	341
"K_3209 Ullensaker"	"1998"	19120	254	165	89	1678	1280	398	483
"K_3209 Ullensaker"	"1999"	19603	264	146	118	1938	1498	440	557
"K_3209 Ullensaker"	"2000"	20160	273	149	124	2259	1555	704	827
"K_3209 Ullensaker"	"2001"	20987	309	152	157	2372	1579	793	955
"K_3209 Ullensaker"	"2002"	21942	350	180	170	2409	1593	816	989
"K_3209 Ullensaker"	"2003"	22931	339	161	178	2342	1657	685	853
"K_3209 Ullensaker"	"2004"	23784	373	172	201	2249	1681	568	772
"K_3209 Ullensaker"	"2005"	24556	336	168	168	2195	1649	546	713
"K_3209 Ullensaker"	"2006"	25269	395	157	238	2115	1657	458	697
"K_3209 Ullensaker"	"2007"	25966	367	189	178	2602	1812	790	968
"K_3209 Ullensaker"	"2008"	26934	401	176	225	2677	1699	978	1204
"K_3209 Ullensaker"	"2009"	28138	418	180	238	2554	1843	711	950
"K_3209 Ullensaker"	"2010"	29088	420	186	234	2885	2114	771	993
"K_3209 Ullensaker"	"2011"	30081	419	188	231	2850	2121	729	963
"K_3209 Ullensaker"	"2012"	31044	421	194	227	2708	2247	461	699
"K_3209 Ullensaker"	"2013"	31743	413	193	220	2966	2491	475	695
"K_3209 Ullensaker"	"2014"	32438	387	165	222	2988	2337	651	872
"K_3209 Ullensaker"	"2015"	33310	388	201	187	3103	2411	692	879
"K_3209 Ullensaker"	"2016"	34189	385	196	189	3209	2478	731	913
"K_3209 Ullensaker"	"2017"	35102	410	189	221	3672	2416	1256	1474
"K_3209 Ullensaker"	"2018"	36576	416	205	211	4017	2571	1446	1658
"K_3209 Ullensaker"	"2019"	38234	432	249	183	3854	2654	1200	1391
"K_3209 Ullensaker"	"2020"	39625	412	241	171	3682	3015	667	834
"K_3209 Ullensaker"	"2021"	40459	442	276	166	4137	3202	935	1106
"K_3209 Ullensaker"	"2022"	41565	424	260	164	4357	3212	1145	1301
"K_3209 Ullensaker"	"2023"	42866	414	263	151	3903	3114	789	948
"K_3209 Ullensaker"	"2024"	43814	..	..	..	..	..	..	..
"K_3212 Nesodden"	"1951"	4741	108	31	77	475	488	-13	64
"K_3212 Nesodden"	"1952"	4805	109	30	79	326	371	-45	34
"K_3212 Nesodden"	"1953"	4839	119	31	88	496	493	3	91
"K_3212 Nesodden"	"1954"	4930	104	46	58	522	534	-12	46
"K_3212 Nesodden"	"1955"	4976	127	43	84	637	412	225	254
"K_3212 Nesodden"	"1956"	5230	126	44	82	697	587	110	192
"K_3212 Nesodden"	"1957"	5422	150	34	116	558	493	65	181
"K_3212 Nesodden"	"1958"	5603	131	51	80	484	410	74	154
"K_3212 Nesodden"	"1959"	5757	145	40	105	525	457	68	173
"K_3212 Nesodden"	"1960"	5930	134	38	96	696	473	223	529
"K_3212 Nesodden"	"1961"	6459	171	41	130	597	393	204	334
"K_3212 Nesodden"	"1962"	6793	174	50	124	835	501	334	458
"K_3212 Nesodden"	"1963"	7251	173	53	120	754	548	206	326
"K_3212 Nesodden"	"1964"	7577	202	42	160	700	608	92	252
"K_3212 Nesodden"	"1965"	7829	199	59	140	828	542	286	426
"K_3212 Nesodden"	"1966"	8255	190	38	152	709	604	105	218
"K_3212 Nesodden"	"1967"	8473	204	52	152	805	742	63	215
"K_3212 Nesodden"	"1968"	8688	171	57	114	818	777	41	145
"K_3212 Nesodden"	"1969"	8833	171	59	112	748	668	80	196
"K_3212 Nesodden"	"1970"	9029	156	48	108	990	899	91	199
"K_3212 Nesodden"	"1971"	9228	176	55	121	747	734	13	144
"K_3212 Nesodden"	"1972"	9372	154	53	101	697	734	-37	55
"K_3212 Nesodden"	"1973"	9427	170	53	117	710	784	-74	39
"K_3212 Nesodden"	"1974"	9466	147	64	83	713	734	-21	60
"K_3212 Nesodden"	"1975"	9526	143	60	83	768	800	-32	36
"K_3212 Nesodden"	"1976"	9562	111	68	43	565	692	-127	-91
"K_3212 Nesodden"	"1977"	9471	115	61	54	654	615	39	93
"K_3212 Nesodden"	"1978"	9564	122	60	62	694	577	117	178
"K_3212 Nesodden"	"1979"	9742	122	45	77	591	553	38	114
"K_3212 Nesodden"	"1980"	9856	106	61	45	621	595	26	66
"K_3212 Nesodden"	"1981"	9922	137	72	65	730	531	199	265
"K_3212 Nesodden"	"1982"	10187	130	65	65	723	552	171	236
"K_3212 Nesodden"	"1983"	10423	122	69	53	851	583	268	316
"K_3212 Nesodden"	"1984"	10739	146	66	80	1021	597	424	504
"K_3212 Nesodden"	"1985"	11243	154	75	79	854	614	240	324
"K_3212 Nesodden"	"1986"	11567	184	57	127	952	640	312	431
"K_3212 Nesodden"	"1987"	11998	177	62	115	1063	722	341	460
"K_3212 Nesodden"	"1988"	12458	201	73	128	1095	814	281	408
"K_3212 Nesodden"	"1989"	12866	216	71	145	885	824	61	197
"K_3212 Nesodden"	"1990"	13063	202	90	112	892	853	39	159
"K_3212 Nesodden"	"1991"	13222	206	77	129	752	804	-52	78
"K_3212 Nesodden"	"1992"	13300	182	98	84	797	682	115	208
"K_3212 Nesodden"	"1993"	13508	202	90	112	925	698	227	337
"K_3212 Nesodden"	"1994"	13845	198	92	106	801	773	28	142
"K_3212 Nesodden"	"1995"	13987	197	98	99	884	785	99	197
"K_3212 Nesodden"	"1996"	14184	213	104	109	882	824	58	166
"K_3212 Nesodden"	"1997"	14350	209	81	128	994	780	214	341
"K_3212 Nesodden"	"1998"	14691	176	95	81	1015	691	324	406
"K_3212 Nesodden"	"1999"	15097	177	85	92	1112	854	258	351
"K_3212 Nesodden"	"2000"	15448	211	103	108	903	919	-16	86
"K_3212 Nesodden"	"2001"	15534	176	91	85	1018	864	154	243
"K_3212 Nesodden"	"2002"	15777	194	107	87	960	880	80	166
"K_3212 Nesodden"	"2003"	15943	177	92	85	963	920	43	131
"K_3212 Nesodden"	"2004"	16074	176	89	87	925	849	76	157
"K_3212 Nesodden"	"2005"	16231	140	84	56	1013	761	252	310
"K_3212 Nesodden"	"2006"	16541	193	101	92	1028	869	159	250
"K_3212 Nesodden"	"2007"	16791	165	120	45	977	940	37	77
"K_3212 Nesodden"	"2008"	16868	182	101	81	999	816	183	261
"K_3212 Nesodden"	"2009"	17129	176	99	77	1073	923	150	219
"K_3212 Nesodden"	"2010"	17348	190	110	80	1127	1039	88	167
"K_3212 Nesodden"	"2011"	17515	189	93	96	1220	1018	202	294
"K_3212 Nesodden"	"2012"	17809	180	117	63	1136	1009	127	189
"K_3212 Nesodden"	"2013"	17998	180	87	93	1088	892	196	299
"K_3212 Nesodden"	"2014"	18297	174	110	64	1057	1043	14	75
"K_3212 Nesodden"	"2015"	18372	192	106	86	1215	1048	167	251
"K_3212 Nesodden"	"2016"	18623	184	132	52	1288	1097	191	246
"K_3212 Nesodden"	"2017"	18869	152	107	45	1403	1033	370	418
"K_3212 Nesodden"	"2018"	19287	195	121	74	1167	1041	126	201
"K_3212 Nesodden"	"2019"	19488	178	122	56	1145	1067	78	128
"K_3212 Nesodden"	"2020"	19616	153	127	26	1240	1084	156	189
"K_3212 Nesodden"	"2021"	19805	180	113	67	1216	1147	69	134
"K_3212 Nesodden"	"2022"	19939	167	141	26	1384	1025	359	383
"K_3212 Nesodden"	"2023"	20322	157	117	40	1203	1045	158	199
"K_3212 Nesodden"	"2024"	20521	..	..	..	..	..	..	..
"K_3214 Frogn"	"1951"	4879	91	47	44	551	469	82	126
"K_3214 Frogn"	"1952"	5005	98	41	57	428	413	15	72
"K_3214 Frogn"	"1953"	5077	91	49	42	426	457	-31	11
"K_3214 Frogn"	"1954"	5088	96	45	51	494	489	5	56
"K_3214 Frogn"	"1955"	5144	91	51	40	474	389	85	56
"K_3214 Frogn"	"1956"	5200	96	42	54	565	491	74	128
"K_3214 Frogn"	"1957"	5328	80	49	31	703	538	165	196
"K_3214 Frogn"	"1958"	5524	96	52	44	489	518	-29	15
"K_3214 Frogn"	"1959"	5539	120	56	64	581	460	121	185
"K_3214 Frogn"	"1960"	5724	110	49	61	623	544	79	25
"K_3214 Frogn"	"1961"	5749	113	51	62	540	500	40	102
"K_3214 Frogn"	"1962"	5851	113	74	39	472	405	67	106
"K_3214 Frogn"	"1963"	5957	109	65	44	486	454	32	76
"K_3214 Frogn"	"1964"	6033	142	52	90	492	404	88	178
"K_3214 Frogn"	"1965"	6211	109	53	56	541	458	83	139
"K_3214 Frogn"	"1966"	6350	117	57	60	669	453	216	164
"K_3214 Frogn"	"1967"	6514	143	66	77	839	507	332	409
"K_3214 Frogn"	"1968"	6923	146	58	88	589	502	87	217
"K_3214 Frogn"	"1969"	7142	162	75	87	673	552	121	195
"K_3214 Frogn"	"1970"	7337	143	68	75	962	627	335	434
"K_3214 Frogn"	"1971"	7771	136	65	71	901	508	393	457
"K_3214 Frogn"	"1972"	8228	169	60	109	690	606	84	193
"K_3214 Frogn"	"1973"	8421	141	59	82	778	678	100	183
"K_3214 Frogn"	"1974"	8604	128	75	53	679	666	13	66
"K_3214 Frogn"	"1975"	8670	123	51	72	693	650	43	103
"K_3214 Frogn"	"1976"	8773	120	73	47	589	565	24	67
"K_3214 Frogn"	"1977"	8840	98	79	19	487	526	-39	-20
"K_3214 Frogn"	"1978"	8820	102	77	25	459	454	5	31
"K_3214 Frogn"	"1979"	8851	104	73	31	404	473	-69	-41
"K_3214 Frogn"	"1980"	8810	101	52	49	501	535	-34	19
"K_3214 Frogn"	"1981"	8829	75	61	14	467	517	-50	-26
"K_3214 Frogn"	"1982"	8803	102	60	42	434	439	-5	37
"K_3214 Frogn"	"1983"	8840	72	70	2	497	415	82	82
"K_3214 Frogn"	"1984"	8922	89	73	16	670	386	284	301
"K_3214 Frogn"	"1985"	9223	107	85	22	707	458	249	279
"K_3214 Frogn"	"1986"	9502	89	76	13	723	495	228	238
"K_3214 Frogn"	"1987"	9740	131	83	48	649	542	107	148
"K_3214 Frogn"	"1988"	9888	128	93	35	615	584	31	71
"K_3214 Frogn"	"1989"	9959	121	90	31	695	578	117	154
"K_3214 Frogn"	"1990"	10113	158	68	90	617	526	91	184
"K_3214 Frogn"	"1991"	10297	151	77	74	612	521	91	168
"K_3214 Frogn"	"1992"	10465	178	92	86	647	518	129	208
"K_3214 Frogn"	"1993"	10673	145	81	64	670	544	126	190
"K_3214 Frogn"	"1994"	10863	158	95	63	939	519	420	484
"K_3214 Frogn"	"1995"	11347	200	88	112	985	642	343	457
"K_3214 Frogn"	"1996"	11804	174	100	74	915	635	280	361
"K_3214 Frogn"	"1997"	12165	175	73	102	923	674	249	352
"K_3214 Frogn"	"1998"	12517	187	96	91	824	684	140	231
"K_3214 Frogn"	"1999"	12748	165	72	93	889	762	127	224
"K_3214 Frogn"	"2000"	12972	157	109	48	830	830	0	48
"K_3214 Frogn"	"2001"	13020	159	119	40	764	865	-101	-58
"K_3214 Frogn"	"2002"	12962	134	77	57	819	724	95	154
"K_3214 Frogn"	"2003"	13116	139	88	51	740	748	-8	37
"K_3214 Frogn"	"2004"	13153	128	83	45	860	703	157	205
"K_3214 Frogn"	"2005"	13358	140	124	16	899	683	216	227
"K_3214 Frogn"	"2006"	13585	154	97	57	924	677	247	305
"K_3214 Frogn"	"2007"	13890	146	96	50	985	678	307	355
"K_3214 Frogn"	"2008"	14245	144	89	55	824	688	136	190
"K_3214 Frogn"	"2009"	14435	143	124	19	829	662	167	187
"K_3214 Frogn"	"2010"	14622	160	106	54	897	758	139	192
"K_3214 Frogn"	"2011"	14814	124	107	17	1124	801	323	340
"K_3214 Frogn"	"2012"	15154	134	116	18	1121	825	296	315
"K_3214 Frogn"	"2013"	15469	148	104	44	992	835	157	202
"K_3214 Frogn"	"2014"	15671	115	99	16	884	913	-29	-15
"K_3214 Frogn"	"2015"	15656	122	111	11	1034	1005	29	39
"K_3214 Frogn"	"2016"	15695	121	119	2	976	932	44	48
"K_3214 Frogn"	"2017"	15743	112	129	-17	1004	999	5	-8
"K_3214 Frogn"	"2018"	15735	105	135	-30	982	924	58	26
"K_3214 Frogn"	"2019"	15761	119	127	-8	1032	907	125	116
"K_3214 Frogn"	"2020"	15877	105	119	-14	1014	930	84	76
"K_3214 Frogn"	"2021"	15953	109	126	-17	1087	936	151	131
"K_3214 Frogn"	"2022"	16084	95	149	-54	1068	986	82	22
"K_3214 Frogn"	"2023"	16106	129	137	-8	1038	894	144	138
"K_3214 Frogn"	"2024"	16244	..	..	..	..	..	..	..
"K_3216 Vestby"	"1951"	4588	101	48	53	451	436	15	68
"K_3216 Vestby"	"1952"	4656	97	42	55	363	361	2	57
"K_3216 Vestby"	"1953"	4713	83	35	48	337	338	-1	47
"K_3216 Vestby"	"1954"	4760	88	47	41	328	332	-4	37
"K_3216 Vestby"	"1955"	4797	99	45	54	369	354	15	37
"K_3216 Vestby"	"1956"	4834	88	49	39	379	336	43	82
"K_3216 Vestby"	"1957"	4916	93	35	58	310	343	-33	25
"K_3216 Vestby"	"1958"	4941	84	61	23	284	392	-108	-85
"K_3216 Vestby"	"1959"	4856	80	46	34	331	305	26	60
"K_3216 Vestby"	"1960"	4916	79	46	33	331	350	-19	125
"K_3216 Vestby"	"1961"	5041	83	50	33	378	379	-1	32
"K_3216 Vestby"	"1962"	5073	74	58	16	296	314	-18	-2
"K_3216 Vestby"	"1963"	5071	79	61	18	279	350	-71	-53
"K_3216 Vestby"	"1964"	5018	81	40	41	357	313	44	85
"K_3216 Vestby"	"1965"	5103	104	58	46	372	292	80	126
"K_3216 Vestby"	"1966"	5229	101	46	55	409	316	93	138
"K_3216 Vestby"	"1967"	5367	90	56	34	443	349	94	128
"K_3216 Vestby"	"1968"	5495	106	53	53	419	405	14	70
"K_3216 Vestby"	"1969"	5565	125	56	69	436	372	64	132
"K_3216 Vestby"	"1970"	5697	102	62	40	417	438	-21	16
"K_3216 Vestby"	"1971"	5713	100	49	51	364	320	44	96
"K_3216 Vestby"	"1972"	5809	93	56	37	577	305	272	306
"K_3216 Vestby"	"1973"	6115	97	56	41	795	366	429	470
"K_3216 Vestby"	"1974"	6585	106	61	45	648	429	219	261
"K_3216 Vestby"	"1975"	6846	126	52	74	767	422	345	419
"K_3216 Vestby"	"1976"	7265	102	47	55	910	492	418	474
"K_3216 Vestby"	"1977"	7739	129	65	64	959	437	522	585
"K_3216 Vestby"	"1978"	8324	146	57	89	1056	537	519	608
"K_3216 Vestby"	"1979"	8932	150	57	93	790	547	243	335
"K_3216 Vestby"	"1980"	9267	147	50	97	937	605	332	426
"K_3216 Vestby"	"1981"	9693	153	78	75	832	693	139	208
"K_3216 Vestby"	"1982"	9901	163	64	99	718	667	51	150
"K_3216 Vestby"	"1983"	10051	133	76	57	1140	746	394	452
"K_3216 Vestby"	"1984"	10503	126	74	52	791	687	104	154
"K_3216 Vestby"	"1985"	10657	128	61	67	905	670	235	295
"K_3216 Vestby"	"1986"	10952	139	82	57	961	750	211	268
"K_3216 Vestby"	"1987"	11220	147	82	65	837	898	-61	6
"K_3216 Vestby"	"1988"	11226	141	71	70	750	728	22	92
"K_3216 Vestby"	"1989"	11318	175	76	99	674	797	-123	-32
"K_3216 Vestby"	"1990"	11286	146	74	72	559	706	-147	-69
"K_3216 Vestby"	"1991"	11217	123	68	55	649	657	-8	56
"K_3216 Vestby"	"1992"	11273	128	73	55	504	611	-107	-50
"K_3216 Vestby"	"1993"	11223	151	67	84	614	648	-34	49
"K_3216 Vestby"	"1994"	11272	121	62	59	799	790	9	69
"K_3216 Vestby"	"1995"	11341	101	77	24	771	770	1	21
"K_3216 Vestby"	"1996"	11362	131	73	58	694	680	14	69
"K_3216 Vestby"	"1997"	11431	128	71	57	716	655	61	118
"K_3216 Vestby"	"1998"	11549	114	85	29	779	764	15	48
"K_3216 Vestby"	"1999"	11597	143	80	63	1009	855	154	218
"K_3216 Vestby"	"2000"	11815	154	75	79	1237	892	345	426
"K_3216 Vestby"	"2001"	12241	134	105	29	1121	876	245	274
"K_3216 Vestby"	"2002"	12515	169	80	89	1039	919	120	209
"K_3216 Vestby"	"2003"	12724	170	78	92	840	823	17	110
"K_3216 Vestby"	"2004"	12834	163	80	83	948	874	74	156
"K_3216 Vestby"	"2005"	12990	128	87	41	982	850	132	169
"K_3216 Vestby"	"2006"	13159	163	89	74	1032	862	170	255
"K_3216 Vestby"	"2007"	13414	179	84	95	1175	860	315	411
"K_3216 Vestby"	"2008"	13825	166	92	74	1055	862	193	270
"K_3216 Vestby"	"2009"	14095	170	92	78	1049	840	209	278
"K_3216 Vestby"	"2010"	14373	187	84	103	1142	913	229	335
"K_3216 Vestby"	"2011"	14708	182	71	111	1292	963	329	435
"K_3216 Vestby"	"2012"	15143	183	82	101	1331	967	364	462
"K_3216 Vestby"	"2013"	15605	188	81	107	1250	1019	231	339
"K_3216 Vestby"	"2014"	15944	197	116	81	1331	1046	285	366
"K_3216 Vestby"	"2015"	16310	179	103	76	1444	1101	343	422
"K_3216 Vestby"	"2016"	16732	219	102	117	1395	1058	337	456
"K_3216 Vestby"	"2017"	17188	160	90	70	1308	1083	225	298
"K_3216 Vestby"	"2018"	17486	199	100	99	1267	1031	236	338
"K_3216 Vestby"	"2019"	17824	181	88	93	1195	1072	123	218
"K_3216 Vestby"	"2020"	18042	164	99	65	1336	1154	182	248
"K_3216 Vestby"	"2021"	18290	196	112	84	1457	1131	326	409
"K_3216 Vestby"	"2022"	18699	172	139	33	1429	1070	359	390
"K_3216 Vestby"	"2023"	19089	152	116	36	1435	1067	368	404
"K_3216 Vestby"	"2024"	19493	..	..	..	..	..	..	..
"K_3218 Ås"	"1951"	4783	104	44	60	728	639	89	149
"K_3218 Ås"	"1952"	4932	88	36	52	563	572	-9	43
"K_3218 Ås"	"1953"	4975	128	44	84	610	510	100	184
"K_3218 Ås"	"1954"	5159	116	30	86	652	581	71	157
"K_3218 Ås"	"1955"	5316	135	37	98	586	529	57	331
"K_3218 Ås"	"1956"	5647	127	40	87	610	630	-20	67
"K_3218 Ås"	"1957"	5714	128	39	89	584	678	-94	-5
"K_3218 Ås"	"1958"	5709	140	45	95	637	540	97	192
"K_3218 Ås"	"1959"	5901	118	36	82	664	631	33	115
"K_3218 Ås"	"1960"	6016	137	48	89	746	632	114	307
"K_3218 Ås"	"1961"	6323	138	54	84	678	599	79	163
"K_3218 Ås"	"1962"	6486	151	40	111	674	588	86	197
"K_3218 Ås"	"1963"	6683	155	37	118	737	555	182	300
"K_3218 Ås"	"1964"	6983	168	41	127	764	561	203	330
"K_3218 Ås"	"1965"	7313	201	48	153	870	795	75	228
"K_3218 Ås"	"1966"	7541	193	52	141	917	782	135	291
"K_3218 Ås"	"1967"	7832	199	39	160	1029	724	305	465
"K_3218 Ås"	"1968"	8297	204	44	160	910	777	133	293
"K_3218 Ås"	"1969"	8588	225	50	175	875	695	180	347
"K_3218 Ås"	"1970"	8935	190	57	133	1134	795	339	403
"K_3218 Ås"	"1971"	9338	203	76	127	852	702	150	284
"K_3218 Ås"	"1972"	9622	194	86	108	995	864	131	245
"K_3218 Ås"	"1973"	9867	196	70	126	1096	912	184	297
"K_3218 Ås"	"1974"	10164	189	65	124	1098	910	188	312
"K_3218 Ås"	"1975"	10476	184	72	112	993	822	171	280
"K_3218 Ås"	"1976"	10756	168	59	109	940	1020	-80	25
"K_3218 Ås"	"1977"	10781	146	70	76	998	925	73	150
"K_3218 Ås"	"1978"	10931	164	71	93	986	958	28	119
"K_3218 Ås"	"1979"	11050	147	77	70	740	904	-164	-88
"K_3218 Ås"	"1980"	10962	138	87	51	898	898	0	53
"K_3218 Ås"	"1981"	11015	128	90	38	908	809	99	147
"K_3218 Ås"	"1982"	11162	141	79	62	872	804	68	132
"K_3218 Ås"	"1983"	11294	140	81	59	906	886	20	80
"K_3218 Ås"	"1984"	11374	134	85	49	813	824	-11	36
"K_3218 Ås"	"1985"	11410	136	86	50	762	871	-109	-59
"K_3218 Ås"	"1986"	11351	142	90	52	909	900	9	52
"K_3218 Ås"	"1987"	11403	144	74	70	918	798	120	194
"K_3218 Ås"	"1988"	11597	155	95	60	992	878	114	168
"K_3218 Ås"	"1989"	11765	157	86	71	971	887	84	152
"K_3218 Ås"	"1990"	11917	191	88	103	853	935	-82	18
"K_3218 Ås"	"1991"	11935	187	87	100	853	989	-136	-26
"K_3218 Ås"	"1992"	11909	162	99	63	1077	962	115	177
"K_3218 Ås"	"1993"	12086	182	134	48	1002	918	84	120
"K_3218 Ås"	"1994"	12206	185	101	84	1104	1033	71	148
"K_3218 Ås"	"1995"	12354	188	108	80	1036	952	84	162
"K_3218 Ås"	"1996"	12516	180	98	82	1041	908	133	218
"K_3218 Ås"	"1997"	12734	189	117	72	1135	851	284	356
"K_3218 Ås"	"1998"	13090	185	102	83	1102	1011	91	170
"K_3218 Ås"	"1999"	13260	167	105	62	1184	935	249	308
"K_3218 Ås"	"2000"	13568	213	101	112	1246	1083	163	270
"K_3218 Ås"	"2001"	13838	157	93	64	1335	1213	122	199
"K_3218 Ås"	"2002"	14037	195	95	100	1233	1141	92	190
"K_3218 Ås"	"2003"	14227	199	84	115	1121	1140	-19	96
"K_3218 Ås"	"2004"	14323	185	104	81	1186	1118	68	149
"K_3218 Ås"	"2005"	14472	158	99	59	1237	1235	2	58
"K_3218 Ås"	"2006"	14530	208	74	134	1263	1054	209	343
"K_3218 Ås"	"2007"	14873	196	91	105	1491	1139	352	451
"K_3218 Ås"	"2008"	15324	204	110	94	1600	1152	448	539
"K_3218 Ås"	"2009"	15863	187	97	90	1658	1227	431	523
"K_3218 Ås"	"2010"	16386	202	99	103	1735	1486	249	347
"K_3218 Ås"	"2011"	16733	197	111	86	1931	1463	468	551
"K_3218 Ås"	"2012"	17284	201	106	95	1715	1518	197	284
"K_3218 Ås"	"2013"	17568	219	114	105	1873	1575	298	401
"K_3218 Ås"	"2014"	17969	232	89	143	1985	1596	389	534
"K_3218 Ås"	"2015"	18503	211	120	91	2103	1710	393	489
"K_3218 Ås"	"2016"	18992	203	91	112	1959	1771	188	296
"K_3218 Ås"	"2017"	19288	217	118	99	2503	1808	695	796
"K_3218 Ås"	"2018"	20084	174	103	71	2251	2076	175	251
"K_3218 Ås"	"2019"	20335	195	144	51	2263	1997	266	317
"K_3218 Ås"	"2020"	20439	201	105	96	2015	2109	-94	0
"K_3218 Ås"	"2021"	20439	209	116	93	2441	2197	244	341
"K_3218 Ås"	"2022"	20780	175	152	23	2537	1990	547	570
"K_3218 Ås"	"2023"	21350	176	114	62	2619	2034	585	655
"K_3218 Ås"	"2024"	22005	..	..	..	..	..	..	..
"K_3220 Enebakk"	"1951"	3685	62	30	32	368	335	33	65
"K_3220 Enebakk"	"1952"	3750	78	33	45	267	248	19	64
"K_3220 Enebakk"	"1953"	3814	77	31	46	314	329	-15	31
"K_3220 Enebakk"	"1954"	3845	74	37	37	317	298	19	56
"K_3220 Enebakk"	"1955"	3901	59	39	20	229	298	-69	-62
"K_3220 Enebakk"	"1956"	3839	75	47	28	246	347	-101	-73
"K_3220 Enebakk"	"1957"	3766	65	34	31	276	235	41	72
"K_3220 Enebakk"	"1958"	3838	73	28	45	236	298	-62	-17
"K_3220 Enebakk"	"1959"	3821	62	36	26	255	244	11	37
"K_3220 Enebakk"	"1960"	3858	67	31	36	233	271	-38	-3
"K_3220 Enebakk"	"1961"	3855	53	41	12	234	227	7	19
"K_3220 Enebakk"	"1962"	3495	57	29	28	231	151	80	108
"K_3220 Enebakk"	"1963"	3603	76	33	43	251	261	-10	33
"K_3220 Enebakk"	"1964"	3636	71	31	40	192	213	-21	19
"K_3220 Enebakk"	"1965"	3655	76	34	42	284	235	49	91
"K_3220 Enebakk"	"1966"	3746	101	34	67	289	238	51	190
"K_3220 Enebakk"	"1967"	3936	69	31	38	296	222	74	112
"K_3220 Enebakk"	"1968"	4048	81	34	47	432	232	200	253
"K_3220 Enebakk"	"1969"	4301	112	45	67	595	270	325	401
"K_3220 Enebakk"	"1970"	4702	103	43	60	616	378	238	303
"K_3220 Enebakk"	"1971"	5005	117	30	87	402	323	79	172
"K_3220 Enebakk"	"1972"	5177	106	40	66	500	370	130	202
"K_3220 Enebakk"	"1973"	5379	115	29	86	502	401	101	183
"K_3220 Enebakk"	"1974"	5562	113	30	83	467	329	138	223
"K_3220 Enebakk"	"1975"	5785	111	44	67	568	426	142	207
"K_3220 Enebakk"	"1976"	5992	90	27	63	526	405	121	181
"K_3220 Enebakk"	"1977"	6173	82	43	39	418	312	106	145
"K_3220 Enebakk"	"1978"	6318	90	39	51	424	377	47	96
"K_3220 Enebakk"	"1979"	6414	79	32	47	444	399	45	96
"K_3220 Enebakk"	"1980"	6510	86	33	53	412	397	15	68
"K_3220 Enebakk"	"1981"	6578	87	44	43	483	355	128	170
"K_3220 Enebakk"	"1982"	6748	103	51	52	616	358	258	310
"K_3220 Enebakk"	"1983"	7058	96	45	51	599	360	239	290
"K_3220 Enebakk"	"1984"	7348	99	45	54	442	376	66	120
"K_3220 Enebakk"	"1985"	7468	75	37	38	486	398	88	124
"K_3220 Enebakk"	"1986"	7592	96	42	54	516	440	76	137
"K_3220 Enebakk"	"1987"	7729	99	59	40	553	445	108	159
"K_3220 Enebakk"	"1988"	7888	94	45	49	591	519	72	111
"K_3220 Enebakk"	"1989"	7999	123	42	81	469	488	-19	61
"K_3220 Enebakk"	"1990"	8060	123	68	55	470	534	-64	-10
"K_3220 Enebakk"	"1991"	8050	105	57	48	406	468	-62	-15
"K_3220 Enebakk"	"1992"	8035	104	55	49	408	407	1	50
"K_3220 Enebakk"	"1993"	8085	111	48	63	438	519	-81	-20
"K_3220 Enebakk"	"1994"	8065	104	50	54	500	507	-7	46
"K_3220 Enebakk"	"1995"	8111	102	49	53	499	496	3	54
"K_3220 Enebakk"	"1996"	8165	94	38	56	534	465	69	126
"K_3220 Enebakk"	"1997"	8291	118	61	57	556	511	45	102
"K_3220 Enebakk"	"1998"	8393	109	54	55	520	469	51	112
"K_3220 Enebakk"	"1999"	8505	98	65	33	656	514	142	175
"K_3220 Enebakk"	"2000"	8680	107	60	47	737	531	206	251
"K_3220 Enebakk"	"2001"	8931	95	48	47	578	593	-15	34
"K_3220 Enebakk"	"2002"	8965	97	49	48	647	551	96	146
"K_3220 Enebakk"	"2003"	9111	90	64	26	633	536	97	122
"K_3220 Enebakk"	"2004"	9233	111	54	57	596	587	9	64
"K_3220 Enebakk"	"2005"	9297	99	50	49	701	602	99	145
"K_3220 Enebakk"	"2006"	9442	131	43	88	731	602	129	218
"K_3220 Enebakk"	"2007"	9660	130	57	73	742	582	160	233
"K_3220 Enebakk"	"2008"	9893	167	75	92	712	543	169	260
"K_3220 Enebakk"	"2009"	10153	130	64	66	596	633	-37	23
"K_3220 Enebakk"	"2010"	10176	120	54	66	717	698	19	86
"K_3220 Enebakk"	"2011"	10262	139	55	84	782	636	146	225
"K_3220 Enebakk"	"2012"	10487	125	70	55	707	689	18	73
"K_3220 Enebakk"	"2013"	10560	122	52	70	718	721	-3	66
"K_3220 Enebakk"	"2014"	10626	138	65	73	724	666	58	134
"K_3220 Enebakk"	"2015"	10760	102	61	41	720	648	72	110
"K_3220 Enebakk"	"2016"	10870	93	60	33	764	742	22	57
"K_3220 Enebakk"	"2017"	10927	101	54	47	707	739	-32	18
"K_3220 Enebakk"	"2018"	10945	108	57	51	770	738	32	81
"K_3220 Enebakk"	"2019"	11026	104	56	48	685	648	37	84
"K_3220 Enebakk"	"2020"	11110	94	65	29	627	698	-71	-45
"K_3220 Enebakk"	"2021"	11065	107	70	37	844	704	140	184
"K_3220 Enebakk"	"2022"	11249	83	86	-3	881	734	147	143
"K_3220 Enebakk"	"2023"	11392	95	77	18	779	707	72	90
"K_3220 Enebakk"	"2024"	11482	..	..	..	..	..	..	..
"K_3222 Lørenskog"	"1951"	7852	154	45	109	426	437	-11	98
"K_3222 Lørenskog"	"1952"	7950	168	56	112	622	453	169	281
"K_3222 Lørenskog"	"1953"	8231	164	35	129	607	510	97	226
"K_3222 Lørenskog"	"1954"	8457	166	52	114	795	545	250	364
"K_3222 Lørenskog"	"1955"	8821	171	64	107	802	631	171	339
"K_3222 Lørenskog"	"1956"	9160	211	52	159	776	671	105	264
"K_3222 Lørenskog"	"1957"	9424	228	55	173	732	625	107	280
"K_3222 Lørenskog"	"1958"	9704	206	69	137	649	605	44	181
"K_3222 Lørenskog"	"1959"	9885	222	68	154	927	645	282	436
"K_3222 Lørenskog"	"1960"	10321	222	56	166	1248	789	459	765
"K_3222 Lørenskog"	"1961"	11086	229	57	172	1101	724	377	549
"K_3222 Lørenskog"	"1962"	11635	273	74	199	1301	828	473	672
"K_3222 Lørenskog"	"1963"	12307	276	66	210	1260	941	319	529
"K_3222 Lørenskog"	"1964"	12836	306	75	231	1076	933	143	374
"K_3222 Lørenskog"	"1965"	13210	311	72	239	1365	1051	314	553
"K_3222 Lørenskog"	"1966"	13763	351	77	274	1479	1023	456	660
"K_3222 Lørenskog"	"1967"	14423	374	96	278	1735	1171	564	842
"K_3222 Lørenskog"	"1968"	15265	381	74	307	1975	1339	636	984
"K_3222 Lørenskog"	"1969"	16249	420	100	320	1655	1408	247	577
"K_3222 Lørenskog"	"1970"	16826	390	97	293	1898	1783	115	410
"K_3222 Lørenskog"	"1971"	17236	394	88	306	1771	1798	-27	273
"K_3222 Lørenskog"	"1972"	17509	366	116	250	1656	1861	-205	11
"K_3222 Lørenskog"	"1973"	17520	341	102	239	2002	1802	200	438
"K_3222 Lørenskog"	"1974"	17958	353	97	256	2127	1827	300	559
"K_3222 Lørenskog"	"1975"	18517	387	97	290	2081	1710	371	641
"K_3222 Lørenskog"	"1976"	19158	349	111	238	2085	1673	412	650
"K_3222 Lørenskog"	"1977"	19808	349	125	224	2403	1812	591	815
"K_3222 Lørenskog"	"1978"	20623	348	122	226	2357	1579	778	1004
"K_3222 Lørenskog"	"1979"	21627	345	137	208	1866	1532	334	546
"K_3222 Lørenskog"	"1980"	22206	366	121	245	1797	1729	68	314
"K_3222 Lørenskog"	"1981"	22520	337	103	234	1690	1842	-152	86
"K_3222 Lørenskog"	"1982"	22606	330	126	204	1990	1794	196	398
"K_3222 Lørenskog"	"1983"	23004	324	138	186	2050	1989	61	244
"K_3222 Lørenskog"	"1984"	23248	323	136	187	2315	1976	339	531
"K_3222 Lørenskog"	"1985"	23779	313	148	165	2192	1995	197	346
"K_3222 Lørenskog"	"1986"	24125	349	145	204	2031	2011	20	239
"K_3222 Lørenskog"	"1987"	24364	327	122	205	2307	2026	281	510
"K_3222 Lørenskog"	"1988"	24874	388	130	258	2559	1964	595	849
"K_3222 Lørenskog"	"1989"	25723	428	153	275	2070	2026	44	343
"K_3222 Lørenskog"	"1990"	26066	438	137	301	1979	1803	176	494
"K_3222 Lørenskog"	"1991"	26560	419	167	252	1878	1706	172	414
"K_3222 Lørenskog"	"1992"	26974	402	167	235	1688	1769	-81	140
"K_3222 Lørenskog"	"1993"	27114	405	168	237	1735	1728	7	242
"K_3222 Lørenskog"	"1994"	27356	376	161	215	1871	1903	-32	189
"K_3222 Lørenskog"	"1995"	27545	404	136	268	2115	1774	341	607
"K_3222 Lørenskog"	"1996"	28152	419	146	273	2271	1903	368	647
"K_3222 Lørenskog"	"1997"	28799	406	162	244	2102	2238	-136	106
"K_3222 Lørenskog"	"1998"	28905	392	190	202	2301	2194	107	302
"K_3222 Lørenskog"	"1999"	29207	404	188	216	2319	2232	87	298
"K_3222 Lørenskog"	"2000"	29505	395	194	201	2470	2520	-50	151
"K_3222 Lørenskog"	"2001"	29656	365	181	184	2508	2505	3	178
"K_3222 Lørenskog"	"2002"	29834	377	179	198	2655	2459	196	386
"K_3222 Lørenskog"	"2003"	30220	405	178	227	2509	2460	49	276
"K_3222 Lørenskog"	"2004"	30496	362	173	189	2277	2277	0	179
"K_3222 Lørenskog"	"2005"	30675	369	181	188	2287	2225	62	254
"K_3222 Lørenskog"	"2006"	30929	397	212	185	2608	2362	246	436
"K_3222 Lørenskog"	"2007"	31365	412	175	237	2765	2509	256	488
"K_3222 Lørenskog"	"2008"	31853	374	192	182	2483	2230	253	447
"K_3222 Lørenskog"	"2009"	32300	356	195	161	2597	2331	266	430
"K_3222 Lørenskog"	"2010"	32730	410	206	204	2763	2377	386	578
"K_3222 Lørenskog"	"2011"	33308	368	239	129	2858	2591	267	401
"K_3222 Lørenskog"	"2012"	33709	347	220	127	3052	2562	490	611
"K_3222 Lørenskog"	"2013"	34320	341	223	118	2963	2710	253	377
"K_3222 Lørenskog"	"2014"	34697	347	221	126	3031	2719	312	442
"K_3222 Lørenskog"	"2015"	35139	381	224	157	3622	2551	1071	1229
"K_3222 Lørenskog"	"2016"	36368	377	239	138	3504	2604	900	1038
"K_3222 Lørenskog"	"2017"	37406	423	249	174	3973	2879	1094	1264
"K_3222 Lørenskog"	"2018"	38670	428	249	179	4235	2979	1256	1436
"K_3222 Lørenskog"	"2019"	40106	480	233	247	4053	2949	1104	1354
"K_3222 Lørenskog"	"2020"	41460	487	270	217	4387	3327	1060	1280
"K_3222 Lørenskog"	"2021"	42740	537	268	269	5284	3603	1681	1953
"K_3222 Lørenskog"	"2022"	44693	513	279	234	5559	3688	1871	2104
"K_3222 Lørenskog"	"2023"	46797	523	278	245	5461	4339	1122	1391
"K_3222 Lørenskog"	"2024"	48188	..	..	..	..	..	..	..
"K_3224 Rælingen"	"1951"	3209	48	20	28	220	205	15	43
"K_3224 Rælingen"	"1952"	3252	46	18	28	192	197	-5	23
"K_3224 Rælingen"	"1953"	3275	70	20	50	301	248	53	103
"K_3224 Rælingen"	"1954"	3378	63	30	33	257	204	53	86
"K_3224 Rælingen"	"1955"	3464	75	21	54	236	218	18	89
"K_3224 Rælingen"	"1956"	3553	64	24	40	488	265	223	263
"K_3224 Rælingen"	"1957"	3816	90	31	59	473	255	218	277
"K_3224 Rælingen"	"1958"	4093	86	25	61	442	241	201	262
"K_3224 Rælingen"	"1959"	4355	85	33	52	571	265	306	358
"K_3224 Rælingen"	"1960"	4713	117	37	80	647	360	287	417
"K_3224 Rælingen"	"1961"	5130	147	28	119	536	412	124	243
"K_3224 Rælingen"	"1962"	5373	115	33	82	533	366	167	249
"K_3224 Rælingen"	"1963"	5622	124	36	88	505	390	115	203
"K_3224 Rælingen"	"1964"	5825	150	31	119	791	349	442	561
"K_3224 Rælingen"	"1965"	6386	188	33	155	1226	448	778	933
"K_3224 Rælingen"	"1966"	7319	218	45	173	796	493	303	439
"K_3224 Rælingen"	"1967"	7758	196	37	159	964	613	351	510
"K_3224 Rælingen"	"1968"	8268	229	48	181	1277	643	634	832
"K_3224 Rælingen"	"1969"	9100	226	50	176	1029	798	231	392
"K_3224 Rælingen"	"1970"	9492	228	49	179	1035	1017	18	220
"K_3224 Rælingen"	"1971"	9712	200	65	135	899	844	55	185
"K_3224 Rælingen"	"1972"	9897	222	55	167	1362	932	430	608
"K_3224 Rælingen"	"1973"	10505	193	50	143	1113	1058	55	198
"K_3224 Rælingen"	"1974"	10703	220	53	167	851	942	-91	74
"K_3224 Rælingen"	"1975"	10777	179	60	119	837	960	-123	3
"K_3224 Rælingen"	"1976"	10780	171	61	110	815	887	-72	37
"K_3224 Rælingen"	"1977"	10817	147	53	94	1245	910	335	428
"K_3224 Rælingen"	"1978"	11245	193	49	144	1294	913	381	529
"K_3224 Rælingen"	"1979"	11774	202	60	142	1183	921	262	413
"K_3224 Rælingen"	"1980"	12187	208	70	138	1442	1024	418	567
"K_3224 Rælingen"	"1981"	12754	206	56	150	1093	1101	-8	146
"K_3224 Rælingen"	"1982"	12900	216	73	143	1447	1173	274	414
"K_3224 Rælingen"	"1983"	13314	225	68	157	1352	1402	-50	106
"K_3224 Rælingen"	"1984"	13420	205	78	127	1293	1449	-156	-33
"K_3224 Rælingen"	"1985"	13387	209	72	137	1317	1325	-8	123
"K_3224 Rælingen"	"1986"	13510	199	79	120	1114	1220	-106	4
"K_3224 Rælingen"	"1987"	13514	226	62	164	1346	1330	16	181
"K_3224 Rælingen"	"1988"	13695	228	81	147	1286	1539	-253	-104
"K_3224 Rælingen"	"1989"	13591	216	77	139	1108	1153	-45	105
"K_3224 Rælingen"	"1990"	13696	233	89	144	1068	1073	-5	140
"K_3224 Rælingen"	"1991"	13836	240	91	149	946	1067	-121	20
"K_3224 Rælingen"	"1992"	13856	222	84	138	949	1027	-78	61
"K_3224 Rælingen"	"1993"	13917	227	68	159	1004	1112	-108	55
"K_3224 Rælingen"	"1994"	13972	205	76	129	1106	1204	-98	22
"K_3224 Rælingen"	"1995"	13994	234	85	149	1074	1191	-117	25
"K_3224 Rælingen"	"1996"	14019	223	77	146	1214	1185	29	177
"K_3224 Rælingen"	"1997"	14196	213	97	116	1186	1202	-16	100
"K_3224 Rælingen"	"1998"	14296	204	70	134	1204	1253	-49	77
"K_3224 Rælingen"	"1999"	14373	221	88	133	1291	1302	-11	120
"K_3224 Rælingen"	"2000"	14493	221	75	146	1335	1318	17	166
"K_3224 Rælingen"	"2001"	14659	190	104	86	1432	1546	-114	-28
"K_3224 Rælingen"	"2002"	14631	205	89	116	1305	1373	-68	48
"K_3224 Rælingen"	"2003"	14679	215	75	140	1321	1428	-107	41
"K_3224 Rælingen"	"2004"	14720	190	93	97	1285	1286	-1	77
"K_3224 Rælingen"	"2005"	14797	203	86	117	1278	1336	-58	60
"K_3224 Rælingen"	"2006"	14857	195	81	114	1406	1325	81	205
"K_3224 Rælingen"	"2007"	15062	214	96	118	1256	1326	-70	50
"K_3224 Rælingen"	"2008"	15112	211	89	122	1341	1231	110	233
"K_3224 Rælingen"	"2009"	15345	239	94	145	1384	1278	106	246
"K_3224 Rælingen"	"2010"	15591	253	88	165	1467	1308	159	329
"K_3224 Rælingen"	"2011"	15920	206	95	111	1568	1420	148	250
"K_3224 Rælingen"	"2012"	16170	210	97	113	1560	1424	136	250
"K_3224 Rælingen"	"2013"	16420	220	105	115	1716	1447	269	386
"K_3224 Rælingen"	"2014"	16806	243	82	161	1686	1464	222	379
"K_3224 Rælingen"	"2015"	17185	209	106	103	1559	1422	137	241
"K_3224 Rælingen"	"2016"	17426	226	87	139	1604	1439	165	304
"K_3224 Rælingen"	"2017"	17730	216	104	112	1542	1507	35	144
"K_3224 Rælingen"	"2018"	17874	221	95	126	1592	1430	162	287
"K_3224 Rælingen"	"2019"	18161	194	107	87	1756	1475	281	369
"K_3224 Rælingen"	"2020"	18530	220	100	120	1581	1501	80	200
"K_3224 Rælingen"	"2021"	18730	226	111	115	1865	1680	185	294
"K_3224 Rælingen"	"2022"	19024	211	104	107	1995	1507	488	594
"K_3224 Rælingen"	"2023"	19618	208	112	96	1937	1559	378	481
"K_3224 Rælingen"	"2024"	20099	..	..	..	..	..	..	..
"K_3226 Aurskog-Høland"	"1951"	11074	176	95	81	625	648	-23	58
"K_3226 Aurskog-Høland"	"1952"	11132	183	95	88	391	412	-21	67
"K_3226 Aurskog-Høland"	"1953"	11199	169	88	81	320	442	-122	-41
"K_3226 Aurskog-Høland"	"1954"	11158	205	85	120	444	545	-101	19
"K_3226 Aurskog-Høland"	"1955"	11177	180	89	91	471	491	-20	60
"K_3226 Aurskog-Høland"	"1956"	11237	181	103	78	358	485	-127	-49
"K_3226 Aurskog-Høland"	"1957"	11188	165	127	38	364	466	-102	-64
"K_3226 Aurskog-Høland"	"1958"	11124	157	105	52	396	446	-50	2
"K_3226 Aurskog-Høland"	"1959"	11126	189	108	81	377	463	-86	-5
"K_3226 Aurskog-Høland"	"1960"	11121	142	146	-4	461	563	-102	-112
"K_3226 Aurskog-Høland"	"1961"	11009	185	118	67	441	483	-42	25
"K_3226 Aurskog-Høland"	"1962"	11034	167	110	57	405	424	-19	38
"K_3226 Aurskog-Høland"	"1963"	11072	173	124	49	388	477	-89	-40
"K_3226 Aurskog-Høland"	"1964"	11032	171	98	73	386	482	-96	-23
"K_3226 Aurskog-Høland"	"1965"	11009	176	116	60	413	435	-22	38
"K_3226 Aurskog-Høland"	"1966"	11047	186	113	73	398	440	-42	42
"K_3226 Aurskog-Høland"	"1967"	11089	180	118	62	377	348	29	91
"K_3226 Aurskog-Høland"	"1968"	11180	181	116	65	441	313	128	194
"K_3226 Aurskog-Høland"	"1969"	11374	175	133	42	413	324	89	117
"K_3226 Aurskog-Høland"	"1970"	11491	165	120	45	776	506	270	304
"K_3226 Aurskog-Høland"	"1971"	11795	171	139	32	557	352	205	229
"K_3226 Aurskog-Høland"	"1972"	12024	175	124	51	529	361	168	213
"K_3226 Aurskog-Høland"	"1973"	12237	168	134	34	490	370	120	147
"K_3226 Aurskog-Høland"	"1974"	12384	155	139	16	515	379	136	146
"K_3226 Aurskog-Høland"	"1975"	12530	144	136	8	432	377	55	52
"K_3226 Aurskog-Høland"	"1976"	12582	139	122	17	445	326	119	134
"K_3226 Aurskog-Høland"	"1977"	12716	153	130	23	412	381	31	55
"K_3226 Aurskog-Høland"	"1978"	12771	122	154	-32	449	315	134	101
"K_3226 Aurskog-Høland"	"1979"	12872	132	130	2	452	359	93	95
"K_3226 Aurskog-Høland"	"1980"	12967	131	131	0	423	390	33	34
"K_3226 Aurskog-Høland"	"1981"	13001	127	136	-9	445	362	83	74
"K_3226 Aurskog-Høland"	"1982"	13075	114	131	-17	416	318	98	79
"K_3226 Aurskog-Høland"	"1983"	13154	130	134	-4	413	387	26	21
"K_3226 Aurskog-Høland"	"1984"	13175	151	161	-10	398	426	-28	-37
"K_3226 Aurskog-Høland"	"1985"	13138	124	123	1	436	413	23	29
"K_3226 Aurskog-Høland"	"1986"	13167	133	140	-7	425	352	73	63
"K_3226 Aurskog-Høland"	"1987"	13230	134	166	-32	483	453	30	-2
"K_3226 Aurskog-Høland"	"1988"	13228	148	176	-28	477	428	49	20
"K_3226 Aurskog-Høland"	"1989"	13248	148	136	12	487	492	-5	1
"K_3226 Aurskog-Høland"	"1990"	13249	145	162	-17	417	429	-12	-31
"K_3226 Aurskog-Høland"	"1991"	13218	162	151	11	401	484	-83	-68
"K_3226 Aurskog-Høland"	"1992"	13150	160	150	10	365	452	-87	-78
"K_3226 Aurskog-Høland"	"1993"	13072	133	172	-39	360	453	-93	-132
"K_3226 Aurskog-Høland"	"1994"	12940	162	141	21	409	427	-18	4
"K_3226 Aurskog-Høland"	"1995"	12944	142	141	1	466	412	54	52
"K_3226 Aurskog-Høland"	"1996"	12996	135	160	-25	474	437	37	10
"K_3226 Aurskog-Høland"	"1997"	13006	141	158	-17	508	444	64	47
"K_3226 Aurskog-Høland"	"1998"	13053	158	162	-4	530	466	64	58
"K_3226 Aurskog-Høland"	"1999"	13111	145	153	-8	574	442	132	124
"K_3226 Aurskog-Høland"	"2000"	13235	145	143	2	628	483	145	147
"K_3226 Aurskog-Høland"	"2001"	13382	144	136	8	773	512	261	272
"K_3226 Aurskog-Høland"	"2002"	13654	151	157	-6	615	538	77	71
"K_3226 Aurskog-Høland"	"2003"	13725	150	135	15	677	560	117	142
"K_3226 Aurskog-Høland"	"2004"	13867	143	160	-17	695	592	103	75
"K_3226 Aurskog-Høland"	"2005"	13942	139	162	-23	679	548	131	107
"K_3226 Aurskog-Høland"	"2006"	14049	143	145	-2	767	571	196	197
"K_3226 Aurskog-Høland"	"2007"	14246	143	157	-14	948	539	409	398
"K_3226 Aurskog-Høland"	"2008"	14644	148	170	-22	803	601	202	185
"K_3226 Aurskog-Høland"	"2009"	14829	136	168	-32	771	591	180	153
"K_3226 Aurskog-Høland"	"2010"	14982	169	150	19	939	630	309	328
"K_3226 Aurskog-Høland"	"2011"	15310	167	130	37	970	722	248	283
"K_3226 Aurskog-Høland"	"2012"	15593	173	130	43	949	632	317	358
"K_3226 Aurskog-Høland"	"2013"	15951	165	146	19	921	725	196	221
"K_3226 Aurskog-Høland"	"2014"	16172	154	145	9	1006	788	218	226
"K_3226 Aurskog-Høland"	"2015"	16398	161	158	3	964	782	182	188
"K_3226 Aurskog-Høland"	"2016"	16586	171	158	13	1054	809	245	261
"K_3226 Aurskog-Høland"	"2017"	16847	163	140	23	995	792	203	225
"K_3226 Aurskog-Høland"	"2018"	17072	149	143	6	1016	921	95	101
"K_3226 Aurskog-Høland"	"2019"	17173	161	140	21	975	778	197	217
"K_3226 Aurskog-Høland"	"2020"	17390	157	147	10	1065	872	193	201
"K_3226 Aurskog-Høland"	"2021"	17591	137	162	-25	997	817	180	163
"K_3226 Aurskog-Høland"	"2022"	17754	153	175	-22	1033	818	215	191
"K_3226 Aurskog-Høland"	"2023"	17945	142	167	-25	914	778	136	113
"K_3226 Aurskog-Høland"	"2024"	18058	..	..	..	..	..	..	..
"K_3228 Nes"	"1951"	11402	233	102	131	758	667	91	222
"K_3228 Nes"	"1952"	11624	226	110	116	493	607	-114	2
"K_3228 Nes"	"1953"	11626	220	82	138	533	575	-42	96
"K_3228 Nes"	"1954"	11722	214	110	104	491	636	-145	-41
"K_3228 Nes"	"1955"	11681	215	87	128	459	541	-82	-195
"K_3228 Nes"	"1956"	11486	217	104	113	581	541	40	153
"K_3228 Nes"	"1957"	11639	215	87	128	538	649	-111	17
"K_3228 Nes"	"1958"	11656	189	106	83	446	575	-129	-46
"K_3228 Nes"	"1959"	11610	196	98	98	449	597	-148	-50
"K_3228 Nes"	"1960"	11560	197	115	82	490	607	-117	87
"K_3228 Nes"	"1961"	11647	171	104	67	480	494	-14	53
"K_3228 Nes"	"1962"	11700	197	93	104	434	498	-64	40
"K_3228 Nes"	"1963"	11740	183	122	61	470	521	-51	10
"K_3228 Nes"	"1964"	11750	194	121	73	408	471	-63	10
"K_3228 Nes"	"1965"	11760	206	103	103	521	453	68	171
"K_3228 Nes"	"1966"	11931	174	107	67	398	455	-57	-40
"K_3228 Nes"	"1967"	11891	185	124	61	528	473	55	116
"K_3228 Nes"	"1968"	12007	214	106	108	631	382	249	364
"K_3228 Nes"	"1969"	12371	203	122	81	551	419	132	220
"K_3228 Nes"	"1970"	12591	201	118	83	758	636	122	213
"K_3228 Nes"	"1971"	12804	193	154	39	570	489	81	112
"K_3228 Nes"	"1972"	12916	194	142	52	581	511	70	205
"K_3228 Nes"	"1973"	13121	174	171	3	666	541	125	124
"K_3228 Nes"	"1974"	13245	147	153	-6	702	478	224	218
"K_3228 Nes"	"1975"	13463	195	150	45	653	526	127	166
"K_3228 Nes"	"1976"	13629	162	157	5	535	456	79	83
"K_3228 Nes"	"1977"	13712	163	153	10	597	570	27	34
"K_3228 Nes"	"1978"	13746	152	147	5	533	466	67	69
"K_3228 Nes"	"1979"	13815	143	138	5	549	431	118	123
"K_3228 Nes"	"1980"	13938	150	133	17	595	523	72	86
"K_3228 Nes"	"1981"	14024	151	148	3	631	455	176	181
"K_3228 Nes"	"1982"	14205	147	137	10	586	491	95	104
"K_3228 Nes"	"1983"	14309	154	157	-3	678	522	156	156
"K_3228 Nes"	"1984"	14465	157	150	7	735	479	256	264
"K_3228 Nes"	"1985"	14729	181	151	30	686	531	155	188
"K_3228 Nes"	"1986"	14917	165	153	12	727	526	201	215
"K_3228 Nes"	"1987"	15132	179	144	35	825	550	275	309
"K_3228 Nes"	"1988"	15441	237	165	72	811	674	137	208
"K_3228 Nes"	"1989"	15649	189	168	21	762	709	53	80
"K_3228 Nes"	"1990"	15729	246	184	62	596	701	-105	-43
"K_3228 Nes"	"1991"	15686	191	162	29	614	617	-3	26
"K_3228 Nes"	"1992"	15712	218	156	62	495	642	-147	-86
"K_3228 Nes"	"1993"	15626	188	198	-10	628	591	37	28
"K_3228 Nes"	"1994"	15654	180	147	33	581	630	-49	-13
"K_3228 Nes"	"1995"	15641	166	159	7	619	576	43	46
"K_3228 Nes"	"1996"	15687	196	149	47	631	594	37	84
"K_3228 Nes"	"1997"	15771	162	166	-4	681	575	106	102
"K_3228 Nes"	"1998"	15873	172	171	1	916	648	268	273
"K_3228 Nes"	"1999"	16146	168	174	-6	872	725	147	142
"K_3228 Nes"	"2000"	16288	187	170	17	1322	689	633	650
"K_3228 Nes"	"2001"	16938	194	147	47	1258	780	478	520
"K_3228 Nes"	"2002"	17458	199	165	34	1041	773	268	307
"K_3228 Nes"	"2003"	17765	212	139	73	909	818	91	166
"K_3228 Nes"	"2004"	17931	206	169	37	945	875	70	94
"K_3228 Nes"	"2005"	18025	204	154	50	850	912	-62	-3
"K_3228 Nes"	"2006"	18022	193	165	28	1006	839	167	197
"K_3228 Nes"	"2007"	18219	195	161	34	1101	847	254	291
"K_3228 Nes"	"2008"	18510	188	164	24	1014	920	94	119
"K_3228 Nes"	"2009"	18629	198	154	44	1020	866	154	198
"K_3228 Nes"	"2010"	18827	197	172	25	1170	971	199	222
"K_3228 Nes"	"2011"	19049	197	142	55	1361	995	366	413
"K_3228 Nes"	"2012"	19462	212	178	34	1399	1077	322	357
"K_3228 Nes"	"2013"	19819	204	168	36	1454	1151	303	345
"K_3228 Nes"	"2014"	20164	213	188	25	1275	1058	217	246
"K_3228 Nes"	"2015"	20410	217	163	54	1527	1209	318	373
"K_3228 Nes"	"2016"	20783	251	146	105	1574	1221	353	458
"K_3228 Nes"	"2017"	21241	242	170	72	1510	1146	364	440
"K_3228 Nes"	"2018"	21681	215	171	44	1443	1279	164	204
"K_3228 Nes"	"2019"	21885	245	153	92	1603	1174	429	525
"K_3228 Nes"	"2020"	23092	247	157	90	1582	1354	228	330
"K_3228 Nes"	"2021"	23422	220	195	25	1774	1320	454	476
"K_3228 Nes"	"2022"	23898	208	223	-15	1574	1189	385	385
"K_3228 Nes"	"2023"	24283	223	199	24	1692	1344	348	362
"K_3228 Nes"	"2024"	24645	..	..	..	..	..	..	..
"K_3230 Gjerdrum"	"1951"	1818	37	18	19	175	152	23	42
"K_3230 Gjerdrum"	"1952"	1860	34	10	24	44	134	-90	-66
"K_3230 Gjerdrum"	"1953"	1794	43	19	24	150	149	1	25
"K_3230 Gjerdrum"	"1954"	1819	26	21	5	115	113	2	7
"K_3230 Gjerdrum"	"1955"	1826	39	13	26	159	121	38	90
"K_3230 Gjerdrum"	"1956"	1916	49	15	34	204	157	47	81
"K_3230 Gjerdrum"	"1957"	1997	39	21	18	142	181	-39	-21
"K_3230 Gjerdrum"	"1958"	1976	33	12	21	117	125	-8	13
"K_3230 Gjerdrum"	"1959"	1989	46	19	27	138	143	-5	22
"K_3230 Gjerdrum"	"1960"	2011	40	18	22	178	162	16	7
"K_3230 Gjerdrum"	"1961"	2018	44	20	24	146	157	-11	13
"K_3230 Gjerdrum"	"1962"	2031	49	23	26	183	139	44	70
"K_3230 Gjerdrum"	"1963"	2101	49	36	13	166	159	7	20
"K_3230 Gjerdrum"	"1964"	2121	67	17	50	185	154	31	81
"K_3230 Gjerdrum"	"1965"	2202	42	22	20	198	176	22	42
"K_3230 Gjerdrum"	"1966"	2244	55	24	31	223	192	31	58
"K_3230 Gjerdrum"	"1967"	2302	55	13	42	156	159	-3	39
"K_3230 Gjerdrum"	"1968"	2341	43	23	20	181	184	-3	17
"K_3230 Gjerdrum"	"1969"	2358	41	18	23	193	169	24	46
"K_3230 Gjerdrum"	"1970"	2404	48	27	21	267	181	86	105
"K_3230 Gjerdrum"	"1971"	2509	45	18	27	182	168	14	41
"K_3230 Gjerdrum"	"1972"	2550	54	20	34	197	147	50	85
"K_3230 Gjerdrum"	"1973"	2635	52	21	31	207	168	39	69
"K_3230 Gjerdrum"	"1974"	2704	43	23	20	181	168	13	44
"K_3230 Gjerdrum"	"1975"	2748	42	23	19	303	172	131	146
"K_3230 Gjerdrum"	"1976"	2894	50	28	22	195	140	55	77
"K_3230 Gjerdrum"	"1977"	2971	40	25	15	179	107	72	87
"K_3230 Gjerdrum"	"1978"	3058	37	18	19	165	154	11	30
"K_3230 Gjerdrum"	"1979"	3088	31	21	10	187	157	30	39
"K_3230 Gjerdrum"	"1980"	3127	53	18	35	209	205	4	39
"K_3230 Gjerdrum"	"1981"	3166	39	21	18	197	138	59	75
"K_3230 Gjerdrum"	"1982"	3241	42	23	19	215	177	38	57
"K_3230 Gjerdrum"	"1983"	3298	33	17	16	206	179	27	41
"K_3230 Gjerdrum"	"1984"	3339	35	23	12	233	164	69	80
"K_3230 Gjerdrum"	"1985"	3419	39	30	9	226	161	65	82
"K_3230 Gjerdrum"	"1986"	3501	49	28	21	234	174	60	77
"K_3230 Gjerdrum"	"1987"	3578	52	30	22	255	211	44	66
"K_3230 Gjerdrum"	"1988"	3644	51	17	34	245	210	35	68
"K_3230 Gjerdrum"	"1989"	3712	48	18	30	279	246	33	66
"K_3230 Gjerdrum"	"1990"	3778	49	38	11	231	258	-27	-18
"K_3230 Gjerdrum"	"1991"	3760	53	33	20	222	249	-27	-7
"K_3230 Gjerdrum"	"1992"	3753	38	22	16	159	185	-26	-8
"K_3230 Gjerdrum"	"1993"	3745	41	27	14	234	227	7	26
"K_3230 Gjerdrum"	"1994"	3771	50	34	16	311	185	126	135
"K_3230 Gjerdrum"	"1995"	3906	42	37	5	330	287	43	48
"K_3230 Gjerdrum"	"1996"	3954	51	20	31	374	215	159	190
"K_3230 Gjerdrum"	"1997"	4144	61	38	23	414	275	139	160
"K_3230 Gjerdrum"	"1998"	4304	61	19	42	349	245	104	148
"K_3230 Gjerdrum"	"1999"	4452	71	26	45	345	288	57	102
"K_3230 Gjerdrum"	"2000"	4554	60	37	23	429	351	78	102
"K_3230 Gjerdrum"	"2001"	4656	61	31	30	433	347	86	122
"K_3230 Gjerdrum"	"2002"	4778	62	23	39	364	303	61	99
"K_3230 Gjerdrum"	"2003"	4877	60	40	20	404	342	62	87
"K_3230 Gjerdrum"	"2004"	4964	59	32	27	412	333	79	100
"K_3230 Gjerdrum"	"2005"	5064	57	30	27	426	306	120	150
"K_3230 Gjerdrum"	"2006"	5214	72	27	45	407	313	94	139
"K_3230 Gjerdrum"	"2007"	5353	62	29	33	429	348	81	111
"K_3230 Gjerdrum"	"2008"	5464	58	37	21	441	365	76	103
"K_3230 Gjerdrum"	"2009"	5567	81	25	56	556	351	205	254
"K_3230 Gjerdrum"	"2010"	5821	55	40	15	523	370	153	169
"K_3230 Gjerdrum"	"2011"	5990	72	31	41	518	396	122	162
"K_3230 Gjerdrum"	"2012"	6152	59	30	29	554	472	82	112
"K_3230 Gjerdrum"	"2013"	6264	65	35	30	474	480	-6	28
"K_3230 Gjerdrum"	"2014"	6292	64	41	23	440	435	5	34
"K_3230 Gjerdrum"	"2015"	6326	55	40	15	410	430	-20	-3
"K_3230 Gjerdrum"	"2016"	6323	54	44	10	609	398	211	223
"K_3230 Gjerdrum"	"2017"	6546	72	38	34	588	467	121	158
"K_3230 Gjerdrum"	"2018"	6704	62	40	22	551	454	97	119
"K_3230 Gjerdrum"	"2019"	6823	55	41	14	552	502	50	67
"K_3230 Gjerdrum"	"2020"	6890	65	39	26	609	484	125	153
"K_3230 Gjerdrum"	"2021"	7043	60	46	14	577	642	-65	-54
"K_3230 Gjerdrum"	"2022"	6989	64	44	20	748	472	276	296
"K_3230 Gjerdrum"	"2023"	7285	57	50	7	583	479	104	113
"K_3230 Gjerdrum"	"2024"	7398	..	..	..	..	..	..	..
"K_3232 Nittedal"	"1951"	5897	109	42	67	672	451	221	288
"K_3232 Nittedal"	"1952"	6185	139	57	82	568	437	131	213
"K_3232 Nittedal"	"1953"	6398	122	44	78	680	560	120	198
"K_3232 Nittedal"	"1954"	6596	146	50	96	555	511	44	140
"K_3232 Nittedal"	"1955"	6736	126	51	75	665	608	57	5
"K_3232 Nittedal"	"1956"	6741	160	47	113	673	596	77	190
"K_3232 Nittedal"	"1957"	6931	155	53	102	698	565	133	235
"K_3232 Nittedal"	"1958"	7166	146	64	82	622	618	4	86
"K_3232 Nittedal"	"1959"	7252	130	48	82	516	604	-88	-6
"K_3232 Nittedal"	"1960"	7246	156	53	103	737	518	219	377
"K_3232 Nittedal"	"1961"	7623	165	55	110	895	642	253	363
"K_3232 Nittedal"	"1962"	7986	206	54	152	882	592	290	442
"K_3232 Nittedal"	"1963"	8428	194	62	132	654	697	-43	89
"K_3232 Nittedal"	"1964"	8517	198	44	154	843	629	214	368
"K_3232 Nittedal"	"1965"	8885	236	58	178	991	696	295	473
"K_3232 Nittedal"	"1966"	9358	208	56	152	824	778	46	200
"K_3232 Nittedal"	"1967"	9558	220	63	157	1042	782	260	417
"K_3232 Nittedal"	"1968"	9975	284	74	210	1161	827	334	550
"K_3232 Nittedal"	"1969"	10525	254	78	176	1519	765	754	926
"K_3232 Nittedal"	"1970"	11451	321	68	253	1316	958	358	576
"K_3232 Nittedal"	"1971"	12027	270	59	211	1236	1011	225	429
"K_3232 Nittedal"	"1972"	12456	263	67	196	1547	1062	485	714
"K_3232 Nittedal"	"1973"	13170	278	65	213	1225	1101	124	336
"K_3232 Nittedal"	"1974"	13506	244	71	173	1012	1070	-58	112
"K_3232 Nittedal"	"1975"	13618	223	78	145	1125	1141	-16	106
"K_3232 Nittedal"	"1976"	13724	191	70	121	1137	972	165	285
"K_3232 Nittedal"	"1977"	14009	207	96	111	1132	1079	53	163
"K_3232 Nittedal"	"1978"	14172	187	63	124	847	930	-83	38
"K_3232 Nittedal"	"1979"	14210	188	81	107	905	946	-41	63
"K_3232 Nittedal"	"1980"	14273	162	69	93	932	1105	-173	-86
"K_3232 Nittedal"	"1981"	14187	179	82	97	894	935	-41	52
"K_3232 Nittedal"	"1982"	14239	181	77	104	1069	939	130	245
"K_3232 Nittedal"	"1983"	14484	184	92	92	1180	988	192	286
"K_3232 Nittedal"	"1984"	14770	179	102	77	1042	942	100	175
"K_3232 Nittedal"	"1985"	14945	182	85	97	1069	919	150	242
"K_3232 Nittedal"	"1986"	15187	183	84	99	1123	993	130	224
"K_3232 Nittedal"	"1987"	15411	201	107	94	1323	1092	231	331
"K_3232 Nittedal"	"1988"	15742	234	104	130	1187	1065	122	260
"K_3232 Nittedal"	"1989"	16002	236	95	141	1033	1051	-18	112
"K_3232 Nittedal"	"1990"	16114	244	90	154	980	1088	-108	51
"K_3232 Nittedal"	"1991"	16165	236	91	145	871	964	-93	55
"K_3232 Nittedal"	"1992"	16220	218	100	118	933	925	8	130
"K_3232 Nittedal"	"1993"	16350	221	112	109	910	897	13	118
"K_3232 Nittedal"	"1994"	16468	225	113	112	983	925	58	171
"K_3232 Nittedal"	"1995"	16639	234	105	129	1092	962	130	263
"K_3232 Nittedal"	"1996"	16902	268	99	169	1284	975	309	476
"K_3232 Nittedal"	"1997"	17378	272	104	168	1305	959	346	514
"K_3232 Nittedal"	"1998"	17892	268	101	167	1222	1023	199	362
"K_3232 Nittedal"	"1999"	18254	282	95	187	1288	1088	200	385
"K_3232 Nittedal"	"2000"	18639	259	112	147	1392	1235	157	303
"K_3232 Nittedal"	"2001"	18942	280	102	178	1354	1285	69	243
"K_3232 Nittedal"	"2002"	19185	233	115	118	1286	1280	6	115
"K_3232 Nittedal"	"2003"	19300	247	80	167	1176	1194	-18	140
"K_3232 Nittedal"	"2004"	19440	236	116	120	1158	1122	36	138
"K_3232 Nittedal"	"2005"	19578	243	114	129	1109	1095	14	144
"K_3232 Nittedal"	"2006"	19722	203	126	77	1326	1166	160	246
"K_3232 Nittedal"	"2007"	19968	232	123	109	1293	1110	183	288
"K_3232 Nittedal"	"2008"	20256	270	113	157	1290	1139	151	299
"K_3232 Nittedal"	"2009"	20555	243	113	130	1299	1042	257	384
"K_3232 Nittedal"	"2010"	20939	240	103	137	1273	1188	85	226
"K_3232 Nittedal"	"2011"	21165	206	127	79	1459	1253	206	289
"K_3232 Nittedal"	"2012"	21454	236	125	111	1614	1211	403	517
"K_3232 Nittedal"	"2013"	21971	224	126	98	1537	1231	306	414
"K_3232 Nittedal"	"2014"	22385	207	116	91	1492	1266	226	321
"K_3232 Nittedal"	"2015"	22706	235	130	105	1424	1379	45	151
"K_3232 Nittedal"	"2016"	22857	221	139	82	1569	1292	277	356
"K_3232 Nittedal"	"2017"	23213	213	125	88	1664	1426	238	332
"K_3232 Nittedal"	"2018"	23545	237	130	107	1687	1251	436	544
"K_3232 Nittedal"	"2019"	24089	223	151	72	1450	1366	84	160
"K_3232 Nittedal"	"2020"	24249	215	140	75	1571	1445	126	205
"K_3232 Nittedal"	"2021"	24454	250	145	105	1829	1434	395	493
"K_3232 Nittedal"	"2022"	24947	207	168	39	2331	1872	459	493
"K_3232 Nittedal"	"2023"	25440	223	169	54	1910	1525	385	442
"K_3232 Nittedal"	"2024"	25882	..	..	..	..	..	..	..
"K_3234 Lunner"	"1951"	4908	104	38	66	305	278	27	93
"K_3234 Lunner"	"1952"	5001	101	38	63	213	252	-39	24
"K_3234 Lunner"	"1953"	5025	108	39	69	248	302	-54	15
"K_3234 Lunner"	"1954"	5040	91	45	46	235	302	-67	-21
"K_3234 Lunner"	"1955"	5019	99	51	48	318	339	-21	-24
"K_3234 Lunner"	"1956"	4995	79	47	32	194	238	-44	-12
"K_3234 Lunner"	"1957"	4983	94	39	55	289	275	14	69
"K_3234 Lunner"	"1958"	5052	81	40	41	248	283	-35	6
"K_3234 Lunner"	"1959"	5058	99	46	53	243	272	-29	24
"K_3234 Lunner"	"1960"	5082	80	47	33	310	328	-18	10
"K_3234 Lunner"	"1961"	5092	74	49	25	332	274	58	83
"K_3234 Lunner"	"1962"	5175	81	44	37	302	282	20	57
"K_3234 Lunner"	"1963"	5232	84	58	26	301	302	-1	25
"K_3234 Lunner"	"1964"	5257	83	46	37	313	260	53	90
"K_3234 Lunner"	"1965"	5347	94	49	45	291	306	-15	30
"K_3234 Lunner"	"1966"	5377	96	53	43	313	276	37	91
"K_3234 Lunner"	"1967"	5468	90	52	38	281	268	13	51
"K_3234 Lunner"	"1968"	5519	100	65	35	305	251	54	93
"K_3234 Lunner"	"1969"	5612	100	57	43	332	297	35	73
"K_3234 Lunner"	"1970"	5685	99	46	53	460	372	88	135
"K_3234 Lunner"	"1971"	5820	106	56	50	308	288	20	81
"K_3234 Lunner"	"1972"	5901	77	61	16	280	264	16	39
"K_3234 Lunner"	"1973"	5940	93	60	33	327	251	76	110
"K_3234 Lunner"	"1974"	6050	76	47	29	274	263	11	39
"K_3234 Lunner"	"1975"	6089	79	52	27	333	232	101	125
"K_3234 Lunner"	"1976"	6214	69	59	10	262	284	-22	-12
"K_3234 Lunner"	"1977"	6202	51	64	-13	289	230	59	47
"K_3234 Lunner"	"1978"	6249	81	78	3	288	254	34	37
"K_3234 Lunner"	"1979"	6286	83	62	21	395	243	152	172
"K_3234 Lunner"	"1980"	6458	73	61	12	328	242	86	99
"K_3234 Lunner"	"1981"	6557	77	77	0	515	288	227	232
"K_3234 Lunner"	"1982"	6789	95	57	38	592	240	352	391
"K_3234 Lunner"	"1983"	7180	93	54	39	461	353	108	144
"K_3234 Lunner"	"1984"	7324	90	78	12	454	340	114	126
"K_3234 Lunner"	"1985"	7450	81	72	9	546	389	157	166
"K_3234 Lunner"	"1986"	7616	87	73	14	465	404	61	60
"K_3234 Lunner"	"1987"	7676	98	75	23	491	448	43	65
"K_3234 Lunner"	"1988"	7741	94	73	21	527	445	82	104
"K_3234 Lunner"	"1989"	7845	89	91	-2	426	399	27	24
"K_3234 Lunner"	"1990"	7869	107	65	42	488	423	65	107
"K_3234 Lunner"	"1991"	7976	102	73	29	339	374	-35	-8
"K_3234 Lunner"	"1992"	7968	100	86	14	362	363	-1	16
"K_3234 Lunner"	"1993"	7984	92	75	17	453	372	81	104
"K_3234 Lunner"	"1994"	8088	96	71	25	397	454	-57	-39
"K_3234 Lunner"	"1995"	8049	94	82	12	452	443	9	13
"K_3234 Lunner"	"1996"	8062	86	68	18	416	410	6	25
"K_3234 Lunner"	"1997"	8087	104	81	23	405	367	38	61
"K_3234 Lunner"	"1998"	8148	92	64	28	437	389	48	72
"K_3234 Lunner"	"1999"	8220	76	76	0	459	417	42	44
"K_3234 Lunner"	"2000"	8264	85	80	5	557	397	160	165
"K_3234 Lunner"	"2001"	8429	106	70	36	461	474	-13	26
"K_3234 Lunner"	"2002"	8455	106	62	44	407	442	-35	6
"K_3234 Lunner"	"2003"	8461	85	64	21	436	456	-20	2
"K_3234 Lunner"	"2004"	8463	95	71	24	418	407	11	42
"K_3234 Lunner"	"2005"	8505	88	66	22	378	394	-16	13
"K_3234 Lunner"	"2006"	8518	86	74	12	430	440	-10	4
"K_3234 Lunner"	"2007"	8522	96	73	23	489	437	52	76
"K_3234 Lunner"	"2008"	8598	95	69	26	428	501	-73	-46
"K_3234 Lunner"	"2009"	8552	77	65	12	481	447	34	48
"K_3234 Lunner"	"2010"	8600	87	61	26	430	401	29	54
"K_3234 Lunner"	"2011"	8654	75	65	10	553	441	112	122
"K_3234 Lunner"	"2012"	8776	101	84	17	516	427	89	104
"K_3234 Lunner"	"2013"	8880	93	74	19	539	488	51	72
"K_3234 Lunner"	"2014"	8952	92	76	16	543	510	33	51
"K_3234 Lunner"	"2015"	9003	87	63	24	555	541	14	41
"K_3234 Lunner"	"2016"	9044	83	58	25	527	516	11	36
"K_3234 Lunner"	"2017"	9080	76	69	7	529	550	-21	-15
"K_3234 Lunner"	"2018"	9065	90	72	18	421	454	-33	-14
"K_3234 Lunner"	"2019"	9051	66	64	2	473	478	-5	-3
"K_3234 Lunner"	"2020"	9048	76	68	8	524	519	5	14
"K_3234 Lunner"	"2021"	9062	89	71	18	566	500	66	82
"K_3234 Lunner"	"2022"	9144	74	79	-5	591	430	161	163
"K_3234 Lunner"	"2023"	9307	77	73	4	543	494	49	50
"K_3234 Lunner"	"2024"	9357	..	..	..	..	..	..	..
"K_3236 Jevnaker"	"1951"	4453	77	39	38	189	215	-26	12
"K_3236 Jevnaker"	"1952"	4465	69	77	-8	166	188	-22	-30
"K_3236 Jevnaker"	"1953"	4435	56	72	-16	142	174	-32	-48
"K_3236 Jevnaker"	"1954"	4387	70	67	3	144	166	-22	-19
"K_3236 Jevnaker"	"1955"	4368	79	38	41	239	214	25	182
"K_3236 Jevnaker"	"1956"	4550	70	56	14	168	228	-60	-46
"K_3236 Jevnaker"	"1957"	4504	71	65	6	223	207	16	22
"K_3236 Jevnaker"	"1958"	4526	68	57	11	169	210	-41	-30
"K_3236 Jevnaker"	"1959"	4496	67	63	4	168	175	-7	-3
"K_3236 Jevnaker"	"1960"	4493	71	64	7	170	208	-38	35
"K_3236 Jevnaker"	"1961"	4528	55	85	-30	177	183	-6	-36
"K_3236 Jevnaker"	"1962"	4672	70	71	-1	199	247	-48	-49
"K_3236 Jevnaker"	"1963"	4623	69	51	18	182	191	-9	9
"K_3236 Jevnaker"	"1964"	4632	74	56	18	186	161	25	43
"K_3236 Jevnaker"	"1965"	4675	74	53	21	218	186	32	53
"K_3236 Jevnaker"	"1966"	4728	93	49	44	177	195	-18	89
"K_3236 Jevnaker"	"1967"	4817	82	53	29	173	185	-12	17
"K_3236 Jevnaker"	"1968"	4834	83	53	30	186	211	-25	11
"K_3236 Jevnaker"	"1969"	4845	79	55	24	249	203	46	60
"K_3236 Jevnaker"	"1970"	4905	59	65	-6	420	277	143	121
"K_3236 Jevnaker"	"1971"	5026	70	67	3	250	179	71	74
"K_3236 Jevnaker"	"1972"	5100	65	60	5	357	250	107	104
"K_3236 Jevnaker"	"1973"	5204	88	88	0	404	247	157	159
"K_3236 Jevnaker"	"1974"	5363	77	84	-7	274	228	46	33
"K_3236 Jevnaker"	"1975"	5396	47	63	-16	239	222	17	-4
"K_3236 Jevnaker"	"1976"	5392	52	62	-10	214	214	0	-9
"K_3236 Jevnaker"	"1977"	5383	65	73	-8	196	199	-3	-12
"K_3236 Jevnaker"	"1978"	5371	53	69	-16	225	198	27	10
"K_3236 Jevnaker"	"1979"	5381	62	82	-20	229	200	29	10
"K_3236 Jevnaker"	"1980"	5391	64	71	-7	254	186	68	59
"K_3236 Jevnaker"	"1981"	5450	49	69	-20	263	205	58	37
"K_3236 Jevnaker"	"1982"	5487	54	85	-31	303	218	85	54
"K_3236 Jevnaker"	"1983"	5541	66	77	-11	284	236	48	38
"K_3236 Jevnaker"	"1984"	5579	59	65	-6	275	182	93	87
"K_3236 Jevnaker"	"1985"	5666	53	96	-43	268	188	80	38
"K_3236 Jevnaker"	"1986"	5704	65	76	-11	285	235	50	31
"K_3236 Jevnaker"	"1987"	5735	68	90	-22	287	245	42	22
"K_3236 Jevnaker"	"1988"	5757	66	79	-13	345	284	61	54
"K_3236 Jevnaker"	"1989"	5811	73	95	-22	315	267	48	24
"K_3236 Jevnaker"	"1990"	5835	80	78	2	295	299	-4	1
"K_3236 Jevnaker"	"1991"	5836	78	81	-3	280	289	-9	-7
"K_3236 Jevnaker"	"1992"	5829	61	92	-31	264	200	64	27
"K_3236 Jevnaker"	"1993"	5856	68	77	-9	276	259	17	8
"K_3236 Jevnaker"	"1994"	5864	68	84	-16	312	254	58	41
"K_3236 Jevnaker"	"1995"	5905	74	89	-15	298	285	13	-4
"K_3236 Jevnaker"	"1996"	5901	78	80	-2	283	277	6	6
"K_3236 Jevnaker"	"1997"	5907	82	78	4	353	281	72	76
"K_3236 Jevnaker"	"1998"	5983	80	97	-17	319	281	38	20
"K_3236 Jevnaker"	"1999"	6003	58	95	-37	327	299	28	-8
"K_3236 Jevnaker"	"2000"	5995	59	77	-18	364	275	89	70
"K_3236 Jevnaker"	"2001"	6065	80	95	-15	464	293	171	162
"K_3236 Jevnaker"	"2002"	6227	71	73	-2	379	308	71	72
"K_3236 Jevnaker"	"2003"	6299	70	76	-6	328	286	42	35
"K_3236 Jevnaker"	"2004"	6334	67	65	2	296	301	-5	1
"K_3236 Jevnaker"	"2005"	6335	69	63	6	326	362	-36	-23
"K_3236 Jevnaker"	"2006"	6312	62	75	-13	288	348	-60	-74
"K_3236 Jevnaker"	"2007"	6238	60	60	0	325	309	16	18
"K_3236 Jevnaker"	"2008"	6256	70	70	0	309	313	-4	-5
"K_3236 Jevnaker"	"2009"	6251	65	76	-11	353	323	30	17
"K_3236 Jevnaker"	"2010"	6268	83	60	23	356	287	69	91
"K_3236 Jevnaker"	"2011"	6359	75	69	6	427	309	118	124
"K_3236 Jevnaker"	"2012"	6483	60	60	0	309	350	-41	-39
"K_3236 Jevnaker"	"2013"	6444	61	48	13	397	339	58	72
"K_3236 Jevnaker"	"2014"	6516	65	79	-14	393	300	93	83
"K_3236 Jevnaker"	"2015"	6599	55	60	-5	391	356	35	30
"K_3236 Jevnaker"	"2016"	6629	64	81	-17	422	338	84	67
"K_3236 Jevnaker"	"2017"	6696	61	69	-8	457	369	88	81
"K_3236 Jevnaker"	"2018"	6777	76	62	14	436	377	59	69
"K_3236 Jevnaker"	"2019"	6846	57	63	-6	383	370	13	6
"K_3236 Jevnaker"	"2020"	6852	69	64	5	384	374	10	15
"K_3236 Jevnaker"	"2021"	6867	52	61	-9	418	368	50	41
"K_3236 Jevnaker"	"2022"	6908	58	72	-14	440	340	100	82
"K_3236 Jevnaker"	"2023"	6990	44	62	-18	433	368	65	47
"K_3236 Jevnaker"	"2024"	7037	..	..	..	..	..	..	..
"K_3238 Nannestad"	"1951"	5160	97	47	50	362	354	8	58
"K_3238 Nannestad"	"1952"	5218	94	36	58	297	276	21	79
"K_3238 Nannestad"	"1953"	5297	101	59	42	309	311	-2	40
"K_3238 Nannestad"	"1954"	5337	95	48	47	321	296	25	72
"K_3238 Nannestad"	"1955"	5409	112	62	50	330	375	-45	-34
"K_3238 Nannestad"	"1956"	5375	118	57	61	372	342	30	91
"K_3238 Nannestad"	"1957"	5466	102	50	52	342	330	12	64
"K_3238 Nannestad"	"1958"	5530	102	55	47	323	363	-40	7
"K_3238 Nannestad"	"1959"	5537	113	60	53	317	330	-13	40
"K_3238 Nannestad"	"1960"	5577	95	55	40	400	422	-22	-31
"K_3238 Nannestad"	"1961"	5546	108	45	63	340	351	-11	52
"K_3238 Nannestad"	"1962"	5598	109	58	51	344	424	-80	-29
"K_3238 Nannestad"	"1963"	5569	103	58	45	404	295	109	154
"K_3238 Nannestad"	"1964"	5723	121	40	81	305	310	-5	76
"K_3238 Nannestad"	"1965"	5799	121	48	73	382	319	63	136
"K_3238 Nannestad"	"1966"	5935	114	67	47	396	350	46	120
"K_3238 Nannestad"	"1967"	6055	115	40	75	345	333	12	87
"K_3238 Nannestad"	"1968"	6142	120	52	68	385	352	33	97
"K_3238 Nannestad"	"1969"	6239	121	74	47	409	295	114	174
"K_3238 Nannestad"	"1970"	6413	114	50	64	509	372	137	190
"K_3238 Nannestad"	"1971"	6603	122	56	66	382	317	65	124
"K_3238 Nannestad"	"1972"	6727	112	59	53	430	333	97	150
"K_3238 Nannestad"	"1973"	6877	125	63	62	470	357	113	176
"K_3238 Nannestad"	"1974"	7053	79	68	11	474	382	92	107
"K_3238 Nannestad"	"1975"	7160	95	67	28	396	337	59	85
"K_3238 Nannestad"	"1976"	7245	87	67	20	437	363	74	94
"K_3238 Nannestad"	"1977"	7339	85	63	22	446	341	105	127
"K_3238 Nannestad"	"1978"	7466	77	69	8	455	389	66	76
"K_3238 Nannestad"	"1979"	7542	113	86	27	451	396	55	83
"K_3238 Nannestad"	"1980"	7625	80	69	11	427	377	50	58
"K_3238 Nannestad"	"1981"	7683	78	81	-3	361	379	-18	-21
"K_3238 Nannestad"	"1982"	7662	72	67	5	431	378	53	60
"K_3238 Nannestad"	"1983"	7722	83	69	14	462	398	64	72
"K_3238 Nannestad"	"1984"	7794	83	63	20	306	360	-54	-34
"K_3238 Nannestad"	"1985"	7760	76	73	3	446	399	47	52
"K_3238 Nannestad"	"1986"	7812	79	74	5	420	381	39	46
"K_3238 Nannestad"	"1987"	7858	101	67	34	453	398	55	97
"K_3238 Nannestad"	"1988"	7955	94	95	-1	460	431	29	29
"K_3238 Nannestad"	"1989"	7984	120	65	55	443	489	-46	8
"K_3238 Nannestad"	"1990"	7992	94	88	6	415	484	-69	-59
"K_3238 Nannestad"	"1991"	7933	118	69	49	451	369	82	129
"K_3238 Nannestad"	"1992"	8062	89	70	19	314	395	-81	-61
"K_3238 Nannestad"	"1993"	8001	92	78	14	444	378	66	83
"K_3238 Nannestad"	"1994"	8084	85	69	16	517	442	75	89
"K_3238 Nannestad"	"1995"	8173	95	82	13	490	530	-40	-26
"K_3238 Nannestad"	"1996"	8147	99	75	24	594	483	111	136
"K_3238 Nannestad"	"1997"	8283	100	87	13	661	508	153	168
"K_3238 Nannestad"	"1998"	8451	89	110	-21	725	511	214	202
"K_3238 Nannestad"	"1999"	8653	107	82	25	842	553	289	314
"K_3238 Nannestad"	"2000"	8967	123	78	45	812	634	178	224
"K_3238 Nannestad"	"2001"	9191	107	75	32	894	676	218	245
"K_3238 Nannestad"	"2002"	9436	142	100	42	926	649	277	315
"K_3238 Nannestad"	"2003"	9751	139	79	60	774	639	135	192
"K_3238 Nannestad"	"2004"	9943	139	71	68	815	677	138	198
"K_3238 Nannestad"	"2005"	10141	125	60	65	750	645	105	180
"K_3238 Nannestad"	"2006"	10321	142	73	69	880	737	143	215
"K_3238 Nannestad"	"2007"	10536	129	75	54	779	713	66	121
"K_3238 Nannestad"	"2008"	10657	129	79	50	837	740	97	143
"K_3238 Nannestad"	"2009"	10800	130	86	44	770	689	81	127
"K_3238 Nannestad"	"2010"	10927	133	84	49	946	791	155	201
"K_3238 Nannestad"	"2011"	11128	123	78	45	1028	834	194	234
"K_3238 Nannestad"	"2012"	11362	123	70	53	889	799	90	143
"K_3238 Nannestad"	"2013"	11505	105	83	22	1052	874	178	202
"K_3238 Nannestad"	"2014"	11707	136	88	48	976	847	129	175
"K_3238 Nannestad"	"2015"	11882	113	63	50	1191	858	333	385
"K_3238 Nannestad"	"2016"	12267	131	81	50	1143	803	340	390
"K_3238 Nannestad"	"2017"	12657	130	71	59	1392	867	525	583
"K_3238 Nannestad"	"2018"	13240	180	86	94	1288	941	347	442
"K_3238 Nannestad"	"2019"	13682	163	81	82	1380	1007	373	457
"K_3238 Nannestad"	"2020"	14139	169	81	88	1365	959	406	498
"K_3238 Nannestad"	"2021"	14637	189	87	102	1375	1045	330	437
"K_3238 Nannestad"	"2022"	15074	160	85	75	1432	1052	380	456
"K_3238 Nannestad"	"2023"	15530	173	80	93	1508	1014	494	596
"K_3238 Nannestad"	"2024"	16126	..	..	..	..	..	..	..
"K_3240 Eidsvoll"	"1951"	12493	176	115	61	624	718	-94	-33
"K_3240 Eidsvoll"	"1952"	12460	220	101	119	545	670	-125	-6
"K_3240 Eidsvoll"	"1953"	12454	208	93	115	603	624	-21	94
"K_3240 Eidsvoll"	"1954"	12548	191	123	68	644	670	-26	42
"K_3240 Eidsvoll"	"1955"	12590	207	102	105	557	642	-85	89
"K_3240 Eidsvoll"	"1956"	12679	183	123	60	602	670	-68	-8
"K_3240 Eidsvoll"	"1957"	12671	219	136	83	587	668	-81	2
"K_3240 Eidsvoll"	"1958"	12673	191	124	67	584	586	-2	65
"K_3240 Eidsvoll"	"1959"	12738	187	112	75	546	557	-11	64
"K_3240 Eidsvoll"	"1960"	12802	181	145	36	552	670	-118	-80
"K_3240 Eidsvoll"	"1961"	12722	198	114	84	630	531	99	183
"K_3240 Eidsvoll"	"1962"	12905	195	134	61	548	582	-34	27
"K_3240 Eidsvoll"	"1963"	12932	195	187	8	620	567	53	61
"K_3240 Eidsvoll"	"1964"	12993	197	125	72	571	579	-8	64
"K_3240 Eidsvoll"	"1965"	13057	185	140	45	594	653	-59	-14
"K_3240 Eidsvoll"	"1966"	13043	203	151	52	633	631	2	17
"K_3240 Eidsvoll"	"1967"	13060	193	165	28	623	571	52	80
"K_3240 Eidsvoll"	"1968"	13140	208	178	30	642	523	119	162
"K_3240 Eidsvoll"	"1969"	13302	195	169	26	713	560	153	184
"K_3240 Eidsvoll"	"1970"	13486	199	164	35	984	584	400	397
"K_3240 Eidsvoll"	"1971"	13883	217	178	39	701	542	159	187
"K_3240 Eidsvoll"	"1972"	14070	182	187	-5	702	631	71	55
"K_3240 Eidsvoll"	"1973"	14125	180	197	-17	715	596	119	104
"K_3240 Eidsvoll"	"1974"	14229	211	162	49	685	640	45	85
"K_3240 Eidsvoll"	"1975"	14314	182	182	0	764	600	164	159
"K_3240 Eidsvoll"	"1976"	14473	182	186	-4	769	625	144	139
"K_3240 Eidsvoll"	"1977"	14612	159	195	-36	667	447	220	185
"K_3240 Eidsvoll"	"1978"	14797	149	182	-33	606	485	121	86
"K_3240 Eidsvoll"	"1979"	14883	134	162	-28	714	530	184	155
"K_3240 Eidsvoll"	"1980"	15038	151	184	-33	702	505	197	162
"K_3240 Eidsvoll"	"1981"	15200	161	204	-43	728	552	176	135
"K_3240 Eidsvoll"	"1982"	15335	182	193	-11	697	442	255	242
"K_3240 Eidsvoll"	"1983"	15577	168	218	-50	711	601	110	64
"K_3240 Eidsvoll"	"1984"	15641	148	178	-30	659	624	35	2
"K_3240 Eidsvoll"	"1985"	15643	155	201	-46	681	561	120	76
"K_3240 Eidsvoll"	"1986"	15719	167	190	-23	876	612	264	248
"K_3240 Eidsvoll"	"1987"	15967	181	215	-34	874	564	310	275
"K_3240 Eidsvoll"	"1988"	16242	201	224	-23	958	716	242	219
"K_3240 Eidsvoll"	"1989"	16461	217	210	7	968	801	167	166
"K_3240 Eidsvoll"	"1990"	16627	205	217	-12	797	760	37	21
"K_3240 Eidsvoll"	"1991"	16648	185	209	-24	659	602	57	33
"K_3240 Eidsvoll"	"1992"	16681	219	219	0	798	645	153	156
"K_3240 Eidsvoll"	"1993"	16837	169	230	-61	719	725	-6	-72
"K_3240 Eidsvoll"	"1994"	16765	197	185	12	710	696	14	31
"K_3240 Eidsvoll"	"1995"	16796	182	207	-25	750	720	30	1
"K_3240 Eidsvoll"	"1996"	16797	205	170	35	791	749	42	76
"K_3240 Eidsvoll"	"1997"	16873	203	212	-9	871	757	114	106
"K_3240 Eidsvoll"	"1998"	16979	181	192	-11	1018	784	234	224
"K_3240 Eidsvoll"	"1999"	17203	233	200	33	1067	780	287	321
"K_3240 Eidsvoll"	"2000"	17524	224	198	26	1101	930	171	197
"K_3240 Eidsvoll"	"2001"	17721	193	194	-1	1260	944	316	314
"K_3240 Eidsvoll"	"2002"	18035	187	229	-42	1076	987	89	48
"K_3240 Eidsvoll"	"2003"	18083	223	184	39	1077	860	217	255
"K_3240 Eidsvoll"	"2004"	18338	202	166	36	1135	865	270	299
"K_3240 Eidsvoll"	"2005"	18637	212	152	60	1098	875	223	286
"K_3240 Eidsvoll"	"2006"	18923	254	175	79	1197	874	323	411
"K_3240 Eidsvoll"	"2007"	19334	253	189	64	1419	891	528	582
"K_3240 Eidsvoll"	"2008"	19916	249	192	57	1293	939	354	405
"K_3240 Eidsvoll"	"2009"	20321	277	196	81	1313	1028	285	368
"K_3240 Eidsvoll"	"2010"	20689	262	200	62	1554	1164	390	439
"K_3240 Eidsvoll"	"2011"	21128	251	201	50	1568	1128	440	493
"K_3240 Eidsvoll"	"2012"	21621	258	181	77	1586	1139	447	521
"K_3240 Eidsvoll"	"2013"	22142	288	179	109	1698	1259	439	547
"K_3240 Eidsvoll"	"2014"	22689	236	152	84	1665	1206	459	549
"K_3240 Eidsvoll"	"2015"	23238	254	172	82	1758	1270	488	573
"K_3240 Eidsvoll"	"2016"	23811	284	191	93	1823	1307	516	604
"K_3240 Eidsvoll"	"2017"	24415	247	174	73	1682	1522	160	232
"K_3240 Eidsvoll"	"2018"	24647	269	159	110	1719	1561	158	272
"K_3240 Eidsvoll"	"2019"	24919	270	183	87	1811	1382	429	517
"K_3240 Eidsvoll"	"2020"	25436	253	219	34	2001	1445	556	595
"K_3240 Eidsvoll"	"2021"	26031	292	180	112	2060	1479	581	685
"K_3240 Eidsvoll"	"2022"	26716	269	218	51	2112	1539	573	622
"K_3240 Eidsvoll"	"2023"	27338	287	195	92	1993	1507	486	578
"K_3240 Eidsvoll"	"2024"	27916	..	..	..	..	..	..	..
"K_3242 Hurdal"	"1951"	2212	50	23	27	79	100	-21	6
"K_3242 Hurdal"	"1952"	2218	35	19	16	98	97	1	17
"K_3242 Hurdal"	"1953"	2235	32	21	11	75	90	-15	-4
"K_3242 Hurdal"	"1954"	2231	37	18	19	78	104	-26	-7
"K_3242 Hurdal"	"1955"	2224	52	18	34	103	114	-11	17
"K_3242 Hurdal"	"1956"	2241	39	18	21	105	133	-28	-7
"K_3242 Hurdal"	"1957"	2234	34	16	18	77	99	-22	-4
"K_3242 Hurdal"	"1958"	2230	33	21	12	83	110	-27	-15
"K_3242 Hurdal"	"1959"	2215	37	20	17	89	85	4	21
"K_3242 Hurdal"	"1960"	2236	40	23	17	121	113	8	47
"K_3242 Hurdal"	"1961"	2283	42	21	21	93	93	0	21
"K_3242 Hurdal"	"1962"	2304	38	26	12	57	87	-30	-18
"K_3242 Hurdal"	"1963"	2286	31	18	13	67	91	-24	-11
"K_3242 Hurdal"	"1964"	2275	34	30	4	65	87	-22	-18
"K_3242 Hurdal"	"1965"	2257	25	22	3	85	86	-1	2
"K_3242 Hurdal"	"1966"	2259	31	23	8	77	132	-55	-57
"K_3242 Hurdal"	"1967"	2202	30	27	3	86	78	8	11
"K_3242 Hurdal"	"1968"	2213	35	16	19	72	59	13	30
"K_3242 Hurdal"	"1969"	2243	30	34	-4	100	104	-4	-10
"K_3242 Hurdal"	"1970"	2233	27	25	2	83	128	-45	-42
"K_3242 Hurdal"	"1971"	2191	23	31	-8	128	92	36	26
"K_3242 Hurdal"	"1972"	2217	36	25	11	75	89	-14	-2
"K_3242 Hurdal"	"1973"	2215	25	25	0	115	83	32	28
"K_3242 Hurdal"	"1974"	2243	26	38	-12	125	97	28	14
"K_3242 Hurdal"	"1975"	2257	35	19	16	109	67	42	58
"K_3242 Hurdal"	"1976"	2315	30	24	6	109	105	4	9
"K_3242 Hurdal"	"1977"	2324	31	25	6	111	80	31	37
"K_3242 Hurdal"	"1978"	2361	28	27	1	173	91	82	83
"K_3242 Hurdal"	"1979"	2444	31	20	11	127	112	15	25
"K_3242 Hurdal"	"1980"	2469	26	28	-2	110	109	1	-1
"K_3242 Hurdal"	"1981"	2468	27	21	6	106	111	-5	1
"K_3242 Hurdal"	"1982"	2469	28	29	-1	131	102	29	28
"K_3242 Hurdal"	"1983"	2497	28	30	-2	108	113	-5	-8
"K_3242 Hurdal"	"1984"	2489	25	29	-4	97	72	25	20
"K_3242 Hurdal"	"1985"	2509	25	25	0	74	91	-17	-14
"K_3242 Hurdal"	"1986"	2495	21	26	-5	113	99	14	8
"K_3242 Hurdal"	"1987"	2503	18	21	-3	194	151	43	38
"K_3242 Hurdal"	"1988"	2541	34	34	0	178	152	26	27
"K_3242 Hurdal"	"1989"	2568	34	34	0	196	216	-20	-23
"K_3242 Hurdal"	"1990"	2545	21	30	-9	136	131	5	-5
"K_3242 Hurdal"	"1991"	2540	32	29	3	153	133	20	25
"K_3242 Hurdal"	"1992"	2565	33	31	2	118	147	-29	-31
"K_3242 Hurdal"	"1993"	2534	29	38	-9	126	111	15	8
"K_3242 Hurdal"	"1994"	2542	30	26	4	234	226	8	6
"K_3242 Hurdal"	"1995"	2548	25	26	-1	146	122	24	21
"K_3242 Hurdal"	"1996"	2569	19	23	-4	172	139	33	29
"K_3242 Hurdal"	"1997"	2598	36	30	6	155	148	7	13
"K_3242 Hurdal"	"1998"	2611	22	30	-8	179	145	34	25
"K_3242 Hurdal"	"1999"	2636	38	27	11	141	140	1	12
"K_3242 Hurdal"	"2000"	2648	32	28	4	161	171	-10	-6
"K_3242 Hurdal"	"2001"	2642	16	28	-12	158	171	-13	-18
"K_3242 Hurdal"	"2002"	2624	32	31	1	181	139	42	40
"K_3242 Hurdal"	"2003"	2664	20	29	-9	166	141	25	15
"K_3242 Hurdal"	"2004"	2679	34	26	8	130	216	-86	-77
"K_3242 Hurdal"	"2005"	2602	22	25	-3	145	133	12	9
"K_3242 Hurdal"	"2006"	2611	15	29	-14	123	126	-3	-17
"K_3242 Hurdal"	"2007"	2594	22	21	1	139	154	-15	-13
"K_3242 Hurdal"	"2008"	2581	23	22	1	159	119	40	40
"K_3242 Hurdal"	"2009"	2621	27	30	-3	137	137	0	-4
"K_3242 Hurdal"	"2010"	2617	24	31	-7	158	149	9	2
"K_3242 Hurdal"	"2011"	2619	28	34	-6	172	128	44	38
"K_3242 Hurdal"	"2012"	2657	27	35	-8	167	131	36	28
"K_3242 Hurdal"	"2013"	2685	27	25	2	187	179	8	10
"K_3242 Hurdal"	"2014"	2695	26	24	2	208	153	55	57
"K_3242 Hurdal"	"2015"	2752	25	33	-8	258	166	92	85
"K_3242 Hurdal"	"2016"	2837	33	26	7	291	224	67	73
"K_3242 Hurdal"	"2017"	2910	34	29	5	281	293	-12	-7
"K_3242 Hurdal"	"2018"	2903	25	25	0	211	250	-39	-39
"K_3242 Hurdal"	"2019"	2864	20	33	-13	198	196	2	-10
"K_3242 Hurdal"	"2020"	2854	26	21	5	183	202	-19	-16
"K_3242 Hurdal"	"2021"	2838	35	32	3	247	185	62	67
"K_3242 Hurdal"	"2022"	2905	22	25	-3	199	157	42	39
"K_3242 Hurdal"	"2023"	2944	29	30	-1	372	274	98	97
"K_3242 Hurdal"	"2024"	3041	..	..	..	..	..	..	..
"K_0301 Oslo"	"1951"	434365	5713	3794	1919	14769	13869	900	2819
"K_0301 Oslo"	"1952"	437184	5652	4010	1642	14268	12420	1848	3490
"K_0301 Oslo"	"1953"	440674	5847	3996	1851	16070	14554	1516	3367
"K_0301 Oslo"	"1954"	444041	5878	3932	1946	15220	14143	1077	3023
"K_0301 Oslo"	"1955"	447064	5910	4132	1778	15620	14670	950	4183
"K_0301 Oslo"	"1956"	451247	6102	4414	1688	16858	14680	2178	3866
"K_0301 Oslo"	"1957"	455113	6188	4434	1754	21184	16460	4724	6478
"K_0301 Oslo"	"1958"	461591	6470	4600	1870	18016	15766	2250	4120
"K_0301 Oslo"	"1959"	465711	6403	4710	1693	19988	15881	4107	5800
"K_0301 Oslo"	"1960"	471511	6543	4881	1662	22243	21353	890	4152
"K_0301 Oslo"	"1961"	475663	6574	5020	1554	19282	16038	3244	4798
"K_0301 Oslo"	"1962"	480461	6521	5237	1284	21562	20983	579	1863
"K_0301 Oslo"	"1963"	482324	6442	5691	751	20628	18992	1636	2387
"K_0301 Oslo"	"1964"	484711	6830	5309	1521	19564	22247	-2683	-1162
"K_0301 Oslo"	"1965"	483549	6968	5260	1708	21093	22593	-1500	208
"K_0301 Oslo"	"1966"	483757	6899	5448	1451	20309	22805	-2496	3767
"K_0301 Oslo"	"1967"	487524	6663	5514	1149	22993	23435	-442	707
"K_0301 Oslo"	"1968"	488231	7112	5723	1389	23440	25048	-1608	98
"K_0301 Oslo"	"1969"	488329	7050	5869	1181	23996	26359	-2363	-966
"K_0301 Oslo"	"1970"	487363	6628	5909	719	26534	32825	-6291	-5815
"K_0301 Oslo"	"1971"	481548	6598	5822	776	22723	26970	-4247	-5985
"K_0301 Oslo"	"1972"	475563	6480	5704	776	24137	27903	-3766	-2954
"K_0301 Oslo"	"1973"	472609	5962	5939	23	23353	27617	-4264	-4095
"K_0301 Oslo"	"1974"	468514	6028	5881	147	23571	26881	-3310	-3177
"K_0301 Oslo"	"1975"	465337	5590	5929	-339	23722	25632	-1910	-2315
"K_0301 Oslo"	"1976"	463022	5463	5984	-521	23283	23342	-59	-525
"K_0301 Oslo"	"1977"	462497	5231	6006	-775	22411	23855	-1444	-2120
"K_0301 Oslo"	"1978"	460377	5401	6203	-802	21747	23931	-2184	-2931
"K_0301 Oslo"	"1979"	457446	5327	6225	-898	21659	23740	-2081	-2627
"K_0301 Oslo"	"1980"	454872	5336	6211	-875	22795	24847	-2052	-2849
"K_0301 Oslo"	"1981"	452023	5072	6249	-1177	22860	23858	-998	-1637
"K_0301 Oslo"	"1982"	450386	5237	5934	-697	22746	23700	-954	-1611
"K_0301 Oslo"	"1983"	448775	5056	6183	-1127	23966	24425	-459	-1518
"K_0301 Oslo"	"1984"	447257	5234	6227	-993	24114	23113	1001	94
"K_0301 Oslo"	"1985"	447351	5610	6462	-852	25437	22738	2699	2044
"K_0301 Oslo"	"1986"	449395	5965	6259	-294	25682	23254	2428	1950
"K_0301 Oslo"	"1987"	451345	6178	6577	-399	27331	24846	2485	2385
"K_0301 Oslo"	"1988"	453730	6639	6502	137	27520	25729	1791	2394
"K_0301 Oslo"	"1989"	456124	7005	6246	759	25543	24294	1249	2240
"K_0301 Oslo"	"1990"	458364	7308	6291	1017	24168	21884	2284	3280
"K_0301 Oslo"	"1991"	461644	7229	6182	1047	24991	20128	4863	5797
"K_0301 Oslo"	"1992"	467441	7335	5990	1345	24679	20039	4640	6013
"K_0301 Oslo"	"1993"	473454	7366	6319	1047	25851	22411	3440	4327
"K_0301 Oslo"	"1994"	477781	7542	5757	1785	26693	22946	3747	5620
"K_0301 Oslo"	"1995"	483401	7688	5979	1709	28279	24736	3543	5258
"K_0301 Oslo"	"1996"	488659	7751	5685	2066	29614	25393	4221	6134
"K_0301 Oslo"	"1997"	494793	7793	5480	2313	30612	27111	3501	4900
"K_0301 Oslo"	"1998"	499693	7717	5425	2292	31443	30535	908	3174
"K_0301 Oslo"	"1999"	502867	7822	5591	2231	32160	29820	2340	4600
"K_0301 Oslo"	"2000"	507467	7864	5270	2594	31585	32941	-1356	1259
"K_0301 Oslo"	"2001"	508726	7734	5348	2386	33140	31652	1488	3863
"K_0301 Oslo"	"2002"	512589	7811	5270	2541	32055	29865	2190	4812
"K_0301 Oslo"	"2003"	517401	8258	4994	3264	30782	29568	1214	4485
"K_0301 Oslo"	"2004"	521886	8663	4854	3809	32674	28845	3829	7960
"K_0301 Oslo"	"2005"	529846	8969	4724	4245	33359	29004	4355	8565
"K_0301 Oslo"	"2006"	538411	9410	4674	4736	36675	30830	5845	10206
"K_0301 Oslo"	"2007"	548617	9444	4565	4879	39963	32922	7041	11867
"K_0301 Oslo"	"2008"	560484	9948	4553	5395	40764	31032	9732	14991
"K_0301 Oslo"	"2009"	575475	10254	4383	5871	38784	33197	5587	11385
"K_0301 Oslo"	"2010"	586860	10267	4308	5959	43241	36706	6535	12370
"K_0301 Oslo"	"2011"	599230	10168	4350	5818	46958	38633	8325	14055
"K_0301 Oslo"	"2012"	613285	10133	4362	5771	45372	40292	5080	10681
"K_0301 Oslo"	"2013"	623966	9874	4153	5721	45640	40736	4904	10497
"K_0301 Oslo"	"2014"	634463	10154	3956	6198	45363	38174	7189	13213
"K_0301 Oslo"	"2015"	647676	9899	4042	5857	46660	41733	4927	10714
"K_0301 Oslo"	"2016"	658390	10042	4038	6004	43648	41247	2401	8367
"K_0301 Oslo"	"2017"	666759	9548	3952	5596	43866	42762	1104	6709
"K_0301 Oslo"	"2018"	673469	9309	3894	5415	43867	41653	2214	7598
"K_0301 Oslo"	"2019"	681071	9343	3791	5552	45885	38993	6892	12420
"K_0301 Oslo"	"2020"	693494	9199	3868	5331	42048	43856	-1808	3516
"K_0301 Oslo"	"2021"	697010	9563	4030	5533	45162	48040	-2878	2817
"K_0301 Oslo"	"2022"	699827	8407	4152	4255	47973	43285	4688	9210
"K_0301 Oslo"	"2023"	709037	8561	4020	4541	46224	42006	4218	8673
"K_0301 Oslo"	"2024"	717710	..	..	..	..	..	..	..
"K_3301 Drammen"	"1951"	51450	844	447	397	2760	2544	216	613
"K_3301 Drammen"	"1952"	54782	831	464	367	3006	2841	165	532
"K_3301 Drammen"	"1953"	55314	920	473	447	3296	3004	292	739
"K_3301 Drammen"	"1954"	56053	853	499	354	3271	3074	197	551
"K_3301 Drammen"	"1955"	56744	884	501	383	3540	3202	338	766
"K_3301 Drammen"	"1956"	57510	960	515	445	3489	3403	86	531
"K_3301 Drammen"	"1957"	58041	901	477	424	3275	2999	276	700
"K_3301 Drammen"	"1958"	58741	884	583	301	2989	2976	13	314
"K_3301 Drammen"	"1959"	59055	910	528	382	3247	2947	300	682
"K_3301 Drammen"	"1960"	59737	908	581	327	3702	3331	371	778
"K_3301 Drammen"	"1961"	60564	933	662	271	3705	3475	230	501
"K_3301 Drammen"	"1962"	61065	921	614	307	3877	3561	316	623
"K_3301 Drammen"	"1963"	61688	974	692	282	4049	3566	483	765
"K_3301 Drammen"	"1964"	62453	1005	626	379	3273	2706	567	946
"K_3301 Drammen"	"1965"	63399	1080	620	460	3199	2734	465	925
"K_3301 Drammen"	"1966"	64455	1064	625	439	3207	3070	137	596
"K_3301 Drammen"	"1967"	65051	1084	678	406	3488	3109	379	785
"K_3301 Drammen"	"1968"	65836	1122	715	407	3688	2995	693	1104
"K_3301 Drammen"	"1969"	66940	1095	754	341	3769	3289	480	816
"K_3301 Drammen"	"1970"	67756	1065	766	299	4558	3856	702	1004
"K_3301 Drammen"	"1971"	68760	1143	718	425	4122	3723	399	807
"K_3301 Drammen"	"1972"	69567	1193	674	519	4110	4021	89	631
"K_3301 Drammen"	"1973"	70198	1065	726	339	4076	3751	325	652
"K_3301 Drammen"	"1974"	70850	1042	773	269	4219	4007	212	423
"K_3301 Drammen"	"1975"	71273	981	731	250	4264	4030	234	448
"K_3301 Drammen"	"1976"	71721	910	735	175	4093	3716	377	561
"K_3301 Drammen"	"1977"	72282	853	762	91	3911	3791	120	208
"K_3301 Drammen"	"1978"	72490	875	782	93	3304	3730	-426	-327
"K_3301 Drammen"	"1979"	72163	809	758	51	3323	3688	-365	-315
"K_3301 Drammen"	"1980"	71848	806	784	22	3919	3799	120	144
"K_3301 Drammen"	"1981"	71992	836	778	58	4382	3614	768	821
"K_3301 Drammen"	"1982"	72813	854	780	74	4345	3570	775	845
"K_3301 Drammen"	"1983"	73658	850	784	66	4120	3786	334	394
"K_3301 Drammen"	"1984"	74052	896	799	97	3799	3805	-6	103
"K_3301 Drammen"	"1985"	74155	885	848	37	4213	3894	319	379
"K_3301 Drammen"	"1986"	74534	889	831	58	4817	4062	755	791
"K_3301 Drammen"	"1987"	75325	981	832	149	4821	4167	654	823
"K_3301 Drammen"	"1988"	76148	1016	838	178	4479	4223	256	441
"K_3301 Drammen"	"1989"	76589	1073	889	184	4227	4288	-61	116
"K_3301 Drammen"	"1990"	76705	1083	898	185	3647	3817	-170	7
"K_3301 Drammen"	"1991"	76712	1031	895	136	3819	3748	71	212
"K_3301 Drammen"	"1992"	76924	1008	864	144	3861	3719	142	292
"K_3301 Drammen"	"1993"	77216	972	892	80	3939	3694	245	323
"K_3301 Drammen"	"1994"	77539	1009	835	174	4253	3880	373	552
"K_3301 Drammen"	"1995"	78091	1028	868	160	4024	3897	127	275
"K_3301 Drammen"	"1996"	78366	1009	838	171	4491	4175	316	485
"K_3301 Drammen"	"1997"	78851	1059	931	128	5083	4281	802	926
"K_3301 Drammen"	"1998"	79777	988	798	190	5069	4270	799	985
"K_3301 Drammen"	"1999"	80762	1098	940	158	5088	4404	684	840
"K_3301 Drammen"	"2000"	81602	1036	894	142	5343	4713	630	771
"K_3301 Drammen"	"2001"	82373	1031	865	166	5413	4709	704	865
"K_3301 Drammen"	"2002"	83238	1010	862	148	5251	4712	539	686
"K_3301 Drammen"	"2003"	83924	1049	785	264	5165	4834	331	586
"K_3301 Drammen"	"2004"	84510	1081	776	305	5105	4789	316	601
"K_3301 Drammen"	"2005"	85111	1059	800	259	5255	4757	498	766
"K_3301 Drammen"	"2006"	85877	1091	835	256	5756	4816	940	1196
"K_3301 Drammen"	"2007"	87073	1074	797	277	6239	4895	1344	1627
"K_3301 Drammen"	"2008"	88700	1153	809	344	5884	4719	1165	1496
"K_3301 Drammen"	"2009"	90196	1144	787	357	5915	4742	1173	1523
"K_3301 Drammen"	"2010"	91719	1046	797	249	6349	5338	1011	1274
"K_3301 Drammen"	"2011"	92993	1131	779	352	6673	5580	1093	1447
"K_3301 Drammen"	"2012"	94440	1141	823	318	7103	6172	931	1243
"K_3301 Drammen"	"2013"	95683	1056	805	251	6833	6165	668	922
"K_3301 Drammen"	"2014"	96605	1105	775	330	7037	6211	826	1166
"K_3301 Drammen"	"2015"	97771	1079	773	306	7096	6258	838	1159
"K_3301 Drammen"	"2016"	98930	1062	782	280	7096	6576	520	804
"K_3301 Drammen"	"2017"	99734	1055	793	262	6996	6704	292	568
"K_3301 Drammen"	"2018"	100302	1011	771	240	6703	6675	28	279
"K_3301 Drammen"	"2019"	100581	1001	786	215	6981	6395	586	806
"K_3301 Drammen"	"2020"	101386	921	811	110	5500	5142	358	473
"K_3301 Drammen"	"2021"	101859	1025	806	219	5824	5605	219	443
"K_3301 Drammen"	"2022"	102273	903	824	79	6117	5163	954	1018
"K_3301 Drammen"	"2023"	103291	946	828	118	6268	5211	1057	1196
"K_3301 Drammen"	"2024"	104487	..	..	..	..	..	..	..
"K_3303 Kongsberg"	"1951"	13825	224	123	101	663	604	59	160
"K_3303 Kongsberg"	"1952"	13985	221	143	78	610	575	35	113
"K_3303 Kongsberg"	"1953"	14098	264	134	130	700	643	57	187
"K_3303 Kongsberg"	"1954"	14285	238	133	105	676	616	60	165
"K_3303 Kongsberg"	"1955"	14450	243	149	94	748	665	83	162
"K_3303 Kongsberg"	"1956"	14612	266	141	125	809	656	153	278
"K_3303 Kongsberg"	"1957"	14890	231	153	78	812	653	159	237
"K_3303 Kongsberg"	"1958"	15127	247	140	107	763	702	61	168
"K_3303 Kongsberg"	"1959"	15295	236	135	101	738	746	-8	93
"K_3303 Kongsberg"	"1960"	15388	247	153	94	832	815	17	85
"K_3303 Kongsberg"	"1961"	15473	267	156	111	816	751	65	176
"K_3303 Kongsberg"	"1962"	15649	249	145	104	989	696	293	397
"K_3303 Kongsberg"	"1963"	16046	270	185	85	1196	752	444	529
"K_3303 Kongsberg"	"1964"	16799	295	159	136	927	609	318	454
"K_3303 Kongsberg"	"1965"	17253	292	180	112	889	741	148	260
"K_3303 Kongsberg"	"1966"	17513	306	161	145	728	835	-107	33
"K_3303 Kongsberg"	"1967"	17546	295	165	130	832	739	93	223
"K_3303 Kongsberg"	"1968"	17769	297	195	102	1016	839	177	293
"K_3303 Kongsberg"	"1969"	18062	310	175	135	854	820	34	176
"K_3303 Kongsberg"	"1970"	18238	293	179	114	1231	1087	144	259
"K_3303 Kongsberg"	"1971"	18497	322	180	142	1240	866	374	507
"K_3303 Kongsberg"	"1972"	19004	343	199	144	984	864	120	270
"K_3303 Kongsberg"	"1973"	19274	286	174	112	929	968	-39	73
"K_3303 Kongsberg"	"1974"	19347	276	185	91	1128	906	222	306
"K_3303 Kongsberg"	"1975"	19653	282	206	76	1113	991	122	196
"K_3303 Kongsberg"	"1976"	19849	291	184	107	1202	959	243	340
"K_3303 Kongsberg"	"1977"	20189	273	228	45	1109	964	145	186
"K_3303 Kongsberg"	"1978"	20375	243	206	37	912	939	-27	10
"K_3303 Kongsberg"	"1979"	20385	231	214	17	1071	965	106	124
"K_3303 Kongsberg"	"1980"	20509	249	215	34	953	949	4	36
"K_3303 Kongsberg"	"1981"	20545	260	209	51	975	870	105	158
"K_3303 Kongsberg"	"1982"	20703	280	215	65	754	903	-149	-82
"K_3303 Kongsberg"	"1983"	20621	242	226	16	846	763	83	99
"K_3303 Kongsberg"	"1984"	20720	249	175	74	782	663	119	193
"K_3303 Kongsberg"	"1985"	20913	243	197	46	938	846	92	147
"K_3303 Kongsberg"	"1986"	21060	223	206	17	926	798	128	145
"K_3303 Kongsberg"	"1987"	21205	256	208	48	842	833	9	57
"K_3303 Kongsberg"	"1988"	21262	251	211	40	837	919	-82	-45
"K_3303 Kongsberg"	"1989"	21217	248	209	39	753	823	-70	-38
"K_3303 Kongsberg"	"1990"	21179	256	198	58	747	827	-80	-10
"K_3303 Kongsberg"	"1991"	21169	252	213	39	676	753	-77	-22
"K_3303 Kongsberg"	"1992"	21147	233	203	30	834	736	98	111
"K_3303 Kongsberg"	"1993"	21258	219	224	-5	673	668	5	0
"K_3303 Kongsberg"	"1994"	21258	248	201	47	837	617	220	264
"K_3303 Kongsberg"	"1995"	21522	269	225	44	847	710	137	182
"K_3303 Kongsberg"	"1996"	21704	266	213	53	854	856	-2	53
"K_3303 Kongsberg"	"1997"	21757	246	242	4	972	851	121	127
"K_3303 Kongsberg"	"1998"	21884	264	206	58	1008	841	167	220
"K_3303 Kongsberg"	"1999"	22104	251	209	42	995	845	150	189
"K_3303 Kongsberg"	"2000"	22293	258	203	55	1089	954	135	191
"K_3303 Kongsberg"	"2001"	22484	244	220	24	1128	979	149	173
"K_3303 Kongsberg"	"2002"	22657	258	226	32	1014	789	225	251
"K_3303 Kongsberg"	"2003"	22908	274	198	76	1088	914	174	246
"K_3303 Kongsberg"	"2004"	23154	251	186	65	1004	981	23	90
"K_3303 Kongsberg"	"2005"	23244	257	225	32	1038	996	42	71
"K_3303 Kongsberg"	"2006"	23315	301	175	126	1176	976	200	329
"K_3303 Kongsberg"	"2007"	23644	314	193	121	1264	1031	233	353
"K_3303 Kongsberg"	"2008"	23997	286	198	88	1237	938	299	384
"K_3303 Kongsberg"	"2009"	24381	311	228	83	1230	973	257	333
"K_3303 Kongsberg"	"2010"	24714	294	209	85	1383	1091	292	376
"K_3303 Kongsberg"	"2011"	25090	280	195	85	1487	1195	292	389
"K_3303 Kongsberg"	"2012"	25479	298	206	92	1551	1233	318	408
"K_3303 Kongsberg"	"2013"	25887	250	195	55	1625	1160	465	519
"K_3303 Kongsberg"	"2014"	26406	272	189	83	1499	1278	221	305
"K_3303 Kongsberg"	"2015"	26711	266	203	63	1576	1340	236	302
"K_3303 Kongsberg"	"2016"	27013	268	170	98	1595	1493	102	203
"K_3303 Kongsberg"	"2017"	27216	262	235	27	1582	1416	166	194
"K_3303 Kongsberg"	"2018"	27410	241	210	31	1475	1437	38	71
"K_3303 Kongsberg"	"2019"	27481	212	207	5	1498	1259	239	241
"K_3303 Kongsberg"	"2020"	27723	234	206	28	1336	1391	-55	-29
"K_3303 Kongsberg"	"2021"	27694	225	211	14	1569	1398	171	185
"K_3303 Kongsberg"	"2022"	27879	209	247	-38	3341	2392	949	914
"K_3303 Kongsberg"	"2023"	28793	244	234	10	3023	2977	46	55
"K_3303 Kongsberg"	"2024"	28848	..	..	..	..	..	..	..
"K_3305 Ringerike"	"1951"	0	0	0	0	0	0	0	0
"K_3305 Ringerike"	"1952"	0	0	0	0	0	0	0	0
"K_3305 Ringerike"	"1953"	0	0	0	0	0	0	0	0
"K_3305 Ringerike"	"1954"	0	0	0	0	0	0	0	0
"K_3305 Ringerike"	"1955"	0	0	0	0	0	0	0	0
"K_3305 Ringerike"	"1956"	0	0	0	0	0	0	0	0
"K_3305 Ringerike"	"1957"	0	0	0	0	0	0	0	0
"K_3305 Ringerike"	"1958"	0	0	0	0	0	0	0	0
"K_3305 Ringerike"	"1959"	0	0	0	0	0	0	0	0
"K_3305 Ringerike"	"1960"	0	0	0	0	0	0	0	0
"K_3305 Ringerike"	"1961"	0	0	0	0	0	0	0	0
"K_3305 Ringerike"	"1962"	0	0	0	0	0	0	0	0
"K_3305 Ringerike"	"1963"	0	0	0	0	0	0	0	0
"K_3305 Ringerike"	"1964"	0	0	0	0	0	0	0	0
"K_3305 Ringerike"	"1965"	0	0	0	0	0	0	0	0
"K_3305 Ringerike"	"1966"	0	0	0	0	0	0	0	0
"K_3305 Ringerike"	"1967"	0	0	0	0	0	0	0	0
"K_3305 Ringerike"	"1968"	0	0	0	0	0	0	0	0
"K_3305 Ringerike"	"1969"	0	0	0	0	0	0	0	0
"K_3305 Ringerike"	"1970"	0	0	0	0	0	0	0	0
"K_3305 Ringerike"	"1971"	0	0	0	0	0	0	0	0
"K_3305 Ringerike"	"1972"	0	0	0	0	0	0	0	0
"K_3305 Ringerike"	"1973"	0	0	0	0	0	0	0	0
"K_3305 Ringerike"	"1974"	0	0	0	0	0	0	0	0
"K_3305 Ringerike"	"1975"	0	0	0	0	0	0	0	0
"K_3305 Ringerike"	"1976"	0	0	0	0	0	0	0	0
"K_3305 Ringerike"	"1977"	26420	290	313	-23	1185	997	188	165
"K_3305 Ringerike"	"1978"	26585	329	301	28	1232	986	246	254
"K_3305 Ringerike"	"1979"	26839	315	282	33	978	971	7	30
"K_3305 Ringerike"	"1980"	26856	306	291	15	1158	1058	100	111
"K_3305 Ringerike"	"1981"	26967	286	320	-34	1045	1108	-63	-97
"K_3305 Ringerike"	"1982"	26870	285	296	-11	1065	1096	-31	-42
"K_3305 Ringerike"	"1983"	26828	279	304	-25	950	950	0	-31
"K_3305 Ringerike"	"1984"	26797	296	288	8	946	880	66	73
"K_3305 Ringerike"	"1985"	26870	275	285	-10	1060	1107	-47	-73
"K_3305 Ringerike"	"1986"	26797	259	326	-67	1069	1003	66	-13
"K_3305 Ringerike"	"1987"	26784	321	308	13	1230	1054	176	190
"K_3305 Ringerike"	"1988"	26974	327	331	-4	1159	1020	139	134
"K_3305 Ringerike"	"1989"	27108	363	328	35	1205	1067	138	167
"K_3305 Ringerike"	"1990"	27275	332	339	-7	1187	1088	99	91
"K_3305 Ringerike"	"1991"	27366	360	327	33	1110	1100	10	30
"K_3305 Ringerike"	"1992"	27396	348	319	29	956	1006	-50	-22
"K_3305 Ringerike"	"1993"	27374	332	303	29	913	918	-5	27
"K_3305 Ringerike"	"1994"	27401	346	323	23	1015	1038	-23	6
"K_3305 Ringerike"	"1995"	27407	328	328	0	1128	1107	21	29
"K_3305 Ringerike"	"1996"	27436	303	323	-20	1051	1013	38	17
"K_3305 Ringerike"	"1997"	27453	320	300	20	1207	1015	192	211
"K_3305 Ringerike"	"1998"	27664	306	346	-40	1243	1060	183	136
"K_3305 Ringerike"	"1999"	27800	270	342	-72	1340	1153	187	117
"K_3305 Ringerike"	"2000"	27917	309	346	-37	1243	1092	151	113
"K_3305 Ringerike"	"2001"	28030	273	324	-51	1161	1227	-66	-118
"K_3305 Ringerike"	"2002"	27912	276	343	-67	1292	1078	214	143
"K_3305 Ringerike"	"2003"	28055	277	279	-2	1177	1161	16	5
"K_3305 Ringerike"	"2004"	28060	311	305	6	1109	1088	21	19
"K_3305 Ringerike"	"2005"	28079	278	304	-26	1147	1002	145	118
"K_3305 Ringerike"	"2006"	28197	265	292	-27	1242	1037	205	188
"K_3305 Ringerike"	"2007"	28385	272	336	-64	1349	1146	203	138
"K_3305 Ringerike"	"2008"	28523	309	327	-18	1284	1145	139	122
"K_3305 Ringerike"	"2009"	28645	317	314	3	1305	1143	162	161
"K_3305 Ringerike"	"2010"	28806	317	294	23	1353	1241	112	140
"K_3305 Ringerike"	"2011"	28946	299	300	-1	1543	1254	289	290
"K_3305 Ringerike"	"2012"	29236	257	292	-35	1493	1292	201	164
"K_3305 Ringerike"	"2013"	29400	269	283	-14	1547	1322	225	224
"K_3305 Ringerike"	"2014"	29624	292	316	-24	1502	1386	116	88
"K_3305 Ringerike"	"2015"	29712	240	298	-58	1545	1403	142	89
"K_3305 Ringerike"	"2016"	29801	253	302	-49	1636	1360	276	233
"K_3305 Ringerike"	"2017"	30034	251	273	-22	1657	1387	270	249
"K_3305 Ringerike"	"2018"	30283	257	282	-25	1544	1359	185	159
"K_3305 Ringerike"	"2019"	30442	264	310	-46	1565	1320	245	199
"K_3305 Ringerike"	"2020"	30641	236	291	-55	1619	1370	249	194
"K_3305 Ringerike"	"2021"	30835	263	304	-41	1727	1504	223	176
"K_3305 Ringerike"	"2022"	31011	262	335	-73	2170	1671	499	433
"K_3305 Ringerike"	"2023"	31444	254	321	-67	1708	1506	202	137
"K_3305 Ringerike"	"2024"	31581	..	..	..	..	..	..	..
"K_3310 Hole"	"1951"	2570	61	17	44	237	190	47	91
"K_3310 Hole"	"1952"	2661	51	18	33	171	249	-78	-45
"K_3310 Hole"	"1953"	2616	56	29	27	202	219	-17	10
"K_3310 Hole"	"1954"	2626	41	18	23	189	196	-7	7
"K_3310 Hole"	"1955"	2642	47	22	25	237	196	41	115
"K_3310 Hole"	"1956"	2757	55	24	31	206	198	8	39
"K_3310 Hole"	"1957"	2796	51	16	35	212	189	23	58
"K_3310 Hole"	"1958"	2854	60	28	32	237	178	59	91
"K_3310 Hole"	"1959"	2945	59	33	26	200	223	-23	3
"K_3310 Hole"	"1960"	2948	53	24	29	269	260	9	-16
"K_3310 Hole"	"1961"	2932	58	26	32	290	204	86	118
"K_3310 Hole"	"1962"	3050	58	27	31	202	199	3	34
"K_3310 Hole"	"1963"	3084	56	32	24	299	223	76	100
"K_3310 Hole"	"1964"	0	0	0	0	0	0	0	0
"K_3310 Hole"	"1965"	0	0	0	0	0	0	0	0
"K_3310 Hole"	"1966"	0	0	0	0	0	0	0	0
"K_3310 Hole"	"1967"	0	0	0	0	0	0	0	0
"K_3310 Hole"	"1968"	0	0	0	0	0	0	0	0
"K_3310 Hole"	"1969"	0	0	0	0	0	0	0	0
"K_3310 Hole"	"1970"	0	0	0	0	0	0	0	0
"K_3310 Hole"	"1971"	0	0	0	0	0	0	0	0
"K_3310 Hole"	"1972"	0	0	0	0	0	0	0	0
"K_3310 Hole"	"1973"	0	0	0	0	0	0	0	0
"K_3310 Hole"	"1974"	0	0	0	0	0	0	0	0
"K_3310 Hole"	"1975"	0	0	0	0	0	0	0	0
"K_3310 Hole"	"1976"	0	0	0	0	0	0	0	0
"K_3310 Hole"	"1977"	3915	41	45	-4	257	283	-26	-30
"K_3310 Hole"	"1978"	3885	43	51	-8	236	226	10	19
"K_3310 Hole"	"1979"	3904	44	51	-7	345	229	116	110
"K_3310 Hole"	"1980"	4027	34	58	-24	291	306	-15	-40
"K_3310 Hole"	"1981"	3987	41	44	-3	382	249	133	131
"K_3310 Hole"	"1982"	4118	29	50	-21	347	272	75	54
"K_3310 Hole"	"1983"	4172	42	47	-5	236	256	-20	-26
"K_3310 Hole"	"1984"	4146	45	45	0	343	274	69	69
"K_3310 Hole"	"1985"	4215	45	64	-19	335	292	43	21
"K_3310 Hole"	"1986"	4236	39	66	-27	322	260	62	34
"K_3310 Hole"	"1987"	4270	50	60	-10	346	268	78	72
"K_3310 Hole"	"1988"	4342	58	34	24	352	291	61	80
"K_3310 Hole"	"1989"	4422	64	45	19	458	418	40	63
"K_3310 Hole"	"1990"	4485	56	68	-12	334	273	61	46
"K_3310 Hole"	"1991"	4531	61	40	21	326	350	-24	-5
"K_3310 Hole"	"1992"	4526	58	49	9	338	303	35	47
"K_3310 Hole"	"1993"	4573	62	41	21	288	305	-17	3
"K_3310 Hole"	"1994"	4576	52	53	-1	359	305	54	54
"K_3310 Hole"	"1995"	4630	60	50	10	389	314	75	80
"K_3310 Hole"	"1996"	4710	52	45	7	330	308	22	26
"K_3310 Hole"	"1997"	4736	67	54	13	344	306	38	51
"K_3310 Hole"	"1998"	4787	54	40	14	401	300	101	114
"K_3310 Hole"	"1999"	4901	60	54	6	399	330	69	76
"K_3310 Hole"	"2000"	4977	54	51	3	371	326	45	47
"K_3310 Hole"	"2001"	5024	59	48	11	424	342	82	93
"K_3310 Hole"	"2002"	5117	48	41	7	365	408	-43	-17
"K_3310 Hole"	"2003"	5100	65	35	30	425	355	70	99
"K_3310 Hole"	"2004"	5199	63	53	10	378	360	18	30
"K_3310 Hole"	"2005"	5229	55	50	5	404	330	74	78
"K_3310 Hole"	"2006"	5307	53	42	11	468	350	118	129
"K_3310 Hole"	"2007"	5436	62	39	23	489	323	166	186
"K_3310 Hole"	"2008"	5622	71	41	30	541	335	206	239
"K_3310 Hole"	"2009"	5861	68	48	20	404	307	97	115
"K_3310 Hole"	"2010"	5976	77	45	32	518	390	128	164
"K_3310 Hole"	"2011"	6140	65	47	18	553	389	164	182
"K_3310 Hole"	"2012"	6322	81	37	44	523	427	96	141
"K_3310 Hole"	"2013"	6463	66	54	12	567	445	122	132
"K_3310 Hole"	"2014"	6595	71	49	22	567	486	81	103
"K_3310 Hole"	"2015"	6698	69	52	17	529	477	52	69
"K_3310 Hole"	"2016"	6767	58	43	15	463	473	-10	5
"K_3310 Hole"	"2017"	6772	64	55	9	456	405	51	61
"K_3310 Hole"	"2018"	6833	63	53	10	457	454	3	12
"K_3310 Hole"	"2019"	6845	53	54	-1	379	424	-45	-46
"K_3310 Hole"	"2020"	6799	67	47	20	384	396	-12	12
"K_3310 Hole"	"2021"	6811	56	53	3	475	434	41	48
"K_3310 Hole"	"2022"	6859	66	64	2	425	398	27	29
"K_3310 Hole"	"2023"	6888	48	56	-8	523	414	109	101
"K_3310 Hole"	"2024"	6989	..	..	..	..	..	..	..
"K_3312 Lier"	"1951"	14454	233	102	131	1053	952	101	232
"K_3312 Lier"	"1952"	11967	211	92	119	827	834	-7	112
"K_3312 Lier"	"1953"	12079	233	103	130	906	838	68	198
"K_3312 Lier"	"1954"	12277	223	94	129	1017	848	169	307
"K_3312 Lier"	"1955"	12575	223	98	125	947	897	50	2
"K_3312 Lier"	"1956"	12577	254	93	161	1024	984	40	201
"K_3312 Lier"	"1957"	12778	254	102	152	938	901	37	189
"K_3312 Lier"	"1958"	12967	247	118	129	859	889	-30	99
"K_3312 Lier"	"1959"	13066	209	93	116	839	806	33	149
"K_3312 Lier"	"1960"	13215	232	120	112	981	908	73	185
"K_3312 Lier"	"1961"	13351	256	107	149	849	792	57	206
"K_3312 Lier"	"1962"	13557	236	98	138	978	905	73	211
"K_3312 Lier"	"1963"	13768	217	130	87	818	878	-60	27
"K_3312 Lier"	"1964"	13795	225	111	114	1026	867	159	273
"K_3312 Lier"	"1965"	14068	239	112	127	866	960	-94	33
"K_3312 Lier"	"1966"	14101	215	127	88	995	933	62	150
"K_3312 Lier"	"1967"	14251	238	106	132	874	948	-74	58
"K_3312 Lier"	"1968"	14309	242	129	113	865	901	-36	86
"K_3312 Lier"	"1969"	14395	243	156	87	1300	1081	219	313
"K_3312 Lier"	"1970"	14708	238	149	89	1405	1157	248	326
"K_3312 Lier"	"1971"	15034	258	137	121	1413	1167	246	344
"K_3312 Lier"	"1972"	15378	260	186	74	1382	1128	254	523
"K_3312 Lier"	"1973"	15901	228	169	59	1484	1182	302	386
"K_3312 Lier"	"1974"	16287	273	168	105	1785	1216	569	943
"K_3312 Lier"	"1975"	17230	264	171	93	1455	1261	194	279
"K_3312 Lier"	"1976"	17509	220	176	44	1275	1157	118	159
"K_3312 Lier"	"1977"	17668	218	180	38	1021	1184	-163	-125
"K_3312 Lier"	"1978"	17543	221	195	26	1194	1063	131	156
"K_3312 Lier"	"1979"	17699	203	177	26	1167	1063	104	121
"K_3312 Lier"	"1980"	17820	187	199	-12	1237	1118	119	112
"K_3312 Lier"	"1981"	17932	201	185	16	1154	1253	-99	-85
"K_3312 Lier"	"1982"	17847	191	163	28	1072	1074	-2	26
"K_3312 Lier"	"1983"	17873	205	179	26	1168	1118	50	78
"K_3312 Lier"	"1984"	17951	202	202	0	1260	1093	167	162
"K_3312 Lier"	"1985"	18113	202	192	10	1192	973	219	235
"K_3312 Lier"	"1986"	18348	216	186	30	1226	1144	82	101
"K_3312 Lier"	"1987"	18449	213	176	37	1209	1218	-9	34
"K_3312 Lier"	"1988"	18483	209	193	16	1346	1187	159	188
"K_3312 Lier"	"1989"	18671	248	194	54	1252	1204	48	100
"K_3312 Lier"	"1990"	18771	268	181	87	1209	1082	127	209
"K_3312 Lier"	"1991"	18980	269	185	84	1104	1117	-13	85
"K_3312 Lier"	"1992"	19065	260	144	116	1165	1074	91	199
"K_3312 Lier"	"1993"	19264	246	175	71	1301	984	317	386
"K_3312 Lier"	"1994"	19650	261	158	103	1640	1262	378	481
"K_3312 Lier"	"1995"	20131	297	169	128	1497	1347	150	275
"K_3312 Lier"	"1996"	20406	300	180	120	1545	1184	361	483
"K_3312 Lier"	"1997"	20889	281	172	109	1466	1287	179	287
"K_3312 Lier"	"1998"	21176	274	182	92	1307	1376	-69	21
"K_3312 Lier"	"1999"	21197	277	209	68	1469	1434	35	111
"K_3312 Lier"	"2000"	21308	268	165	103	1569	1443	126	232
"K_3312 Lier"	"2001"	21540	243	169	74	1355	1428	-73	-4
"K_3312 Lier"	"2002"	21536	246	170	76	1485	1457	28	102
"K_3312 Lier"	"2003"	21638	250	169	81	1294	1411	-117	-44
"K_3312 Lier"	"2004"	21594	261	157	104	1301	1269	32	131
"K_3312 Lier"	"2005"	21725	242	162	80	1352	1282	70	149
"K_3312 Lier"	"2006"	21874	262	206	56	1645	1329	316	383
"K_3312 Lier"	"2007"	22257	248	196	52	1722	1324	398	443
"K_3312 Lier"	"2008"	22700	266	173	93	1366	1288	78	173
"K_3312 Lier"	"2009"	22873	250	183	67	1549	1228	321	394
"K_3312 Lier"	"2010"	23267	264	188	76	1663	1419	244	313
"K_3312 Lier"	"2011"	23580	270	170	100	1922	1423	499	597
"K_3312 Lier"	"2012"	24177	277	174	103	1986	1506	480	586
"K_3312 Lier"	"2013"	24763	292	183	109	1902	1601	301	412
"K_3312 Lier"	"2014"	25175	253	172	81	1661	1543	118	203
"K_3312 Lier"	"2015"	25378	264	189	75	1802	1517	285	353
"K_3312 Lier"	"2016"	25731	243	180	63	1666	1720	-54	9
"K_3312 Lier"	"2017"	25740	249	176	73	1739	1574	165	240
"K_3312 Lier"	"2018"	25980	242	164	78	1886	1574	312	393
"K_3312 Lier"	"2019"	26373	260	195	65	1930	1556	374	438
"K_3312 Lier"	"2020"	26811	286	187	99	1789	1586	203	307
"K_3312 Lier"	"2021"	27118	272	184	88	2088	1707	381	466
"K_3312 Lier"	"2022"	27584	261	214	47	2248	1714	534	583
"K_3312 Lier"	"2023"	28167	250	193	57	2205	1962	243	303
"K_3312 Lier"	"2024"	28470	..	..	..	..	..	..	..
"K_3314 Øvre Eiker"	"1951"	11564	233	101	132	625	599	26	158
"K_3314 Øvre Eiker"	"1952"	11722	197	88	109	574	482	92	201
"K_3314 Øvre Eiker"	"1953"	11923	216	117	99	496	488	8	107
"K_3314 Øvre Eiker"	"1954"	12030	241	101	140	509	498	11	151
"K_3314 Øvre Eiker"	"1955"	12041	202	107	95	568	507	61	191
"K_3314 Øvre Eiker"	"1956"	12232	222	103	119	528	560	-32	87
"K_3314 Øvre Eiker"	"1957"	12319	205	109	96	510	589	-79	17
"K_3314 Øvre Eiker"	"1958"	12336	212	118	94	539	596	-57	37
"K_3314 Øvre Eiker"	"1959"	12373	217	102	115	598	611	-13	102
"K_3314 Øvre Eiker"	"1960"	12475	246	104	142	488	590	-102	52
"K_3314 Øvre Eiker"	"1961"	12527	202	101	101	613	561	52	153
"K_3314 Øvre Eiker"	"1962"	12680	198	114	84	539	595	-56	28
"K_3314 Øvre Eiker"	"1963"	12708	218	145	73	591	569	22	95
"K_3314 Øvre Eiker"	"1964"	12816	220	126	94	557	568	-11	83
"K_3314 Øvre Eiker"	"1965"	12899	187	130	57	504	542	-38	19
"K_3314 Øvre Eiker"	"1966"	12918	206	103	103	532	508	24	204
"K_3314 Øvre Eiker"	"1967"	13122	193	123	70	512	688	-176	-106
"K_3314 Øvre Eiker"	"1968"	13016	216	135	81	537	564	-27	46
"K_3314 Øvre Eiker"	"1969"	13062	195	144	51	629	528	101	148
"K_3314 Øvre Eiker"	"1970"	13210	209	131	78	832	700	132	149
"K_3314 Øvre Eiker"	"1971"	13359	203	123	80	660	617	43	118
"K_3314 Øvre Eiker"	"1972"	13477	185	161	24	605	623	-18	8
"K_3314 Øvre Eiker"	"1973"	13485	181	142	39	759	692	67	100
"K_3314 Øvre Eiker"	"1974"	13585	178	131	47	667	635	32	74
"K_3314 Øvre Eiker"	"1975"	13659	181	143	38	628	676	-48	-19
"K_3314 Øvre Eiker"	"1976"	13640	165	155	10	625	606	19	31
"K_3314 Øvre Eiker"	"1977"	13671	140	165	-25	637	598	39	13
"K_3314 Øvre Eiker"	"1978"	13684	159	146	13	600	561	39	53
"K_3314 Øvre Eiker"	"1979"	13737	134	123	11	527	510	17	27
"K_3314 Øvre Eiker"	"1980"	13764	156	162	-6	613	579	34	31
"K_3314 Øvre Eiker"	"1981"	13795	172	166	6	540	574	-34	-28
"K_3314 Øvre Eiker"	"1982"	13767	143	154	-11	754	609	145	132
"K_3314 Øvre Eiker"	"1983"	13899	167	133	34	685	517	168	202
"K_3314 Øvre Eiker"	"1984"	14101	156	151	5	600	592	8	12
"K_3314 Øvre Eiker"	"1985"	14113	158	160	-2	666	654	12	-1
"K_3314 Øvre Eiker"	"1986"	14112	169	160	9	799	626	173	179
"K_3314 Øvre Eiker"	"1987"	14291	163	174	-11	852	678	174	158
"K_3314 Øvre Eiker"	"1988"	14449	183	159	24	839	659	180	198
"K_3314 Øvre Eiker"	"1989"	14647	200	184	16	878	844	34	48
"K_3314 Øvre Eiker"	"1990"	14695	217	182	35	793	746	47	84
"K_3314 Øvre Eiker"	"1991"	14779	160	158	2	635	756	-121	-116
"K_3314 Øvre Eiker"	"1992"	14663	188	170	18	776	698	78	91
"K_3314 Øvre Eiker"	"1993"	14754	193	163	30	649	651	-2	26
"K_3314 Øvre Eiker"	"1994"	14780	190	171	19	717	807	-90	-76
"K_3314 Øvre Eiker"	"1995"	14704	159	164	-5	696	673	23	19
"K_3314 Øvre Eiker"	"1996"	14723	180	167	13	688	717	-29	-15
"K_3314 Øvre Eiker"	"1997"	14708	184	138	46	805	641	164	210
"K_3314 Øvre Eiker"	"1998"	14918	167	158	9	783	733	50	60
"K_3314 Øvre Eiker"	"1999"	14978	142	183	-41	863	742	121	80
"K_3314 Øvre Eiker"	"2000"	15058	158	170	-12	970	818	152	139
"K_3314 Øvre Eiker"	"2001"	15197	180	183	-3	801	841	-40	-36
"K_3314 Øvre Eiker"	"2002"	15161	163	163	0	919	746	173	176
"K_3314 Øvre Eiker"	"2003"	15337	163	154	9	898	832	66	75
"K_3314 Øvre Eiker"	"2004"	15412	172	150	22	923	727	196	221
"K_3314 Øvre Eiker"	"2005"	15633	172	152	20	934	758	176	192
"K_3314 Øvre Eiker"	"2006"	15825	191	144	47	904	816	88	131
"K_3314 Øvre Eiker"	"2007"	15956	175	150	25	1033	878	155	176
"K_3314 Øvre Eiker"	"2008"	16132	212	135	77	925	792	133	218
"K_3314 Øvre Eiker"	"2009"	16350	194	159	35	1031	804	227	266
"K_3314 Øvre Eiker"	"2010"	16616	176	162	14	1132	783	349	371
"K_3314 Øvre Eiker"	"2011"	16987	194	150	44	1249	861	388	434
"K_3314 Øvre Eiker"	"2012"	17421	207	156	51	1207	924	283	331
"K_3314 Øvre Eiker"	"2013"	17752	184	144	40	1133	1004	129	167
"K_3314 Øvre Eiker"	"2014"	17919	203	146	57	1079	1018	61	120
"K_3314 Øvre Eiker"	"2015"	18039	214	173	41	1160	1035	125	166
"K_3314 Øvre Eiker"	"2016"	18205	186	152	34	1374	1049	325	357
"K_3314 Øvre Eiker"	"2017"	18562	194	159	35	1323	995	328	364
"K_3314 Øvre Eiker"	"2018"	18926	194	143	51	1202	1063	139	191
"K_3314 Øvre Eiker"	"2019"	19117	201	156	45	1304	1053	251	306
"K_3314 Øvre Eiker"	"2020"	19423	175	151	24	1281	1017	264	286
"K_3314 Øvre Eiker"	"2021"	19709	210	149	61	1299	1053	246	306
"K_3314 Øvre Eiker"	"2022"	20044	189	163	26	1471	1042	429	451
"K_3314 Øvre Eiker"	"2023"	20495	196	178	18	1310	1047	263	284
"K_3314 Øvre Eiker"	"2024"	20779	..	..	..	..	..	..	..
"K_3316 Modum"	"1951"	11678	207	97	110	567	546	21	131
"K_3316 Modum"	"1952"	11809	184	117	67	532	535	-3	64
"K_3316 Modum"	"1953"	11873	207	132	75	481	577	-96	-21
"K_3316 Modum"	"1954"	11852	210	113	97	481	541	-60	37
"K_3316 Modum"	"1955"	11889	228	111	117	446	501	-55	-10
"K_3316 Modum"	"1956"	11879	191	116	75	411	433	-22	53
"K_3316 Modum"	"1957"	11932	173	136	37	440	426	14	51
"K_3316 Modum"	"1958"	11983	198	108	90	523	463	60	150
"K_3316 Modum"	"1959"	12133	167	129	38	446	545	-99	-61
"K_3316 Modum"	"1960"	12072	152	125	27	607	551	56	-10
"K_3316 Modum"	"1961"	12062	176	130	46	469	483	-14	32
"K_3316 Modum"	"1962"	12094	149	149	0	466	521	-55	-55
"K_3316 Modum"	"1963"	12039	157	129	28	406	519	-113	-85
"K_3316 Modum"	"1964"	11954	163	149	14	504	532	-28	-14
"K_3316 Modum"	"1965"	11940	155	165	-10	514	569	-55	-65
"K_3316 Modum"	"1966"	11875	148	141	7	460	558	-98	-105
"K_3316 Modum"	"1967"	11770	169	131	38	440	535	-95	-57
"K_3316 Modum"	"1968"	11713	156	148	8	489	538	-49	-45
"K_3316 Modum"	"1969"	11668	148	147	1	486	502	-16	-19
"K_3316 Modum"	"1970"	11649	140	156	-16	677	557	120	95
"K_3316 Modum"	"1971"	11744	163	172	-9	520	477	43	25
"K_3316 Modum"	"1972"	11769	140	161	-21	455	455	0	-17
"K_3316 Modum"	"1973"	11752	145	159	-14	558	482	76	63
"K_3316 Modum"	"1974"	11815	164	161	3	500	461	39	27
"K_3316 Modum"	"1975"	11842	142	172	-30	518	477	41	10
"K_3316 Modum"	"1976"	11852	124	186	-62	590	472	118	54
"K_3316 Modum"	"1977"	11906	125	161	-36	505	466	39	0
"K_3316 Modum"	"1978"	11906	121	165	-44	489	417	72	25
"K_3316 Modum"	"1979"	11931	144	170	-26	410	409	1	-24
"K_3316 Modum"	"1980"	11907	108	156	-48	447	372	75	26
"K_3316 Modum"	"1981"	11933	124	171	-47	538	415	123	76
"K_3316 Modum"	"1982"	12009	123	183	-60	546	374	172	111
"K_3316 Modum"	"1983"	12120	114	171	-57	454	359	95	40
"K_3316 Modum"	"1984"	12160	122	191	-69	452	380	72	0
"K_3316 Modum"	"1985"	12160	130	181	-51	487	414	73	24
"K_3316 Modum"	"1986"	12184	129	183	-54	445	390	55	0
"K_3316 Modum"	"1987"	12184	134	175	-41	536	411	125	84
"K_3316 Modum"	"1988"	12268	153	210	-57	523	423	100	42
"K_3316 Modum"	"1989"	12310	148	175	-27	448	464	-16	-48
"K_3316 Modum"	"1990"	12262	149	197	-48	460	411	49	0
"K_3316 Modum"	"1991"	12262	135	184	-49	446	395	51	-7
"K_3316 Modum"	"1992"	12255	112	171	-59	396	352	44	-9
"K_3316 Modum"	"1993"	12246	116	159	-43	354	354	0	-43
"K_3316 Modum"	"1994"	12203	134	142	-8	424	420	4	-7
"K_3316 Modum"	"1995"	12196	118	166	-48	479	395	84	38
"K_3316 Modum"	"1996"	12234	138	178	-40	433	413	20	-21
"K_3316 Modum"	"1997"	12213	119	150	-31	483	402	81	49
"K_3316 Modum"	"1998"	12262	133	148	-15	504	414	90	73
"K_3316 Modum"	"1999"	12335	137	176	-39	523	453	70	31
"K_3316 Modum"	"2000"	12366	122	158	-36	593	428	165	128
"K_3316 Modum"	"2001"	12494	135	158	-23	637	567	70	47
"K_3316 Modum"	"2002"	12541	124	150	-26	591	495	96	70
"K_3316 Modum"	"2003"	12611	126	161	-35	561	544	17	-17
"K_3316 Modum"	"2004"	12594	139	143	-4	504	546	-42	-53
"K_3316 Modum"	"2005"	12541	133	154	-21	539	473	66	44
"K_3316 Modum"	"2006"	12585	140	130	10	522	530	-8	4
"K_3316 Modum"	"2007"	12589	124	142	-18	635	508	127	106
"K_3316 Modum"	"2008"	12695	141	131	10	591	424	167	177
"K_3316 Modum"	"2009"	12872	149	122	27	548	538	10	39
"K_3316 Modum"	"2010"	12911	122	143	-21	616	569	47	29
"K_3316 Modum"	"2011"	12940	138	123	15	711	549	162	176
"K_3316 Modum"	"2012"	13116	132	140	-8	740	510	230	221
"K_3316 Modum"	"2013"	13337	142	117	25	795	576	219	244
"K_3316 Modum"	"2014"	13581	143	112	31	666	589	77	104
"K_3316 Modum"	"2015"	13685	127	131	-4	765	651	114	109
"K_3316 Modum"	"2016"	13794	107	124	-17	624	617	7	-8
"K_3316 Modum"	"2017"	13786	128	136	-8	714	614	100	94
"K_3316 Modum"	"2018"	13880	126	120	6	748	658	90	100
"K_3316 Modum"	"2019"	13980	131	125	6	681	552	129	135
"K_3316 Modum"	"2020"	14115	126	123	3	651	604	47	51
"K_3316 Modum"	"2021"	14166	101	142	-41	803	652	151	107
"K_3316 Modum"	"2022"	14273	131	137	-6	949	687	262	254
"K_3316 Modum"	"2023"	14527	123	154	-31	1027	861	166	138
"K_3316 Modum"	"2024"	14665	..	..	..	..	..	..	..
"K_3318 Krødsherad"	"1951"	2185	28	25	3	94	96	-2	1
"K_3318 Krødsherad"	"1952"	2186	43	22	21	65	72	-7	14
"K_3318 Krødsherad"	"1953"	2200	24	18	6	112	103	9	15
"K_3318 Krødsherad"	"1954"	2215	39	29	10	49	95	-46	-36
"K_3318 Krødsherad"	"1955"	2179	30	23	7	54	120	-66	-77
"K_3318 Krødsherad"	"1956"	2102	33	20	13	69	79	-10	3
"K_3318 Krødsherad"	"1957"	2105	41	24	17	64	85	-21	-4
"K_3318 Krødsherad"	"1958"	2101	37	24	13	69	110	-41	-28
"K_3318 Krødsherad"	"1959"	2073	21	33	-12	61	89	-28	-40
"K_3318 Krødsherad"	"1960"	2033	29	19	10	92	82	10	25
"K_3318 Krødsherad"	"1961"	2058	26	21	5	61	94	-33	-28
"K_3318 Krødsherad"	"1962"	2030	31	28	3	76	81	-5	-2
"K_3318 Krødsherad"	"1963"	2028	23	24	-1	55	87	-32	-33
"K_3318 Krødsherad"	"1964"	1953	16	28	-12	71	90	-19	-31
"K_3318 Krødsherad"	"1965"	1922	17	21	-4	55	82	-27	-31
"K_3318 Krødsherad"	"1966"	1891	27	31	-4	65	52	13	5
"K_3318 Krødsherad"	"1967"	1896	16	24	-8	72	75	-3	-11
"K_3318 Krødsherad"	"1968"	1885	21	24	-3	91	86	5	2
"K_3318 Krødsherad"	"1969"	1887	23	24	-1	69	81	-12	-12
"K_3318 Krødsherad"	"1970"	1875	14	25	-11	133	97	36	22
"K_3318 Krødsherad"	"1971"	1897	21	22	-1	145	74	71	68
"K_3318 Krødsherad"	"1972"	1965	18	29	-11	91	112	-21	-30
"K_3318 Krødsherad"	"1973"	1935	16	25	-9	158	90	68	59
"K_3318 Krødsherad"	"1974"	1994	23	21	2	118	96	22	21
"K_3318 Krødsherad"	"1975"	2015	19	31	-12	93	98	-5	-18
"K_3318 Krødsherad"	"1976"	1997	20	23	-3	94	80	14	11
"K_3318 Krødsherad"	"1977"	2008	17	24	-7	82	54	28	23
"K_3318 Krødsherad"	"1978"	2031	25	19	6	145	61	84	90
"K_3318 Krødsherad"	"1979"	2121	24	22	2	160	80	80	85
"K_3318 Krødsherad"	"1980"	2206	30	27	3	126	79	47	50
"K_3318 Krødsherad"	"1981"	2256	27	31	-4	97	77	20	16
"K_3318 Krødsherad"	"1982"	2272	30	39	-9	133	120	13	1
"K_3318 Krødsherad"	"1983"	2273	21	16	5	145	75	70	76
"K_3318 Krødsherad"	"1984"	2349	26	29	-3	96	94	2	-3
"K_3318 Krødsherad"	"1985"	2346	37	30	7	104	117	-13	-4
"K_3318 Krødsherad"	"1986"	2342	25	24	1	107	100	7	6
"K_3318 Krødsherad"	"1987"	2348	21	28	-7	137	82	55	47
"K_3318 Krødsherad"	"1988"	2395	35	25	10	93	99	-6	5
"K_3318 Krødsherad"	"1989"	2400	34	45	-11	59	64	-5	-13
"K_3318 Krødsherad"	"1990"	2387	28	35	-7	115	119	-4	-11
"K_3318 Krødsherad"	"1991"	2376	25	30	-5	67	93	-26	-32
"K_3318 Krødsherad"	"1992"	2344	28	21	7	73	104	-31	-23
"K_3318 Krødsherad"	"1993"	2321	20	35	-15	82	77	5	-13
"K_3318 Krødsherad"	"1994"	2308	24	43	-19	76	87	-11	-29
"K_3318 Krødsherad"	"1995"	2279	18	35	-17	100	96	4	-13
"K_3318 Krødsherad"	"1996"	2266	22	28	-6	126	129	-3	-13
"K_3318 Krødsherad"	"1997"	2253	21	23	-2	115	126	-11	-13
"K_3318 Krødsherad"	"1998"	2240	22	26	-4	121	90	31	29
"K_3318 Krødsherad"	"1999"	2269	27	35	-8	85	92	-7	-15
"K_3318 Krødsherad"	"2000"	2254	10	35	-25	114	88	26	1
"K_3318 Krødsherad"	"2001"	2255	21	32	-11	90	101	-11	-22
"K_3318 Krødsherad"	"2002"	2233	16	39	-23	106	102	4	-20
"K_3318 Krødsherad"	"2003"	2213	22	34	-12	77	81	-4	-12
"K_3318 Krødsherad"	"2004"	2201	16	36	-20	80	110	-30	-50
"K_3318 Krødsherad"	"2005"	2151	22	28	-6	88	106	-18	-24
"K_3318 Krødsherad"	"2006"	2127	21	25	-4	76	80	-4	-7
"K_3318 Krødsherad"	"2007"	2120	18	26	-8	87	101	-14	-22
"K_3318 Krødsherad"	"2008"	2098	20	21	-1	94	77	17	16
"K_3318 Krødsherad"	"2009"	2114	9	26	-17	92	75	17	3
"K_3318 Krødsherad"	"2010"	2117	29	17	12	136	100	36	47
"K_3318 Krødsherad"	"2011"	2164	22	25	-3	133	108	25	22
"K_3318 Krødsherad"	"2012"	2186	32	30	2	137	102	35	37
"K_3318 Krødsherad"	"2013"	2223	22	24	-2	151	107	44	42
"K_3318 Krødsherad"	"2014"	2265	25	15	10	100	107	-7	3
"K_3318 Krødsherad"	"2015"	2268	30	21	9	114	117	-3	7
"K_3318 Krødsherad"	"2016"	2275	14	24	-10	124	132	-8	-18
"K_3318 Krødsherad"	"2017"	2257	26	25	1	137	119	18	20
"K_3318 Krødsherad"	"2018"	2277	24	19	5	98	141	-43	-38
"K_3318 Krødsherad"	"2019"	2239	15	26	-11	93	109	-16	-27
"K_3318 Krødsherad"	"2020"	2212	13	23	-10	114	97	17	7
"K_3318 Krødsherad"	"2021"	2219	14	28	-14	103	119	-16	-30
"K_3318 Krødsherad"	"2022"	2189	14	27	-13	138	104	34	22
"K_3318 Krødsherad"	"2023"	2211	14	32	-18	150	102	48	30
"K_3318 Krødsherad"	"2024"	2241	..	..	..	..	..	..	..
"K_3320 Flå"	"1951"	1522	20	11	9	69	62	7	16
"K_3320 Flå"	"1952"	1538	23	16	7	48	70	-22	-15
"K_3320 Flå"	"1953"	1523	15	8	7	51	85	-34	-27
"K_3320 Flå"	"1954"	1496	24	9	15	50	59	-9	6
"K_3320 Flå"	"1955"	1502	27	22	5	37	60	-23	-25
"K_3320 Flå"	"1956"	1477	20	14	6	38	61	-23	-17
"K_3320 Flå"	"1957"	1460	24	21	3	53	85	-32	-29
"K_3320 Flå"	"1958"	1431	20	15	5	48	70	-22	-17
"K_3320 Flå"	"1959"	1414	18	12	6	34	42	-8	-2
"K_3320 Flå"	"1960"	1412	18	17	1	31	49	-18	13
"K_3320 Flå"	"1961"	1425	12	19	-7	38	52	-14	-21
"K_3320 Flå"	"1962"	1404	18	15	3	39	75	-36	-33
"K_3320 Flå"	"1963"	1371	12	27	-15	51	44	7	-8
"K_3320 Flå"	"1964"	1363	17	16	1	40	60	-20	-19
"K_3320 Flå"	"1965"	1344	13	17	-4	43	69	-26	-30
"K_3320 Flå"	"1966"	1314	12	16	-4	34	61	-27	-21
"K_3320 Flå"	"1967"	1293	14	19	-5	49	58	-9	-14
"K_3320 Flå"	"1968"	1279	19	24	-5	42	53	-11	-18
"K_3320 Flå"	"1969"	1261	8	15	-7	57	62	-5	-12
"K_3320 Flå"	"1970"	1249	12	11	1	48	52	-4	-3
"K_3320 Flå"	"1971"	1246	14	16	-2	53	34	19	18
"K_3320 Flå"	"1972"	1264	11	18	-7	40	50	-10	-17
"K_3320 Flå"	"1973"	1247	19	18	1	47	49	-2	-2
"K_3320 Flå"	"1974"	1245	13	14	-1	32	27	5	3
"K_3320 Flå"	"1975"	1248	10	25	-15	46	21	25	8
"K_3320 Flå"	"1976"	1256	13	23	-10	40	34	6	-4
"K_3320 Flå"	"1977"	1252	16	12	4	40	47	-7	-3
"K_3320 Flå"	"1978"	1249	18	25	-7	46	39	7	0
"K_3320 Flå"	"1979"	1249	8	18	-10	51	30	21	11
"K_3320 Flå"	"1980"	1260	11	17	-6	64	35	29	23
"K_3320 Flå"	"1981"	1283	14	23	-9	67	46	21	12
"K_3320 Flå"	"1982"	1295	14	14	0	43	49	-6	-6
"K_3320 Flå"	"1983"	1289	13	27	-14	47	28	19	5
"K_3320 Flå"	"1984"	1294	13	20	-7	25	41	-16	-23
"K_3320 Flå"	"1985"	1271	11	23	-12	39	30	9	-4
"K_3320 Flå"	"1986"	1267	9	19	-10	57	62	-5	-15
"K_3320 Flå"	"1987"	1252	14	23	-9	36	59	-23	-33
"K_3320 Flå"	"1988"	1219	13	20	-7	54	59	-5	-12
"K_3320 Flå"	"1989"	1207	9	25	-16	58	53	5	-9
"K_3320 Flå"	"1990"	1198	12	19	-7	50	53	-3	-10
"K_3320 Flå"	"1991"	1188	10	19	-9	62	54	8	-1
"K_3320 Flå"	"1992"	1187	6	18	-12	48	52	-4	-16
"K_3320 Flå"	"1993"	1171	13	16	-3	46	31	15	12
"K_3320 Flå"	"1994"	1183	15	15	0	32	47	-15	-15
"K_3320 Flå"	"1995"	1168	15	22	-7	44	49	-5	-12
"K_3320 Flå"	"1996"	1156	10	26	-16	25	38	-13	-30
"K_3320 Flå"	"1997"	1126	7	24	-17	49	42	7	-10
"K_3320 Flå"	"1998"	1116	12	15	-3	43	41	2	-2
"K_3320 Flå"	"1999"	1114	13	22	-9	42	45	-3	-12
"K_3320 Flå"	"2000"	1102	7	23	-16	36	56	-20	-36
"K_3320 Flå"	"2001"	1066	9	13	-4	49	46	3	-1
"K_3320 Flå"	"2002"	1065	9	22	-13	43	46	-3	-16
"K_3320 Flå"	"2003"	1049	7	25	-18	38	40	-2	-19
"K_3320 Flå"	"2004"	1030	10	22	-12	47	51	-4	-16
"K_3320 Flå"	"2005"	1014	6	19	-13	49	52	-3	-16
"K_3320 Flå"	"2006"	998	8	13	-5	48	52	-4	-9
"K_3320 Flå"	"2007"	989	6	12	-6	33	42	-9	-15
"K_3320 Flå"	"2008"	974	7	10	-3	66	26	40	37
"K_3320 Flå"	"2009"	1011	6	15	-9	26	30	-4	-13
"K_3320 Flå"	"2010"	998	6	12	-6	58	52	6	2
"K_3320 Flå"	"2011"	1000	10	18	-8	90	48	42	34
"K_3320 Flå"	"2012"	1034	11	15	-4	68	48	20	16
"K_3320 Flå"	"2013"	1050	4	11	-7	56	64	-8	-17
"K_3320 Flå"	"2014"	1033	8	15	-7	53	46	7	0
"K_3320 Flå"	"2015"	1033	8	11	-3	81	40	41	41
"K_3320 Flå"	"2016"	1074	6	15	-9	55	39	16	7
"K_3320 Flå"	"2017"	1081	6	22	-16	68	64	4	-12
"K_3320 Flå"	"2018"	1069	11	13	-2	41	56	-15	-17
"K_3320 Flå"	"2019"	1052	6	11	-5	45	42	3	-2
"K_3320 Flå"	"2020"	1050	7	18	-11	66	56	10	-1
"K_3320 Flå"	"2021"	1049	13	15	-2	72	62	10	8
"K_3320 Flå"	"2022"	1057	9	11	-2	121	80	41	40
"K_3320 Flå"	"2023"	1097	7	18	-11	103	73	30	18
"K_3320 Flå"	"2024"	1115	..	..	..	..	..	..	..
"K_3322 Nesbyen"	"1951"	2819	56	25	31	103	125	-22	9
"K_3322 Nesbyen"	"1952"	2828	43	22	21	68	76	-8	13
"K_3322 Nesbyen"	"1953"	2841	57	18	39	86	87	-1	38
"K_3322 Nesbyen"	"1954"	2879	52	23	29	62	95	-33	-4
"K_3322 Nesbyen"	"1955"	2875	53	23	30	80	107	-27	12
"K_3322 Nesbyen"	"1956"	2887	45	25	20	111	103	8	28
"K_3322 Nesbyen"	"1957"	2915	53	13	40	110	118	-8	32
"K_3322 Nesbyen"	"1958"	2947	40	27	13	98	98	0	13
"K_3322 Nesbyen"	"1959"	2960	54	37	17	80	81	-1	16
"K_3322 Nesbyen"	"1960"	2976	46	29	17	59	91	-32	-30
"K_3322 Nesbyen"	"1961"	2946	45	31	14	60	97	-37	-23
"K_3322 Nesbyen"	"1962"	2923	49	27	22	104	86	18	40
"K_3322 Nesbyen"	"1963"	2963	46	29	17	92	84	8	25
"K_3322 Nesbyen"	"1964"	2988	41	31	10	136	105	31	41
"K_3322 Nesbyen"	"1965"	3029	53	35	18	137	109	28	46
"K_3322 Nesbyen"	"1966"	3075	43	38	5	129	144	-15	-22
"K_3322 Nesbyen"	"1967"	3053	53	37	16	124	141	-17	-1
"K_3322 Nesbyen"	"1968"	3052	40	31	9	118	127	-9	-1
"K_3322 Nesbyen"	"1969"	3051	47	36	11	165	139	26	35
"K_3322 Nesbyen"	"1970"	3086	38	29	9	156	163	-7	2
"K_3322 Nesbyen"	"1971"	3088	55	29	26	180	168	12	41
"K_3322 Nesbyen"	"1972"	3129	42	48	-6	212	110	102	98
"K_3322 Nesbyen"	"1973"	3227	29	38	-9	140	153	-13	-23
"K_3322 Nesbyen"	"1974"	3204	38	29	9	166	129	37	47
"K_3322 Nesbyen"	"1975"	3251	38	39	-1	159	126	33	36
"K_3322 Nesbyen"	"1976"	3287	48	39	9	131	101	30	41
"K_3322 Nesbyen"	"1977"	3328	37	31	6	164	140	24	30
"K_3322 Nesbyen"	"1978"	3358	30	51	-21	135	131	4	-16
"K_3322 Nesbyen"	"1979"	3342	36	37	-1	123	106	17	11
"K_3322 Nesbyen"	"1980"	3353	37	39	-2	108	84	24	19
"K_3322 Nesbyen"	"1981"	3372	42	43	-1	138	122	16	16
"K_3322 Nesbyen"	"1982"	3388	33	44	-11	130	128	2	-10
"K_3322 Nesbyen"	"1983"	3378	41	33	8	94	115	-21	-17
"K_3322 Nesbyen"	"1984"	3361	31	37	-6	112	96	16	11
"K_3322 Nesbyen"	"1985"	3372	33	36	-3	119	99	20	16
"K_3322 Nesbyen"	"1986"	3388	26	37	-11	114	114	0	-12
"K_3322 Nesbyen"	"1987"	3376	47	35	12	116	124	-8	5
"K_3322 Nesbyen"	"1988"	3381	45	49	-4	144	120	24	17
"K_3322 Nesbyen"	"1989"	3398	37	37	0	135	119	16	12
"K_3322 Nesbyen"	"1990"	3410	42	43	-1	134	122	12	12
"K_3322 Nesbyen"	"1991"	3422	47	34	13	123	136	-13	1
"K_3322 Nesbyen"	"1992"	3423	35	46	-11	115	116	-1	-14
"K_3322 Nesbyen"	"1993"	3409	47	39	8	106	109	-3	4
"K_3322 Nesbyen"	"1994"	3413	37	52	-15	148	103	45	29
"K_3322 Nesbyen"	"1995"	3442	35	29	6	169	121	48	54
"K_3322 Nesbyen"	"1996"	3496	36	42	-6	146	117	29	24
"K_3322 Nesbyen"	"1997"	3520	41	42	-1	131	171	-40	-41
"K_3322 Nesbyen"	"1998"	3479	46	42	4	186	177	9	13
"K_3322 Nesbyen"	"1999"	3492	41	35	6	253	223	30	36
"K_3322 Nesbyen"	"2000"	3528	34	42	-8	230	176	54	46
"K_3322 Nesbyen"	"2001"	3574	36	50	-14	169	249	-80	-95
"K_3322 Nesbyen"	"2002"	3479	42	24	18	138	137	1	20
"K_3322 Nesbyen"	"2003"	3499	23	39	-16	96	113	-17	-32
"K_3322 Nesbyen"	"2004"	3467	34	37	-3	123	104	19	18
"K_3322 Nesbyen"	"2005"	3485	40	31	9	144	112	32	39
"K_3322 Nesbyen"	"2006"	3524	27	29	-2	96	159	-63	-68
"K_3322 Nesbyen"	"2007"	3456	34	48	-14	151	135	16	3
"K_3322 Nesbyen"	"2008"	3459	30	40	-10	176	164	12	2
"K_3322 Nesbyen"	"2009"	3461	19	40	-21	110	130	-20	-41
"K_3322 Nesbyen"	"2010"	3420	31	40	-9	191	158	33	25
"K_3322 Nesbyen"	"2011"	3445	32	45	-13	242	222	20	7
"K_3322 Nesbyen"	"2012"	3452	24	39	-15	191	194	-3	-17
"K_3322 Nesbyen"	"2013"	3435	28	45	-17	215	189	26	10
"K_3322 Nesbyen"	"2014"	3445	28	27	1	172	203	-31	-31
"K_3322 Nesbyen"	"2015"	3414	34	39	-5	264	251	13	8
"K_3322 Nesbyen"	"2016"	3422	29	42	-13	149	201	-52	-65
"K_3322 Nesbyen"	"2017"	3357	19	44	-25	156	144	12	-16
"K_3322 Nesbyen"	"2018"	3341	28	29	-1	117	144	-27	-26
"K_3322 Nesbyen"	"2019"	3315	17	24	-7	97	131	-34	-42
"K_3322 Nesbyen"	"2020"	3273	23	34	-11	112	113	-1	-11
"K_3322 Nesbyen"	"2021"	3262	30	57	-27	168	129	39	11
"K_3322 Nesbyen"	"2022"	3273	27	38	-11	149	114	35	26
"K_3322 Nesbyen"	"2023"	3299	18	41	-23	139	115	24	2
"K_3322 Nesbyen"	"2024"	3301	..	..	..	..	..	..	..
"K_3324 Gol"	"1951"	2793	50	28	22	70	98	-28	-6
"K_3324 Gol"	"1952"	2787	39	17	22	51	93	-42	-20
"K_3324 Gol"	"1953"	2767	54	15	39	65	89	-24	15
"K_3324 Gol"	"1954"	2782	41	23	18	75	81	-6	12
"K_3324 Gol"	"1955"	2794	49	24	25	74	96	-22	13
"K_3324 Gol"	"1956"	2807	56	36	20	115	122	-7	13
"K_3324 Gol"	"1957"	2820	53	28	25	182	100	82	107
"K_3324 Gol"	"1958"	2927	53	27	26	125	102	23	49
"K_3324 Gol"	"1959"	2976	47	26	21	166	186	-20	1
"K_3324 Gol"	"1960"	2977	49	33	16	193	189	4	66
"K_3324 Gol"	"1961"	3043	55	28	27	85	107	-22	5
"K_3324 Gol"	"1962"	3048	48	36	12	122	122	0	12
"K_3324 Gol"	"1963"	3060	55	22	33	181	117	64	97
"K_3324 Gol"	"1964"	3157	53	29	24	154	138	16	40
"K_3324 Gol"	"1965"	3197	45	28	17	149	150	-1	16
"K_3324 Gol"	"1966"	3213	65	32	33	175	152	23	49
"K_3324 Gol"	"1967"	3262	60	33	27	181	175	6	33
"K_3324 Gol"	"1968"	3295	59	39	20	177	144	33	52
"K_3324 Gol"	"1969"	3347	74	24	50	144	160	-16	33
"K_3324 Gol"	"1970"	3380	52	35	17	224	207	17	26
"K_3324 Gol"	"1971"	3406	72	28	44	244	155	89	132
"K_3324 Gol"	"1972"	3538	48	23	25	186	166	20	48
"K_3324 Gol"	"1973"	3586	56	31	25	221	165	56	82
"K_3324 Gol"	"1974"	3668	61	35	26	207	203	4	31
"K_3324 Gol"	"1975"	3699	53	31	22	251	175	76	97
"K_3324 Gol"	"1976"	3796	53	29	24	216	179	37	62
"K_3324 Gol"	"1977"	3858	40	26	14	208	171	37	52
"K_3324 Gol"	"1978"	3910	50	30	20	223	175	48	68
"K_3324 Gol"	"1979"	3978	45	36	9	205	166	39	49
"K_3324 Gol"	"1980"	4027	46	37	9	192	173	19	28
"K_3324 Gol"	"1981"	4055	36	36	0	225	206	19	19
"K_3324 Gol"	"1982"	4074	35	23	12	200	201	-1	11
"K_3324 Gol"	"1983"	4085	42	42	0	210	197	13	9
"K_3324 Gol"	"1984"	4094	45	38	7	206	203	3	12
"K_3324 Gol"	"1985"	4106	46	37	9	170	217	-47	-42
"K_3324 Gol"	"1986"	4064	52	34	18	241	224	17	31
"K_3324 Gol"	"1987"	4095	43	30	13	349	247	102	109
"K_3324 Gol"	"1988"	4204	38	28	10	290	281	9	27
"K_3324 Gol"	"1989"	4231	62	44	18	232	251	-19	1
"K_3324 Gol"	"1990"	4232	64	38	26	226	229	-3	23
"K_3324 Gol"	"1991"	4255	42	37	5	259	229	30	30
"K_3324 Gol"	"1992"	4285	46	40	6	246	231	15	22
"K_3324 Gol"	"1993"	4307	64	41	23	193	216	-23	4
"K_3324 Gol"	"1994"	4311	49	36	13	221	234	-13	5
"K_3324 Gol"	"1995"	4316	55	36	19	251	263	-12	6
"K_3324 Gol"	"1996"	4322	42	29	13	213	225	-12	-1
"K_3324 Gol"	"1997"	4321	57	45	12	246	224	22	32
"K_3324 Gol"	"1998"	4353	55	52	3	245	250	-5	3
"K_3324 Gol"	"1999"	4356	64	47	17	253	236	17	34
"K_3324 Gol"	"2000"	4390	56	56	0	277	275	2	2
"K_3324 Gol"	"2001"	4392	55	47	8	268	252	16	23
"K_3324 Gol"	"2002"	4415	45	41	4	233	275	-42	-36
"K_3324 Gol"	"2003"	4379	47	40	7	244	265	-21	-7
"K_3324 Gol"	"2004"	4372	51	43	8	215	214	1	3
"K_3324 Gol"	"2005"	4375	55	39	16	219	207	12	29
"K_3324 Gol"	"2006"	4404	51	39	12	240	224	16	31
"K_3324 Gol"	"2007"	4435	51	42	9	254	258	-4	4
"K_3324 Gol"	"2008"	4439	53	57	-4	300	219	81	77
"K_3324 Gol"	"2009"	4516	49	50	-1	251	288	-37	-37
"K_3324 Gol"	"2010"	4479	57	35	22	283	214	69	93
"K_3324 Gol"	"2011"	4572	37	44	-7	245	229	16	9
"K_3324 Gol"	"2012"	4581	46	42	4	311	228	83	86
"K_3324 Gol"	"2013"	4667	37	37	0	219	254	-35	-36
"K_3324 Gol"	"2014"	4631	37	48	-11	225	257	-32	-43
"K_3324 Gol"	"2015"	4588	43	40	3	254	267	-13	-10
"K_3324 Gol"	"2016"	4578	38	43	-5	325	287	38	34
"K_3324 Gol"	"2017"	4612	36	52	-16	283	314	-31	-46
"K_3324 Gol"	"2018"	4566	41	47	-6	256	239	17	10
"K_3324 Gol"	"2019"	4576	38	40	-2	257	225	32	32
"K_3324 Gol"	"2020"	4608	36	37	-1	239	209	30	28
"K_3324 Gol"	"2021"	4636	31	58	-27	328	270	58	31
"K_3324 Gol"	"2022"	4667	45	49	-4	368	265	103	100
"K_3324 Gol"	"2023"	4767	36	33	3	448	231	217	219
"K_3324 Gol"	"2024"	4986	..	..	..	..	..	..	..
"K_3326 Hemsedal"	"1951"	1431	21	15	6	33	46	-13	-7
"K_3326 Hemsedal"	"1952"	1424	25	13	12	46	57	-11	1
"K_3326 Hemsedal"	"1953"	1425	27	15	12	24	60	-36	-24
"K_3326 Hemsedal"	"1954"	1401	18	13	5	35	34	1	6
"K_3326 Hemsedal"	"1955"	1407	19	21	-2	28	40	-12	2
"K_3326 Hemsedal"	"1956"	1409	21	15	6	43	49	-6	0
"K_3326 Hemsedal"	"1957"	1409	30	20	10	128	42	86	96
"K_3326 Hemsedal"	"1958"	1505	29	23	6	72	68	4	10
"K_3326 Hemsedal"	"1959"	1515	37	20	17	62	74	-12	5
"K_3326 Hemsedal"	"1960"	1520	31	15	16	47	119	-72	-59
"K_3326 Hemsedal"	"1961"	1461	28	17	11	28	64	-36	-25
"K_3326 Hemsedal"	"1962"	1436	26	17	9	36	50	-14	-5
"K_3326 Hemsedal"	"1963"	1431	18	23	-5	38	47	-9	-14
"K_3326 Hemsedal"	"1964"	1417	15	19	-4	34	79	-45	-49
"K_3326 Hemsedal"	"1965"	1368	26	15	11	38	35	3	14
"K_3326 Hemsedal"	"1966"	1382	18	18	0	52	38	14	21
"K_3326 Hemsedal"	"1967"	1403	26	14	12	63	40	23	35
"K_3326 Hemsedal"	"1968"	1438	22	12	10	49	52	-3	10
"K_3326 Hemsedal"	"1969"	1448	23	21	2	34	53	-19	-17
"K_3326 Hemsedal"	"1970"	1431	24	19	5	59	67	-8	-5
"K_3326 Hemsedal"	"1971"	1426	19	19	0	48	45	3	-1
"K_3326 Hemsedal"	"1972"	1425	14	11	3	74	74	0	4
"K_3326 Hemsedal"	"1973"	1429	19	12	7	85	48	37	43
"K_3326 Hemsedal"	"1974"	1472	20	17	3	91	63	28	31
"K_3326 Hemsedal"	"1975"	1503	25	20	5	75	58	17	18
"K_3326 Hemsedal"	"1976"	1521	18	15	3	64	61	3	5
"K_3326 Hemsedal"	"1977"	1526	7	13	-6	88	71	17	12
"K_3326 Hemsedal"	"1978"	1538	19	15	4	67	57	10	14
"K_3326 Hemsedal"	"1979"	1552	20	18	2	68	48	20	22
"K_3326 Hemsedal"	"1980"	1574	18	25	-7	67	50	17	10
"K_3326 Hemsedal"	"1981"	1584	22	17	5	63	71	-8	-3
"K_3326 Hemsedal"	"1982"	1581	16	16	0	92	64	28	29
"K_3326 Hemsedal"	"1983"	1610	15	12	3	46	51	-5	-3
"K_3326 Hemsedal"	"1984"	1607	24	15	9	75	50	25	34
"K_3326 Hemsedal"	"1985"	1641	15	20	-5	54	70	-16	-15
"K_3326 Hemsedal"	"1986"	1626	15	23	-8	64	58	6	-2
"K_3326 Hemsedal"	"1987"	1624	13	22	-9	87	89	-2	-12
"K_3326 Hemsedal"	"1988"	1612	19	26	-7	94	84	10	3
"K_3326 Hemsedal"	"1989"	1615	15	27	-12	93	85	8	-6
"K_3326 Hemsedal"	"1990"	1609	18	12	6	79	86	-7	-2
"K_3326 Hemsedal"	"1991"	1607	24	15	9	94	100	-6	5
"K_3326 Hemsedal"	"1992"	1612	14	19	-5	101	70	31	25
"K_3326 Hemsedal"	"1993"	1637	25	18	7	73	60	13	20
"K_3326 Hemsedal"	"1994"	1657	27	17	10	221	146	75	86
"K_3326 Hemsedal"	"1995"	1743	31	22	9	86	68	18	24
"K_3326 Hemsedal"	"1996"	1767	33	21	12	86	69	17	28
"K_3326 Hemsedal"	"1997"	1795	34	9	25	96	92	4	29
"K_3326 Hemsedal"	"1998"	1824	36	21	15	104	111	-7	6
"K_3326 Hemsedal"	"1999"	1830	28	17	11	223	107	116	128
"K_3326 Hemsedal"	"2000"	1958	26	25	1	182	124	58	57
"K_3326 Hemsedal"	"2001"	2015	29	15	14	133	240	-107	-94
"K_3326 Hemsedal"	"2002"	1921	30	21	9	89	141	-52	-48
"K_3326 Hemsedal"	"2003"	1873	25	23	2	97	98	-1	3
"K_3326 Hemsedal"	"2004"	1876	22	18	4	123	94	29	33
"K_3326 Hemsedal"	"2005"	1909	24	17	7	143	115	28	38
"K_3326 Hemsedal"	"2006"	1947	21	15	6	137	126	11	16
"K_3326 Hemsedal"	"2007"	1963	29	17	12	146	154	-8	5
"K_3326 Hemsedal"	"2008"	1968	23	13	10	152	133	19	27
"K_3326 Hemsedal"	"2009"	1995	26	11	15	186	110	76	92
"K_3326 Hemsedal"	"2010"	2087	34	19	15	209	171	38	53
"K_3326 Hemsedal"	"2011"	2140	33	12	21	209	142	67	88
"K_3326 Hemsedal"	"2012"	2228	23	16	7	161	173	-12	-4
"K_3326 Hemsedal"	"2013"	2224	20	17	3	229	163	66	71
"K_3326 Hemsedal"	"2014"	2295	20	19	1	227	178	49	49
"K_3326 Hemsedal"	"2015"	2344	24	11	13	257	194	63	78
"K_3326 Hemsedal"	"2016"	2422	19	7	12	293	287	6	20
"K_3326 Hemsedal"	"2017"	2442	25	16	9	226	223	3	15
"K_3326 Hemsedal"	"2018"	2457	24	12	12	156	142	14	24
"K_3326 Hemsedal"	"2019"	2481	24	22	2	155	152	3	5
"K_3326 Hemsedal"	"2020"	2486	30	21	9	181	132	49	60
"K_3326 Hemsedal"	"2021"	2546	23	13	10	225	172	53	65
"K_3326 Hemsedal"	"2022"	2611	30	14	16	220	202	18	34
"K_3326 Hemsedal"	"2023"	2645	22	23	-1	211	187	24	21
"K_3326 Hemsedal"	"2024"	2666	..	..	..	..	..	..	..
"K_3328 Ål"	"1951"	4353	74	55	19	137	168	-31	-12
"K_3328 Ål"	"1952"	4341	65	31	34	131	128	3	37
"K_3328 Ål"	"1953"	4378	66	35	31	125	180	-55	-24
"K_3328 Ål"	"1954"	4354	60	45	15	206	180	26	41
"K_3328 Ål"	"1955"	4395	74	35	39	196	185	11	45
"K_3328 Ål"	"1956"	4440	68	37	31	177	229	-52	-21
"K_3328 Ål"	"1957"	4419	74	48	26	186	254	-68	-42
"K_3328 Ål"	"1958"	4377	76	41	35	164	182	-18	17
"K_3328 Ål"	"1959"	4394	59	36	23	133	190	-57	-34
"K_3328 Ål"	"1960"	4360	63	47	16	181	236	-55	-37
"K_3328 Ål"	"1961"	4323	64	34	30	137	182	-45	-15
"K_3328 Ål"	"1962"	4308	70	51	19	148	141	7	26
"K_3328 Ål"	"1963"	4334	66	63	3	226	184	42	45
"K_3328 Ål"	"1964"	4379	61	51	10	238	226	12	22
"K_3328 Ål"	"1965"	4401	75	51	24	190	176	14	38
"K_3328 Ål"	"1966"	4439	70	45	25	183	241	-58	-52
"K_3328 Ål"	"1967"	4387	56	26	30	147	261	-114	-84
"K_3328 Ål"	"1968"	4303	60	53	7	188	243	-55	-35
"K_3328 Ål"	"1969"	4268	57	54	3	226	188	38	39
"K_3328 Ål"	"1970"	4307	68	36	32	225	261	-36	-8
"K_3328 Ål"	"1971"	4299	49	52	-3	214	181	33	30
"K_3328 Ål"	"1972"	4329	50	45	5	205	185	20	24
"K_3328 Ål"	"1973"	4353	65	56	9	255	164	91	99
"K_3328 Ål"	"1974"	4452	59	49	10	165	227	-62	-56
"K_3328 Ål"	"1975"	4396	42	37	5	203	178	25	29
"K_3328 Ål"	"1976"	4425	58	53	5	182	153	29	34
"K_3328 Ål"	"1977"	4459	40	46	-6	200	190	10	4
"K_3328 Ål"	"1978"	4463	44	56	-12	197	189	8	-5
"K_3328 Ål"	"1979"	4458	43	62	-19	226	173	53	35
"K_3328 Ål"	"1980"	4493	54	48	6	243	188	55	59
"K_3328 Ål"	"1981"	4552	51	42	9	257	182	75	84
"K_3328 Ål"	"1982"	4636	56	46	10	238	178	60	70
"K_3328 Ål"	"1983"	4706	64	52	12	186	187	-1	9
"K_3328 Ål"	"1984"	4715	50	52	-2	166	187	-21	-23
"K_3328 Ål"	"1985"	4692	52	56	-4	152	169	-17	-23
"K_3328 Ål"	"1986"	4669	46	60	-14	196	157	39	25
"K_3328 Ål"	"1987"	4694	56	49	7	513	288	225	227
"K_3328 Ål"	"1988"	4921	68	50	18	549	443	106	119
"K_3328 Ål"	"1989"	5040	69	68	1	329	472	-143	-142
"K_3328 Ål"	"1990"	4898	63	54	9	178	294	-116	-109
"K_3328 Ål"	"1991"	4789	59	60	-1	191	219	-28	-29
"K_3328 Ål"	"1992"	4760	70	67	3	294	175	119	122
"K_3328 Ål"	"1993"	4882	58	53	5	203	252	-49	-50
"K_3328 Ål"	"1994"	4832	59	67	-8	287	307	-20	-31
"K_3328 Ål"	"1995"	4801	58	62	-4	184	253	-69	-72
"K_3328 Ål"	"1996"	4729	56	46	10	163	165	-2	9
"K_3328 Ål"	"1997"	4738	57	66	-9	168	218	-50	-59
"K_3328 Ål"	"1998"	4679	55	53	2	206	185	21	25
"K_3328 Ål"	"1999"	4704	62	64	-2	320	232	88	85
"K_3328 Ål"	"2000"	4789	41	63	-22	284	289	-5	-27
"K_3328 Ål"	"2001"	4762	70	74	-4	278	304	-26	-32
"K_3328 Ål"	"2002"	4730	49	65	-16	244	250	-6	-22
"K_3328 Ål"	"2003"	4708	43	51	-8	178	222	-44	-52
"K_3328 Ål"	"2004"	4656	49	60	-11	235	208	27	14
"K_3328 Ål"	"2005"	4670	53	49	4	213	220	-7	-8
"K_3328 Ål"	"2006"	4662	39	54	-15	211	218	-7	-20
"K_3328 Ål"	"2007"	4642	56	43	13	274	242	32	44
"K_3328 Ål"	"2008"	4686	44	61	-17	237	265	-28	-46
"K_3328 Ål"	"2009"	4640	44	45	-1	210	176	34	32
"K_3328 Ål"	"2010"	4672	42	51	-9	248	196	52	41
"K_3328 Ål"	"2011"	4713	52	56	-4	228	197	31	28
"K_3328 Ål"	"2012"	4741	42	48	-6	259	233	26	20
"K_3328 Ål"	"2013"	4761	31	43	-12	234	277	-43	-48
"K_3328 Ål"	"2014"	4713	41	42	-1	219	219	0	3
"K_3328 Ål"	"2015"	4716	43	40	3	247	255	-8	-5
"K_3328 Ål"	"2016"	4711	32	43	-11	254	233	21	8
"K_3328 Ål"	"2017"	4719	44	55	-11	163	250	-87	-93
"K_3328 Ål"	"2018"	4626	18	45	-27	232	160	72	45
"K_3328 Ål"	"2019"	4671	37	44	-7	218	208	10	3
"K_3328 Ål"	"2020"	4674	41	49	-8	179	197	-18	-26
"K_3328 Ål"	"2021"	4648	35	63	-28	268	238	30	2
"K_3328 Ål"	"2022"	4650	39	53	-14	507	278	229	212
"K_3328 Ål"	"2023"	4862	42	42	0	916	775	141	145
"K_3328 Ål"	"2024"	5007	..	..	..	..	..	..	..
"K_3330 Hol"	"1951"	3954	84	32	52	208	236	-28	24
"K_3330 Hol"	"1952"	3978	80	34	46	174	323	-149	-103
"K_3330 Hol"	"1953"	3875	73	25	48	182	220	-38	10
"K_3330 Hol"	"1954"	3885	80	34	46	257	227	30	76
"K_3330 Hol"	"1955"	3961	79	24	55	247	214	33	52
"K_3330 Hol"	"1956"	4013	81	29	52	208	289	-81	-29
"K_3330 Hol"	"1957"	3984	79	29	50	202	246	-44	6
"K_3330 Hol"	"1958"	3990	70	35	35	164	237	-73	-38
"K_3330 Hol"	"1959"	3952	63	36	27	163	218	-55	-28
"K_3330 Hol"	"1960"	3924	48	16	32	174	228	-54	-9
"K_3330 Hol"	"1961"	3915	68	36	32	153	166	-13	19
"K_3330 Hol"	"1962"	3934	61	45	16	159	172	-13	3
"K_3330 Hol"	"1963"	3937	75	31	44	250	164	86	130
"K_3330 Hol"	"1964"	4067	82	33	49	240	194	46	95
"K_3330 Hol"	"1965"	4162	72	49	23	222	281	-59	-36
"K_3330 Hol"	"1966"	4126	63	35	28	233	327	-94	-49
"K_3330 Hol"	"1967"	4077	74	29	45	242	238	4	49
"K_3330 Hol"	"1968"	4126	62	44	18	167	233	-66	-69
"K_3330 Hol"	"1969"	4057	58	38	20	260	235	25	52
"K_3330 Hol"	"1970"	4109	46	37	9	301	315	-14	6
"K_3330 Hol"	"1971"	4115	57	30	27	341	262	79	108
"K_3330 Hol"	"1972"	4223	40	38	2	379	329	50	53
"K_3330 Hol"	"1973"	4276	50	36	14	323	287	36	48
"K_3330 Hol"	"1974"	4324	65	33	32	307	271	36	70
"K_3330 Hol"	"1975"	4394	55	45	10	316	283	33	38
"K_3330 Hol"	"1976"	4432	40	44	-4	326	256	70	64
"K_3330 Hol"	"1977"	4496	57	45	12	321	334	-13	2
"K_3330 Hol"	"1978"	4498	53	46	7	397	335	62	67
"K_3330 Hol"	"1979"	4565	45	36	9	331	324	7	15
"K_3330 Hol"	"1980"	4580	54	42	12	367	342	25	36
"K_3330 Hol"	"1981"	4616	50	45	5	336	355	-19	-14
"K_3330 Hol"	"1982"	4602	39	44	-5	251	254	-3	-8
"K_3330 Hol"	"1983"	4594	64	42	22	307	282	25	44
"K_3330 Hol"	"1984"	4638	46	46	0	240	210	30	30
"K_3330 Hol"	"1985"	4668	50	66	-16	238	234	4	-12
"K_3330 Hol"	"1986"	4656	58	42	16	250	255	-5	7
"K_3330 Hol"	"1987"	4663	47	56	-9	488	377	111	107
"K_3330 Hol"	"1988"	4770	70	63	7	504	415	89	90
"K_3330 Hol"	"1989"	4860	59	60	-1	424	540	-116	-134
"K_3330 Hol"	"1990"	4726	67	62	5	221	244	-23	-16
"K_3330 Hol"	"1991"	4710	62	44	18	228	276	-48	-28
"K_3330 Hol"	"1992"	4682	53	54	-1	193	256	-63	-64
"K_3330 Hol"	"1993"	4618	60	54	6	247	239	8	8
"K_3330 Hol"	"1994"	4626	47	54	-7	317	294	23	11
"K_3330 Hol"	"1995"	4637	41	54	-13	291	281	10	-5
"K_3330 Hol"	"1996"	4632	58	60	-2	241	269	-28	-30
"K_3330 Hol"	"1997"	4602	45	50	-5	280	255	25	20
"K_3330 Hol"	"1998"	4622	44	36	8	312	304	8	15
"K_3330 Hol"	"1999"	4637	47	56	-9	326	310	16	5
"K_3330 Hol"	"2000"	4642	72	54	18	394	389	5	23
"K_3330 Hol"	"2001"	4665	41	62	-21	267	339	-72	-87
"K_3330 Hol"	"2002"	4578	52	49	3	308	313	-5	4
"K_3330 Hol"	"2003"	4582	55	54	1	240	269	-29	-26
"K_3330 Hol"	"2004"	4556	52	54	-2	277	274	3	1
"K_3330 Hol"	"2005"	4557	48	42	6	228	295	-67	-57
"K_3330 Hol"	"2006"	4500	46	44	2	235	263	-28	-25
"K_3330 Hol"	"2007"	4475	34	51	-17	257	274	-17	-37
"K_3330 Hol"	"2008"	4438	47	47	0	245	253	-8	-8
"K_3330 Hol"	"2009"	4430	33	49	-16	247	237	10	-8
"K_3330 Hol"	"2010"	4422	38	64	-26	305	247	58	31
"K_3330 Hol"	"2011"	4453	37	34	3	317	316	1	4
"K_3330 Hol"	"2012"	4457	27	28	-1	283	291	-8	-9
"K_3330 Hol"	"2013"	4448	28	42	-14	275	257	18	4
"K_3330 Hol"	"2014"	4452	42	37	5	251	241	10	19
"K_3330 Hol"	"2015"	4471	39	55	-16	281	236	45	26
"K_3330 Hol"	"2016"	4497	39	40	-1	323	282	41	38
"K_3330 Hol"	"2017"	4535	44	45	-1	241	254	-13	-15
"K_3330 Hol"	"2018"	4520	38	52	-14	210	245	-35	-47
"K_3330 Hol"	"2019"	4473	39	44	-5	214	241	-27	-32
"K_3330 Hol"	"2020"	4441	35	55	-20	226	214	12	-7
"K_3330 Hol"	"2021"	4434	42	34	8	292	229	63	70
"K_3330 Hol"	"2022"	4504	36	49	-13	314	299	15	2
"K_3330 Hol"	"2023"	4506	29	49	-20	316	305	11	-10
"K_3330 Hol"	"2024"	4496	..	..	..	..	..	..	..
"K_3332 Sigdal"	"1951"	4072	88	30	58	112	123	-11	47
"K_3332 Sigdal"	"1952"	4119	66	38	28	111	109	2	30
"K_3332 Sigdal"	"1953"	4149	82	32	50	92	176	-84	-34
"K_3332 Sigdal"	"1954"	4115	86	51	35	91	173	-82	-47
"K_3332 Sigdal"	"1955"	4068	56	39	17	103	122	-19	7
"K_3332 Sigdal"	"1956"	4075	75	48	27	86	157	-71	-44
"K_3332 Sigdal"	"1957"	4031	72	50	22	111	145	-34	-12
"K_3332 Sigdal"	"1958"	4019	65	39	26	75	128	-53	-27
"K_3332 Sigdal"	"1959"	3992	69	24	45	103	138	-35	10
"K_3332 Sigdal"	"1960"	4002	62	37	25	100	189	-89	-59
"K_3332 Sigdal"	"1961"	3943	45	33	12	91	155	-64	-52
"K_3332 Sigdal"	"1962"	3891	55	49	6	100	109	-9	-3
"K_3332 Sigdal"	"1963"	3888	40	62	-22	90	99	-9	-31
"K_3332 Sigdal"	"1964"	3857	53	49	4	119	91	28	32
"K_3332 Sigdal"	"1965"	3889	56	45	11	117	105	12	23
"K_3332 Sigdal"	"1966"	3912	53	38	15	79	152	-73	-53
"K_3332 Sigdal"	"1967"	3859	50	57	-7	123	122	1	-6
"K_3332 Sigdal"	"1968"	3853	61	58	3	111	136	-25	-22
"K_3332 Sigdal"	"1969"	3831	48	54	-6	96	107	-11	-18
"K_3332 Sigdal"	"1970"	3813	58	49	9	105	152	-47	-40
"K_3332 Sigdal"	"1971"	3773	62	58	4	130	116	14	16
"K_3332 Sigdal"	"1972"	3789	51	48	3	120	98	22	25
"K_3332 Sigdal"	"1973"	3814	54	52	2	117	119	-2	0
"K_3332 Sigdal"	"1974"	3814	58	61	-3	136	100	36	31
"K_3332 Sigdal"	"1975"	3845	45	62	-17	92	130	-38	-55
"K_3332 Sigdal"	"1976"	3790	46	53	-7	107	95	12	6
"K_3332 Sigdal"	"1977"	3796	32	41	-9	124	93	31	22
"K_3332 Sigdal"	"1978"	3818	30	53	-23	90	62	28	4
"K_3332 Sigdal"	"1979"	3822	29	48	-19	86	65	21	-2
"K_3332 Sigdal"	"1980"	3820	48	45	3	113	93	20	23
"K_3332 Sigdal"	"1981"	3843	36	56	-20	107	89	18	-2
"K_3332 Sigdal"	"1982"	3841	27	47	-20	69	70	-1	-22
"K_3332 Sigdal"	"1983"	3819	35	52	-17	99	82	17	0
"K_3332 Sigdal"	"1984"	3819	33	33	0	52	47	5	5
"K_3332 Sigdal"	"1985"	3824	42	51	-9	81	95	-14	-24
"K_3332 Sigdal"	"1986"	3800	33	57	-24	83	95	-12	-36
"K_3332 Sigdal"	"1987"	3764	38	56	-18	90	68	22	4
"K_3332 Sigdal"	"1988"	3768	42	50	-8	67	94	-27	-35
"K_3332 Sigdal"	"1989"	3733	43	49	-6	77	61	16	9
"K_3332 Sigdal"	"1990"	3742	38	48	-10	78	110	-32	-42
"K_3332 Sigdal"	"1991"	3700	57	38	19	84	65	19	40
"K_3332 Sigdal"	"1992"	3740	28	55	-27	88	107	-19	-45
"K_3332 Sigdal"	"1993"	3695	34	63	-29	84	76	8	-21
"K_3332 Sigdal"	"1994"	3674	41	58	-17	79	101	-22	-37
"K_3332 Sigdal"	"1995"	3637	36	49	-13	110	116	-6	-19
"K_3332 Sigdal"	"1996"	3618	33	61	-28	111	105	6	-22
"K_3332 Sigdal"	"1997"	3596	41	54	-13	111	113	-2	-15
"K_3332 Sigdal"	"1998"	3581	35	55	-20	145	96	49	30
"K_3332 Sigdal"	"1999"	3611	31	35	-4	92	143	-51	-55
"K_3332 Sigdal"	"2000"	3556	49	36	13	114	119	-5	8
"K_3332 Sigdal"	"2001"	3564	38	48	-10	102	115	-13	-20
"K_3332 Sigdal"	"2002"	3544	36	43	-7	129	97	32	25
"K_3332 Sigdal"	"2003"	3569	32	50	-18	119	140	-21	-39
"K_3332 Sigdal"	"2004"	3530	30	48	-18	131	107	24	7
"K_3332 Sigdal"	"2005"	3537	32	42	-10	99	123	-24	-36
"K_3332 Sigdal"	"2006"	3501	35	50	-15	113	104	9	-5
"K_3332 Sigdal"	"2007"	3496	36	41	-5	146	114	32	28
"K_3332 Sigdal"	"2008"	3524	37	38	-1	109	98	11	10
"K_3332 Sigdal"	"2009"	3534	27	41	-14	107	113	-6	-20
"K_3332 Sigdal"	"2010"	3514	28	34	-6	154	139	15	10
"K_3332 Sigdal"	"2011"	3524	34	32	2	138	128	10	11
"K_3332 Sigdal"	"2012"	3535	28	35	-7	117	107	10	3
"K_3332 Sigdal"	"2013"	3538	22	60	-38	143	134	9	-29
"K_3332 Sigdal"	"2014"	3509	32	41	-9	164	142	22	11
"K_3332 Sigdal"	"2015"	3520	26	53	-27	149	130	19	-8
"K_3332 Sigdal"	"2016"	3512	19	49	-30	176	156	20	-10
"K_3332 Sigdal"	"2017"	3502	30	46	-16	144	142	2	-14
"K_3332 Sigdal"	"2018"	3488	26	31	-5	140	133	7	2
"K_3332 Sigdal"	"2019"	3490	23	32	-9	127	142	-15	-23
"K_3332 Sigdal"	"2020"	3467	30	23	7	134	142	-8	-2
"K_3332 Sigdal"	"2021"	3465	22	28	-6	159	128	31	27
"K_3332 Sigdal"	"2022"	3492	19	35	-16	158	155	3	-13
"K_3332 Sigdal"	"2023"	3479	17	39	-22	211	142	69	47
"K_3332 Sigdal"	"2024"	3526	..	..	..	..	..	..	..
"K_3334 Flesberg"	"1951"	2383	46	19	27	105	167	-62	-35
"K_3334 Flesberg"	"1952"	2348	42	21	21	95	117	-22	-1
"K_3334 Flesberg"	"1953"	2347	34	27	7	103	121	-18	-11
"K_3334 Flesberg"	"1954"	2336	35	17	18	72	110	-38	-20
"K_3334 Flesberg"	"1955"	2316	42	23	19	124	111	13	78
"K_3334 Flesberg"	"1956"	2394	31	16	15	85	150	-65	-50
"K_3334 Flesberg"	"1957"	2344	39	18	21	84	147	-63	-42
"K_3334 Flesberg"	"1958"	2302	38	23	15	85	98	-13	2
"K_3334 Flesberg"	"1959"	2304	27	29	-2	109	112	-3	-5
"K_3334 Flesberg"	"1960"	2299	31	20	11	94	113	-19	-64
"K_3334 Flesberg"	"1961"	2235	30	22	8	53	129	-76	-68
"K_3334 Flesberg"	"1962"	2167	38	21	17	79	104	-25	-8
"K_3334 Flesberg"	"1963"	2159	26	30	-4	78	78	0	-4
"K_3334 Flesberg"	"1964"	2050	31	23	8	84	62	22	30
"K_3334 Flesberg"	"1965"	2080	31	19	12	87	94	-7	5
"K_3334 Flesberg"	"1966"	2085	25	24	1	86	103	-17	-9
"K_3334 Flesberg"	"1967"	2076	25	34	-9	92	91	1	-8
"K_3334 Flesberg"	"1968"	2068	32	20	12	108	96	12	23
"K_3334 Flesberg"	"1969"	2091	22	20	2	75	100	-25	-23
"K_3334 Flesberg"	"1970"	2068	24	26	-2	174	128	46	35
"K_3334 Flesberg"	"1971"	2103	29	26	3	145	102	43	46
"K_3334 Flesberg"	"1972"	2149	30	35	-5	178	108	70	70
"K_3334 Flesberg"	"1973"	2219	38	21	17	131	105	26	46
"K_3334 Flesberg"	"1974"	2265	30	33	-3	152	79	73	69
"K_3334 Flesberg"	"1975"	2334	37	26	11	165	121	44	56
"K_3334 Flesberg"	"1976"	2390	25	25	0	162	113	49	51
"K_3334 Flesberg"	"1977"	2441	21	29	-8	144	112	32	23
"K_3334 Flesberg"	"1978"	2464	26	22	4	156	129	27	32
"K_3334 Flesberg"	"1979"	2496	27	20	7	158	118	40	42
"K_3334 Flesberg"	"1980"	2538	22	30	-8	138	114	24	16
"K_3334 Flesberg"	"1981"	2554	30	37	-7	127	102	25	18
"K_3334 Flesberg"	"1982"	2572	32	22	10	116	97	19	28
"K_3334 Flesberg"	"1983"	2600	27	34	-7	84	110	-26	-33
"K_3334 Flesberg"	"1984"	2567	22	23	-1	82	131	-49	-50
"K_3334 Flesberg"	"1985"	2517	27	31	-4	137	119	18	14
"K_3334 Flesberg"	"1986"	2531	29	20	9	129	124	5	12
"K_3334 Flesberg"	"1987"	2543	36	25	11	140	171	-31	-19
"K_3334 Flesberg"	"1988"	2524	30	27	3	134	114	20	23
"K_3334 Flesberg"	"1989"	2547	23	24	-1	115	109	6	5
"K_3334 Flesberg"	"1990"	2552	30	26	4	114	115	-1	8
"K_3334 Flesberg"	"1991"	2560	40	32	8	101	118	-17	-13
"K_3334 Flesberg"	"1992"	2547	25	32	-7	99	113	-14	-15
"K_3334 Flesberg"	"1993"	2532	25	30	-5	72	94	-22	-26
"K_3334 Flesberg"	"1994"	2506	34	26	8	102	84	18	27
"K_3334 Flesberg"	"1995"	2533	21	26	-5	93	116	-23	-27
"K_3334 Flesberg"	"1996"	2506	26	42	-16	120	125	-5	-21
"K_3334 Flesberg"	"1997"	2485	39	24	15	102	102	0	16
"K_3334 Flesberg"	"1998"	2501	20	28	-8	111	104	7	-1
"K_3334 Flesberg"	"1999"	2500	28	23	5	84	98	-14	-9
"K_3334 Flesberg"	"2000"	2491	42	28	14	107	77	30	44
"K_3334 Flesberg"	"2001"	2535	32	33	-1	116	120	-4	-3
"K_3334 Flesberg"	"2002"	2532	31	25	6	102	117	-15	-9
"K_3334 Flesberg"	"2003"	2523	27	33	-6	129	134	-5	-11
"K_3334 Flesberg"	"2004"	2512	25	16	9	97	101	-4	5
"K_3334 Flesberg"	"2005"	2517	17	18	-1	123	109	14	12
"K_3334 Flesberg"	"2006"	2529	30	19	11	107	124	-17	-6
"K_3334 Flesberg"	"2007"	2523	22	21	1	125	129	-4	-2
"K_3334 Flesberg"	"2008"	2521	27	26	1	106	90	16	23
"K_3334 Flesberg"	"2009"	2544	25	25	0	140	112	28	34
"K_3334 Flesberg"	"2010"	2578	27	19	8	133	124	9	14
"K_3334 Flesberg"	"2011"	2592	27	34	-7	181	129	52	46
"K_3334 Flesberg"	"2012"	2638	21	31	-10	149	122	27	19
"K_3334 Flesberg"	"2013"	2657	33	30	3	159	136	23	26
"K_3334 Flesberg"	"2014"	2683	25	26	-1	165	175	-10	-12
"K_3334 Flesberg"	"2015"	2671	27	23	4	158	133	25	28
"K_3334 Flesberg"	"2016"	2699	26	22	4	166	173	-7	-3
"K_3334 Flesberg"	"2017"	2696	31	25	6	157	172	-15	-8
"K_3334 Flesberg"	"2018"	2688	31	26	5	152	151	1	6
"K_3334 Flesberg"	"2019"	2694	23	23	0	143	149	-6	-6
"K_3334 Flesberg"	"2020"	2688	28	17	11	140	127	13	25
"K_3334 Flesberg"	"2021"	2713	28	20	8	150	149	1	7
"K_3334 Flesberg"	"2022"	2720	21	22	-1	185	167	18	17
"K_3334 Flesberg"	"2023"	2737	28	22	6	185	142	43	44
"K_3334 Flesberg"	"2024"	2781	..	..	..	..	..	..	..
"K_3336 Rollag"	"1951"	1552	26	11	15	61	90	-29	-14
"K_3336 Rollag"	"1952"	1538	30	11	19	43	54	-11	8
"K_3336 Rollag"	"1953"	1546	27	5	22	44	54	-10	12
"K_3336 Rollag"	"1954"	1558	23	17	6	34	43	-9	-3
"K_3336 Rollag"	"1955"	1555	32	19	13	36	86	-50	-39
"K_3336 Rollag"	"1956"	1516	27	18	9	48	52	-4	5
"K_3336 Rollag"	"1957"	1521	17	21	-4	64	73	-9	-13
"K_3336 Rollag"	"1958"	1508	27	18	9	56	58	-2	7
"K_3336 Rollag"	"1959"	1515	25	14	11	57	62	-5	6
"K_3336 Rollag"	"1960"	1521	20	27	-7	58	83	-25	-12
"K_3336 Rollag"	"1961"	1509	32	16	16	34	57	-23	-7
"K_3336 Rollag"	"1962"	1502	22	17	5	96	53	43	48
"K_3336 Rollag"	"1963"	1550	15	33	-18	62	60	2	-16
"K_3336 Rollag"	"1964"	1534	22	17	5	53	117	-64	-59
"K_3336 Rollag"	"1965"	1475	14	23	-9	37	86	-49	-58
"K_3336 Rollag"	"1966"	1417	9	12	-3	50	51	-1	8
"K_3336 Rollag"	"1967"	1425	13	14	-1	50	59	-9	-10
"K_3336 Rollag"	"1968"	1415	12	13	-1	39	57	-18	-22
"K_3336 Rollag"	"1969"	1393	24	18	6	53	68	-15	-8
"K_3336 Rollag"	"1970"	1385	10	17	-7	76	87	-11	-25
"K_3336 Rollag"	"1971"	1360	13	17	-4	39	59	-20	-26
"K_3336 Rollag"	"1972"	1334	14	19	-5	32	59	-27	-32
"K_3336 Rollag"	"1973"	1302	9	12	-3	51	41	10	5
"K_3336 Rollag"	"1974"	1307	14	22	-8	92	71	21	13
"K_3336 Rollag"	"1975"	1320	11	14	-3	105	49	56	53
"K_3336 Rollag"	"1976"	1373	14	28	-14	72	38	34	20
"K_3336 Rollag"	"1977"	1393	10	29	-19	54	52	2	-17
"K_3336 Rollag"	"1978"	1376	10	20	-10	97	49	48	38
"K_3336 Rollag"	"1979"	1414	15	18	-3	70	52	18	15
"K_3336 Rollag"	"1980"	1429	16	15	1	79	55	24	25
"K_3336 Rollag"	"1981"	1454	14	19	-5	64	39	25	20
"K_3336 Rollag"	"1982"	1474	13	13	0	53	37	16	16
"K_3336 Rollag"	"1983"	1490	12	24	-12	35	40	-5	-19
"K_3336 Rollag"	"1984"	1471	17	16	1	38	62	-24	-23
"K_3336 Rollag"	"1985"	1448	13	27	-14	41	35	6	-8
"K_3336 Rollag"	"1986"	1440	12	21	-9	47	30	17	9
"K_3336 Rollag"	"1987"	1449	12	23	-11	55	42	13	1
"K_3336 Rollag"	"1988"	1450	16	18	-2	46	39	7	5
"K_3336 Rollag"	"1989"	1455	15	19	-4	49	45	4	0
"K_3336 Rollag"	"1990"	1455	18	15	3	77	62	15	18
"K_3336 Rollag"	"1991"	1473	13	10	3	58	52	6	9
"K_3336 Rollag"	"1992"	1482	18	23	-5	43	44	-1	-6
"K_3336 Rollag"	"1993"	1476	15	21	-6	55	50	5	-2
"K_3336 Rollag"	"1994"	1474	17	12	5	69	67	2	5
"K_3336 Rollag"	"1995"	1479	15	10	5	71	68	3	8
"K_3336 Rollag"	"1996"	1487	14	25	-11	50	63	-13	-24
"K_3336 Rollag"	"1997"	1463	23	18	5	57	57	0	5
"K_3336 Rollag"	"1998"	1468	20	15	5	60	42	18	23
"K_3336 Rollag"	"1999"	1491	26	21	5	65	69	-4	1
"K_3336 Rollag"	"2000"	1492	14	20	-6	56	52	4	-2
"K_3336 Rollag"	"2001"	1490	11	14	-3	64	74	-10	-13
"K_3336 Rollag"	"2002"	1477	12	22	-10	54	41	13	3
"K_3336 Rollag"	"2003"	1480	17	15	2	69	56	13	15
"K_3336 Rollag"	"2004"	1495	12	18	-6	43	93	-50	-54
"K_3336 Rollag"	"2005"	1441	8	22	-14	56	69	-13	-27
"K_3336 Rollag"	"2006"	1414	7	18	-11	40	41	-1	-12
"K_3336 Rollag"	"2007"	1402	13	11	2	70	55	15	17
"K_3336 Rollag"	"2008"	1419	20	18	2	56	58	-2	-1
"K_3336 Rollag"	"2009"	1418	8	17	-9	38	57	-19	-28
"K_3336 Rollag"	"2010"	1390	10	13	-3	37	42	-5	-8
"K_3336 Rollag"	"2011"	1382	7	13	-6	61	54	7	1
"K_3336 Rollag"	"2012"	1383	6	17	-11	45	62	-17	-28
"K_3336 Rollag"	"2013"	1355	10	13	-3	67	50	17	14
"K_3336 Rollag"	"2014"	1369	19	12	7	77	78	-1	6
"K_3336 Rollag"	"2015"	1375	15	21	-6	84	49	35	29
"K_3336 Rollag"	"2016"	1404	10	19	-9	60	56	4	-5
"K_3336 Rollag"	"2017"	1399	19	14	5	72	64	8	12
"K_3336 Rollag"	"2018"	1411	14	12	2	65	59	6	8
"K_3336 Rollag"	"2019"	1419	9	14	-5	74	98	-24	-29
"K_3336 Rollag"	"2020"	1390	9	15	-6	65	63	2	-4
"K_3336 Rollag"	"2021"	1386	10	9	1	46	60	-14	-16
"K_3336 Rollag"	"2022"	1370	5	22	-17	72	60	12	-4
"K_3336 Rollag"	"2023"	1366	12	11	1	85	56	29	29
"K_3336 Rollag"	"2024"	1395	..	..	..	..	..	..	..
"K_3338 Nore og Uvdal"	"1951"	3462	49	29	20	96	208	-112	-92
"K_3338 Nore og Uvdal"	"1952"	3370	46	35	11	77	95	-18	-7
"K_3338 Nore og Uvdal"	"1953"	3363	50	30	20	77	139	-62	-42
"K_3338 Nore og Uvdal"	"1954"	3321	51	21	30	90	95	-5	25
"K_3338 Nore og Uvdal"	"1955"	3346	61	32	29	122	149	-27	67
"K_3338 Nore og Uvdal"	"1956"	3413	44	29	15	120	195	-75	-60
"K_3338 Nore og Uvdal"	"1957"	3353	68	35	33	82	132	-50	-17
"K_3338 Nore og Uvdal"	"1958"	3336	50	37	13	99	124	-25	-12
"K_3338 Nore og Uvdal"	"1959"	3324	53	30	23	75	88	-13	10
"K_3338 Nore og Uvdal"	"1960"	3334	39	23	16	104	172	-68	-91
"K_3338 Nore og Uvdal"	"1961"	3243	42	37	5	75	135	-60	-55
"K_3338 Nore og Uvdal"	"1962"	3188	48	36	12	83	121	-38	-26
"K_3338 Nore og Uvdal"	"1963"	3162	54	33	21	119	77	42	63
"K_3338 Nore og Uvdal"	"1964"	3225	45	54	-9	197	121	76	67
"K_3338 Nore og Uvdal"	"1965"	3292	51	34	17	136	102	34	51
"K_3338 Nore og Uvdal"	"1966"	3343	40	28	12	89	141	-52	-29
"K_3338 Nore og Uvdal"	"1967"	3314	41	38	3	80	214	-134	-131
"K_3338 Nore og Uvdal"	"1968"	3183	49	37	12	56	186	-130	-118
"K_3338 Nore og Uvdal"	"1969"	3065	37	34	3	75	157	-82	-77
"K_3338 Nore og Uvdal"	"1970"	2988	43	37	6	122	137	-15	-18
"K_3338 Nore og Uvdal"	"1971"	2970	46	37	9	102	131	-29	-23
"K_3338 Nore og Uvdal"	"1972"	2947	41	39	2	102	104	-2	1
"K_3338 Nore og Uvdal"	"1973"	2948	50	35	15	86	100	-14	0
"K_3338 Nore og Uvdal"	"1974"	2948	39	49	-10	89	90	-1	-13
"K_3338 Nore og Uvdal"	"1975"	2935	40	47	-7	106	84	22	14
"K_3338 Nore og Uvdal"	"1976"	2949	27	30	-3	91	88	3	0
"K_3338 Nore og Uvdal"	"1977"	2949	33	60	-27	106	75	31	4
"K_3338 Nore og Uvdal"	"1978"	2953	32	38	-6	78	124	-46	-52
"K_3338 Nore og Uvdal"	"1979"	2901	21	42	-21	75	85	-10	-28
"K_3338 Nore og Uvdal"	"1980"	2873	24	31	-7	99	71	28	18
"K_3338 Nore og Uvdal"	"1981"	2891	31	36	-5	101	72	29	27
"K_3338 Nore og Uvdal"	"1982"	2918	34	45	-11	105	66	39	28
"K_3338 Nore og Uvdal"	"1983"	2946	33	33	0	78	58	20	20
"K_3338 Nore og Uvdal"	"1984"	2966	29	37	-8	102	62	40	32
"K_3338 Nore og Uvdal"	"1985"	2998	33	36	-3	72	83	-11	-14
"K_3338 Nore og Uvdal"	"1986"	2984	32	39	-7	58	82	-24	-31
"K_3338 Nore og Uvdal"	"1987"	2953	25	40	-15	104	104	0	-13
"K_3338 Nore og Uvdal"	"1988"	2940	26	34	-8	75	99	-24	-33
"K_3338 Nore og Uvdal"	"1989"	2907	32	39	-7	89	84	5	-4
"K_3338 Nore og Uvdal"	"1990"	2903	29	26	3	107	123	-16	-13
"K_3338 Nore og Uvdal"	"1991"	2890	38	43	-5	84	76	8	2
"K_3338 Nore og Uvdal"	"1992"	2892	42	45	-3	78	70	8	6
"K_3338 Nore og Uvdal"	"1993"	2898	34	41	-7	70	65	5	-3
"K_3338 Nore og Uvdal"	"1994"	2895	31	49	-18	66	87	-21	-38
"K_3338 Nore og Uvdal"	"1995"	2857	36	49	-13	80	96	-16	-29
"K_3338 Nore og Uvdal"	"1996"	2828	40	50	-10	84	66	18	8
"K_3338 Nore og Uvdal"	"1997"	2836	35	27	8	69	95	-26	-17
"K_3338 Nore og Uvdal"	"1998"	2819	33	36	-3	96	103	-7	-11
"K_3338 Nore og Uvdal"	"1999"	2808	25	41	-16	69	97	-28	-44
"K_3338 Nore og Uvdal"	"2000"	2764	30	35	-5	71	74	-3	-9
"K_3338 Nore og Uvdal"	"2001"	2755	39	41	-2	109	109	0	-1
"K_3338 Nore og Uvdal"	"2002"	2754	22	50	-28	75	98	-23	-51
"K_3338 Nore og Uvdal"	"2003"	2703	25	38	-13	111	106	5	-8
"K_3338 Nore og Uvdal"	"2004"	2695	32	40	-8	52	103	-51	-60
"K_3338 Nore og Uvdal"	"2005"	2635	25	26	-1	83	121	-38	-38
"K_3338 Nore og Uvdal"	"2006"	2597	20	40	-20	57	108	-51	-71
"K_3338 Nore og Uvdal"	"2007"	2526	25	35	-10	103	85	18	8
"K_3338 Nore og Uvdal"	"2008"	2534	16	29	-13	68	90	-22	-31
"K_3338 Nore og Uvdal"	"2009"	2503	23	38	-15	88	60	28	11
"K_3338 Nore og Uvdal"	"2010"	2514	20	30	-10	108	89	19	10
"K_3338 Nore og Uvdal"	"2011"	2524	24	32	-8	97	72	25	16
"K_3338 Nore og Uvdal"	"2012"	2540	9	24	-15	98	92	6	-9
"K_3338 Nore og Uvdal"	"2013"	2531	23	26	-3	114	83	31	26
"K_3338 Nore og Uvdal"	"2014"	2557	20	37	-17	97	96	1	-16
"K_3338 Nore og Uvdal"	"2015"	2541	18	30	-12	119	100	19	7
"K_3338 Nore og Uvdal"	"2016"	2548	19	26	-7	80	91	-11	-18
"K_3338 Nore og Uvdal"	"2017"	2530	18	34	-16	97	130	-33	-48
"K_3338 Nore og Uvdal"	"2018"	2482	18	27	-9	68	93	-25	-34
"K_3338 Nore og Uvdal"	"2019"	2448	20	30	-10	98	97	1	-9
"K_3338 Nore og Uvdal"	"2020"	2439	13	21	-8	69	88	-19	-27
"K_3338 Nore og Uvdal"	"2021"	2412	21	18	3	128	87	41	43
"K_3338 Nore og Uvdal"	"2022"	2455	8	36	-28	167	106	61	31
"K_3338 Nore og Uvdal"	"2023"	2486	17	42	-25	118	95	23	0
"K_3338 Nore og Uvdal"	"2024"	2486	..	..	..	..	..	..	..
"K_3401 Kongsvinger"	"1951"	12519	178	95	83	680	687	-7	76
"K_3401 Kongsvinger"	"1952"	12595	191	106	85	683	637	46	131
"K_3401 Kongsvinger"	"1953"	12726	199	98	101	650	724	-74	27
"K_3401 Kongsvinger"	"1954"	12753	185	94	91	800	747	53	144
"K_3401 Kongsvinger"	"1955"	12897	220	120	100	643	700	-57	33
"K_3401 Kongsvinger"	"1956"	12930	192	114	78	751	790	-39	39
"K_3401 Kongsvinger"	"1957"	12969	204	106	98	661	741	-80	18
"K_3401 Kongsvinger"	"1958"	12987	192	112	80	655	704	-49	31
"K_3401 Kongsvinger"	"1959"	13018	203	124	79	711	850	-139	-60
"K_3401 Kongsvinger"	"1960"	12958	171	122	49	645	781	-136	-80
"K_3401 Kongsvinger"	"1961"	12878	166	138	28	662	756	-94	-66
"K_3401 Kongsvinger"	"1962"	12812	194	130	64	862	742	120	184
"K_3401 Kongsvinger"	"1963"	12996	175	159	16	843	865	-22	-6
"K_3401 Kongsvinger"	"1964"	12990	183	130	53	507	499	8	61
"K_3401 Kongsvinger"	"1965"	13051	200	135	65	587	594	-7	58
"K_3401 Kongsvinger"	"1966"	13109	185	144	41	526	589	-63	-41
"K_3401 Kongsvinger"	"1967"	13068	193	134	59	638	545	93	152
"K_3401 Kongsvinger"	"1968"	13220	197	152	45	694	536	158	209
"K_3401 Kongsvinger"	"1969"	13429	177	169	8	720	588	132	147
"K_3401 Kongsvinger"	"1970"	13576	188	159	29	967	650	317	319
"K_3401 Kongsvinger"	"1971"	13895	220	148	72	823	548	275	328
"K_3401 Kongsvinger"	"1972"	14223	225	163	62	874	490	384	447
"K_3401 Kongsvinger"	"1973"	14670	184	151	33	916	525	391	422
"K_3401 Kongsvinger"	"1974"	15092	219	177	42	915	545	370	427
"K_3401 Kongsvinger"	"1975"	15519	213	173	40	1126	539	587	619
"K_3401 Kongsvinger"	"1976"	16138	238	171	67	932	596	336	399
"K_3401 Kongsvinger"	"1977"	16537	199	145	54	973	699	274	329
"K_3401 Kongsvinger"	"1978"	16866	176	202	-26	823	649	174	152
"K_3401 Kongsvinger"	"1979"	17018	195	165	30	757	759	-2	29
"K_3401 Kongsvinger"	"1980"	17047	189	175	14	839	661	178	182
"K_3401 Kongsvinger"	"1981"	17229	185	177	8	738	594	144	148
"K_3401 Kongsvinger"	"1982"	17377	198	184	14	773	705	68	79
"K_3401 Kongsvinger"	"1983"	17456	179	166	13	717	769	-52	-44
"K_3401 Kongsvinger"	"1984"	17412	198	195	3	869	825	44	55
"K_3401 Kongsvinger"	"1985"	17467	174	194	-20	890	830	60	25
"K_3401 Kongsvinger"	"1986"	17492	189	186	3	976	944	32	30
"K_3401 Kongsvinger"	"1987"	17522	176	196	-20	891	971	-80	-97
"K_3401 Kongsvinger"	"1988"	17425	202	190	12	968	869	99	101
"K_3401 Kongsvinger"	"1989"	17526	205	221	-16	859	879	-20	-46
"K_3401 Kongsvinger"	"1990"	17480	204	213	-9	766	771	-5	-16
"K_3401 Kongsvinger"	"1991"	17464	231	197	34	746	764	-18	14
"K_3401 Kongsvinger"	"1992"	17478	201	228	-27	664	719	-55	-77
"K_3401 Kongsvinger"	"1993"	17401	201	230	-29	628	731	-103	-129
"K_3401 Kongsvinger"	"1994"	17272	180	200	-20	720	694	26	2
"K_3401 Kongsvinger"	"1995"	17274	192	189	3	731	739	-8	-4
"K_3401 Kongsvinger"	"1996"	17270	194	201	-7	697	726	-29	-37
"K_3401 Kongsvinger"	"1997"	17233	171	206	-35	818	783	35	-1
"K_3401 Kongsvinger"	"1998"	17232	173	211	-38	803	742	61	22
"K_3401 Kongsvinger"	"1999"	17254	196	182	14	872	790	82	95
"K_3401 Kongsvinger"	"2000"	17349	194	198	-4	868	815	53	52
"K_3401 Kongsvinger"	"2001"	17401	194	231	-37	877	873	4	-35
"K_3401 Kongsvinger"	"2002"	17366	163	245	-82	934	862	72	-18
"K_3401 Kongsvinger"	"2003"	17348	190	193	-3	889	856	33	32
"K_3401 Kongsvinger"	"2004"	17380	152	185	-33	795	865	-70	-101
"K_3401 Kongsvinger"	"2005"	17279	158	180	-22	795	834	-39	-55
"K_3401 Kongsvinger"	"2006"	17224	150	221	-71	859	782	77	12
"K_3401 Kongsvinger"	"2007"	17236	170	182	-12	962	828	134	125
"K_3401 Kongsvinger"	"2008"	17361	168	198	-30	872	874	-2	-35
"K_3401 Kongsvinger"	"2009"	17326	181	243	-62	918	802	116	51
"K_3401 Kongsvinger"	"2010"	17377	155	206	-51	967	858	109	59
"K_3401 Kongsvinger"	"2011"	17436	148	189	-41	1043	915	128	86
"K_3401 Kongsvinger"	"2012"	17522	156	194	-38	1037	889	148	116
"K_3401 Kongsvinger"	"2013"	17638	166	177	-11	1081	879	202	187
"K_3401 Kongsvinger"	"2014"	17825	142	194	-52	1033	926	107	56
"K_3401 Kongsvinger"	"2015"	17881	151	177	-26	990	1013	-23	-46
"K_3401 Kongsvinger"	"2016"	17835	132	209	-77	1070	972	98	22
"K_3401 Kongsvinger"	"2017"	17857	130	174	-44	1097	977	120	77
"K_3401 Kongsvinger"	"2018"	17934	117	199	-82	877	907	-30	-111
"K_3401 Kongsvinger"	"2019"	17823	125	189	-64	907	842	65	6
"K_3401 Kongsvinger"	"2020"	17829	113	173	-60	929	850	79	22
"K_3401 Kongsvinger"	"2021"	17851	108	211	-103	1045	840	205	98
"K_3401 Kongsvinger"	"2022"	17949	149	217	-68	1011	923	88	17
"K_3401 Kongsvinger"	"2023"	17966	120	237	-117	1362	1156	206	92
"K_3401 Kongsvinger"	"2024"	18058	..	..	..	..	..	..	..
"K_3403 Hamar"	"1951"	18258	292	148	144	1270	1236	34	178
"K_3403 Hamar"	"1952"	18436	317	161	156	1219	1254	-35	121
"K_3403 Hamar"	"1953"	18557	333	184	149	1459	1215	244	393
"K_3403 Hamar"	"1954"	18950	348	150	198	1446	1282	164	362
"K_3403 Hamar"	"1955"	19312	369	175	194	1342	1233	109	503
"K_3403 Hamar"	"1956"	19815	341	158	183	1672	1410	262	469
"K_3403 Hamar"	"1957"	20260	376	174	202	1361	1374	-13	189
"K_3403 Hamar"	"1958"	20449	305	186	119	1331	1184	147	266
"K_3403 Hamar"	"1959"	20715	306	191	115	1431	1340	91	206
"K_3403 Hamar"	"1960"	20921	290	178	112	1862	1579	283	253
"K_3403 Hamar"	"1961"	21174	334	187	147	1467	1314	153	300
"K_3403 Hamar"	"1962"	21474	359	190	169	1613	1387	226	395
"K_3403 Hamar"	"1963"	21869	302	185	117	1659	1493	166	283
"K_3403 Hamar"	"1964"	22118	368	210	158	1517	1473	44	202
"K_3403 Hamar"	"1965"	22420	324	242	82	1614	1526	88	170
"K_3403 Hamar"	"1966"	22590	340	221	119	1634	1355	279	534
"K_3403 Hamar"	"1967"	23108	343	232	111	1579	1443	136	247
"K_3403 Hamar"	"1968"	23355	340	237	103	1710	1486	224	338
"K_3403 Hamar"	"1969"	23693	377	255	122	1906	1670	236	360
"K_3403 Hamar"	"1970"	24053	310	217	93	2448	1973	475	605
"K_3403 Hamar"	"1971"	24658	365	242	123	1659	1565	94	190
"K_3403 Hamar"	"1972"	24848	336	253	83	1936	1775	161	267
"K_3403 Hamar"	"1973"	25115	333	267	66	1796	1725	71	138
"K_3403 Hamar"	"1974"	25253	301	289	12	1851	1823	28	47
"K_3403 Hamar"	"1975"	25300	297	292	5	1814	1637	177	173
"K_3403 Hamar"	"1976"	25473	256	294	-38	1476	1645	-169	-208
"K_3403 Hamar"	"1977"	25265	258	247	11	1584	1627	-43	-32
"K_3403 Hamar"	"1978"	25233	246	288	-42	1354	1646	-292	-334
"K_3403 Hamar"	"1979"	24899	251	277	-26	1450	1532	-82	-114
"K_3403 Hamar"	"1980"	24785	217	284	-67	1764	1654	110	42
"K_3403 Hamar"	"1981"	24827	238	302	-64	1673	1625	48	-24
"K_3403 Hamar"	"1982"	24803	251	254	-3	1457	1545	-88	-85
"K_3403 Hamar"	"1983"	24718	230	309	-79	1713	1723	-10	-88
"K_3403 Hamar"	"1984"	24630	242	309	-67	1437	1481	-44	-114
"K_3403 Hamar"	"1985"	24516	267	320	-53	1522	1494	28	-32
"K_3403 Hamar"	"1986"	24484	235	326	-91	1659	1476	183	84
"K_3403 Hamar"	"1987"	24568	250	328	-78	1575	1374	201	126
"K_3403 Hamar"	"1988"	24694	276	341	-65	1669	1408	261	196
"K_3403 Hamar"	"1989"	24890	278	321	-43	1843	1553	290	242
"K_3403 Hamar"	"1990"	25132	306	293	13	1941	1632	309	322
"K_3403 Hamar"	"1991"	25454	360	262	98	1653	1396	257	546
"K_3403 Hamar"	"1992"	26000	307	323	-16	1373	1376	-3	-1
"K_3403 Hamar"	"1993"	25999	317	308	9	1323	1202	121	124
"K_3403 Hamar"	"1994"	26123	279	321	-42	1596	1399	197	161
"K_3403 Hamar"	"1995"	26284	276	272	4	1480	1437	43	46
"K_3403 Hamar"	"1996"	26330	275	308	-33	1495	1533	-38	-68
"K_3403 Hamar"	"1997"	26262	260	299	-39	1566	1479	87	49
"K_3403 Hamar"	"1998"	26311	270	338	-68	1502	1317	185	113
"K_3403 Hamar"	"1999"	26424	252	327	-75	1606	1411	195	121
"K_3403 Hamar"	"2000"	26545	274	272	2	1681	1392	289	290
"K_3403 Hamar"	"2001"	26835	286	306	-20	1681	1550	131	117
"K_3403 Hamar"	"2002"	26952	279	324	-45	1707	1489	218	168
"K_3403 Hamar"	"2003"	27120	262	276	-14	1671	1532	139	125
"K_3403 Hamar"	"2004"	27245	264	283	-19	1689	1463	226	194
"K_3403 Hamar"	"2005"	27439	265	303	-38	1679	1485	194	154
"K_3403 Hamar"	"2006"	27593	275	302	-27	1857	1518	339	316
"K_3403 Hamar"	"2007"	27909	242	309	-67	1788	1661	127	67
"K_3403 Hamar"	"2008"	27976	266	304	-38	1761	1486	275	235
"K_3403 Hamar"	"2009"	28211	277	289	-12	1675	1536	139	133
"K_3403 Hamar"	"2010"	28344	287	290	-3	1897	1577	320	318
"K_3403 Hamar"	"2011"	28662	244	307	-63	1992	1543	449	383
"K_3403 Hamar"	"2012"	29045	277	323	-46	1953	1599	354	308
"K_3403 Hamar"	"2013"	29353	262	314	-52	1989	1768	221	167
"K_3403 Hamar"	"2014"	29520	255	287	-32	2064	1697	367	327
"K_3403 Hamar"	"2015"	29847	247	295	-48	2203	1885	318	273
"K_3403 Hamar"	"2016"	30120	264	302	-38	2187	1675	512	478
"K_3403 Hamar"	"2017"	30598	274	315	-41	2219	1851	368	332
"K_3403 Hamar"	"2018"	30930	265	323	-58	2189	1921	268	214
"K_3403 Hamar"	"2019"	31144	236	269	-33	2203	1950	253	225
"K_3403 Hamar"	"2020"	31369	250	299	-49	2305	2116	189	140
"K_3403 Hamar"	"2021"	31509	280	290	-10	2395	1891	504	490
"K_3403 Hamar"	"2022"	31999	261	340	-79	2392	1931	461	383
"K_3403 Hamar"	"2023"	32382	274	341	-67	2472	1911	561	497
"K_3403 Hamar"	"2024"	32879	..	..	..	..	..	..	..
"K_3405 Lillehammer"	"1951"	16685	254	108	146	1436	1326	110	256
"K_3405 Lillehammer"	"1952"	16941	296	134	162	1354	1338	16	178
"K_3405 Lillehammer"	"1953"	17119	308	135	173	1444	1341	103	276
"K_3405 Lillehammer"	"1954"	17395	322	148	174	1664	1440	224	398
"K_3405 Lillehammer"	"1955"	17793	307	130	177	1560	1602	-42	35
"K_3405 Lillehammer"	"1956"	17828	315	141	174	1682	1569	113	287
"K_3405 Lillehammer"	"1957"	18115	329	140	189	1669	1680	-11	178
"K_3405 Lillehammer"	"1958"	18293	311	148	163	1565	1542	23	186
"K_3405 Lillehammer"	"1959"	18479	328	155	173	1435	1607	-172	1
"K_3405 Lillehammer"	"1960"	18480	314	148	166	1872	1685	187	193
"K_3405 Lillehammer"	"1961"	18673	283	146	137	1653	1523	130	267
"K_3405 Lillehammer"	"1962"	18940	334	145	189	1672	1591	81	270
"K_3405 Lillehammer"	"1963"	19210	326	190	136	1672	1732	-60	76
"K_3405 Lillehammer"	"1964"	19286	345	160	185	1237	1086	151	336
"K_3405 Lillehammer"	"1965"	19622	329	170	159	1189	1189	0	159
"K_3405 Lillehammer"	"1966"	19781	363	180	183	1112	1173	-61	78
"K_3405 Lillehammer"	"1967"	19859	343	184	159	1192	1155	37	196
"K_3405 Lillehammer"	"1968"	20055	347	186	161	1361	1226	135	328
"K_3405 Lillehammer"	"1969"	20383	340	205	135	1213	1223	-10	109
"K_3405 Lillehammer"	"1970"	20492	318	192	126	1443	1499	-56	56
"K_3405 Lillehammer"	"1971"	20548	321	184	137	1303	1351	-48	69
"K_3405 Lillehammer"	"1972"	20617	280	209	71	1435	1270	165	244
"K_3405 Lillehammer"	"1973"	20861	299	166	133	1312	1260	52	188
"K_3405 Lillehammer"	"1974"	21049	257	195	62	1187	1221	-34	29
"K_3405 Lillehammer"	"1975"	21078	266	185	81	1367	1263	104	175
"K_3405 Lillehammer"	"1976"	21253	246	186	60	1310	1126	184	243
"K_3405 Lillehammer"	"1977"	21496	247	176	71	1321	1211	110	178
"K_3405 Lillehammer"	"1978"	21674	259	220	39	1216	1167	49	88
"K_3405 Lillehammer"	"1979"	21762	232	215	17	1291	1077	214	220
"K_3405 Lillehammer"	"1980"	21982	231	193	38	1064	1210	-146	-105
"K_3405 Lillehammer"	"1981"	21877	229	210	19	1164	1217	-53	-34
"K_3405 Lillehammer"	"1982"	21843	224	211	13	1158	1035	123	138
"K_3405 Lillehammer"	"1983"	21981	212	214	-2	1092	977	115	111
"K_3405 Lillehammer"	"1984"	22092	217	253	-36	965	1010	-45	-80
"K_3405 Lillehammer"	"1985"	22012	227	231	-4	1165	1045	120	116
"K_3405 Lillehammer"	"1986"	22128	227	235	-8	1262	1179	83	65
"K_3405 Lillehammer"	"1987"	22193	221	251	-30	1286	1135	151	117
"K_3405 Lillehammer"	"1988"	22310	273	253	20	1382	1150	232	254
"K_3405 Lillehammer"	"1989"	22564	276	234	42	1327	1147	180	218
"K_3405 Lillehammer"	"1990"	22782	276	271	5	1288	1179	109	107
"K_3405 Lillehammer"	"1991"	22889	276	242	34	1244	1049	195	231
"K_3405 Lillehammer"	"1992"	23120	326	252	74	1352	986	366	425
"K_3405 Lillehammer"	"1993"	23545	278	218	60	1212	952	260	325
"K_3405 Lillehammer"	"1994"	23870	281	249	32	1586	1321	265	300
"K_3405 Lillehammer"	"1995"	24170	303	226	77	1443	1286	157	237
"K_3405 Lillehammer"	"1996"	24407	272	205	67	1282	1265	17	82
"K_3405 Lillehammer"	"1997"	24489	283	228	55	1246	1392	-146	-89
"K_3405 Lillehammer"	"1998"	24400	280	246	34	1344	1236	108	133
"K_3405 Lillehammer"	"1999"	24533	291	252	39	1437	1288	149	191
"K_3405 Lillehammer"	"2000"	24724	280	240	40	1383	1272	111	149
"K_3405 Lillehammer"	"2001"	24873	276	235	41	1279	1394	-115	-77
"K_3405 Lillehammer"	"2002"	24796	263	252	11	1335	1198	137	150
"K_3405 Lillehammer"	"2003"	24946	278	239	39	1354	1259	95	124
"K_3405 Lillehammer"	"2004"	25070	270	247	23	1259	1269	-10	5
"K_3405 Lillehammer"	"2005"	25075	274	272	2	1450	1216	234	239
"K_3405 Lillehammer"	"2006"	25314	269	230	39	1434	1250	184	223
"K_3405 Lillehammer"	"2007"	25537	252	256	-4	1594	1344	250	239
"K_3405 Lillehammer"	"2008"	25776	317	257	60	1546	1276	270	328
"K_3405 Lillehammer"	"2009"	26104	251	228	23	1564	1307	257	277
"K_3405 Lillehammer"	"2010"	26381	245	260	-15	1634	1434	200	190
"K_3405 Lillehammer"	"2011"	26571	279	237	42	1665	1519	146	194
"K_3405 Lillehammer"	"2012"	26765	246	255	-9	1776	1687	89	85
"K_3405 Lillehammer"	"2013"	26850	234	249	-15	1775	1581	194	178
"K_3405 Lillehammer"	"2014"	27028	298	264	34	1835	1595	240	272
"K_3405 Lillehammer"	"2015"	27300	230	247	-17	1871	1684	187	176
"K_3405 Lillehammer"	"2016"	27476	234	249	-15	1882	1557	325	305
"K_3405 Lillehammer"	"2017"	27781	250	236	14	1867	1724	143	157
"K_3405 Lillehammer"	"2018"	27938	257	248	9	1844	1772	72	85
"K_3405 Lillehammer"	"2019"	28023	240	243	-3	1940	1615	325	322
"K_3405 Lillehammer"	"2020"	28345	240	228	12	1896	1756	140	148
"K_3405 Lillehammer"	"2021"	28493	254	249	5	1936	1995	-59	-53
"K_3405 Lillehammer"	"2022"	28425	222	287	-65	1937	1733	204	135
"K_3405 Lillehammer"	"2023"	28560	216	229	-13	1976	1755	221	208
"K_3405 Lillehammer"	"2024"	28768	..	..	..	..	..	..	..
"K_3407 Gjøvik"	"1951"	20724	374	177	197	1282	1207	75	272
"K_3407 Gjøvik"	"1952"	20996	396	158	238	1327	1270	57	295
"K_3407 Gjøvik"	"1953"	21291	373	157	216	1381	1356	25	241
"K_3407 Gjøvik"	"1954"	21532	434	162	272	1393	1245	148	420
"K_3407 Gjøvik"	"1955"	21952	421	172	249	1417	1468	-51	156
"K_3407 Gjøvik"	"1956"	22108	398	172	226	1385	1435	-50	176
"K_3407 Gjøvik"	"1957"	22284	413	181	232	1359	1393	-34	198
"K_3407 Gjøvik"	"1958"	22482	371	189	182	1305	1266	39	221
"K_3407 Gjøvik"	"1959"	22703	389	191	198	1154	1199	-45	153
"K_3407 Gjøvik"	"1960"	22856	383	168	215	1551	1439	112	359
"K_3407 Gjøvik"	"1961"	23215	370	210	160	1195	1188	7	167
"K_3407 Gjøvik"	"1962"	23382	361	194	167	1385	1448	-63	104
"K_3407 Gjøvik"	"1963"	23486	370	215	155	1317	1263	54	209
"K_3407 Gjøvik"	"1964"	23608	366	221	145	913	925	-12	133
"K_3407 Gjøvik"	"1965"	23741	409	228	181	1007	924	83	264
"K_3407 Gjøvik"	"1966"	24005	415	191	224	1008	991	17	279
"K_3407 Gjøvik"	"1967"	24284	418	220	198	1136	1048	88	286
"K_3407 Gjøvik"	"1968"	24570	390	225	165	966	1015	-49	140
"K_3407 Gjøvik"	"1969"	24710	393	239	154	1129	851	278	466
"K_3407 Gjøvik"	"1970"	25176	397	234	163	1254	1317	-63	27
"K_3407 Gjøvik"	"1971"	25203	388	226	162	1033	1075	-42	103
"K_3407 Gjøvik"	"1972"	25306	406	237	169	1155	1063	92	263
"K_3407 Gjøvik"	"1973"	25569	376	247	129	1118	1122	-4	126
"K_3407 Gjøvik"	"1974"	25695	393	270	123	1153	1158	-5	114
"K_3407 Gjøvik"	"1975"	25809	358	218	140	1136	1122	14	144
"K_3407 Gjøvik"	"1976"	25953	335	268	67	1023	1015	8	77
"K_3407 Gjøvik"	"1977"	26030	299	243	56	1031	1072	-41	15
"K_3407 Gjøvik"	"1978"	26045	291	251	40	1049	978	71	105
"K_3407 Gjøvik"	"1979"	26150	292	249	43	946	1004	-58	-23
"K_3407 Gjøvik"	"1980"	26127	255	267	-12	1051	1115	-64	-82
"K_3407 Gjøvik"	"1981"	26045	270	281	-11	982	990	-8	-19
"K_3407 Gjøvik"	"1982"	26026	248	243	5	1006	968	38	44
"K_3407 Gjøvik"	"1983"	26070	275	253	22	913	1015	-102	-80
"K_3407 Gjøvik"	"1984"	25990	237	246	-9	896	918	-22	-33
"K_3407 Gjøvik"	"1985"	25957	265	313	-48	1104	1103	1	-49
"K_3407 Gjøvik"	"1986"	25908	244	260	-16	1125	1074	51	29
"K_3407 Gjøvik"	"1987"	25937	278	301	-23	1217	1163	54	35
"K_3407 Gjøvik"	"1988"	25972	292	278	14	1404	1258	146	164
"K_3407 Gjøvik"	"1989"	26136	299	324	-25	1100	1118	-18	-53
"K_3407 Gjøvik"	"1990"	26083	326	270	56	1207	1099	108	167
"K_3407 Gjøvik"	"1991"	26250	298	311	-13	1245	1064	181	165
"K_3407 Gjøvik"	"1992"	26415	354	287	67	1248	1068	180	254
"K_3407 Gjøvik"	"1993"	26669	313	325	-12	1269	1159	110	103
"K_3407 Gjøvik"	"1994"	26772	299	320	-21	1423	1334	89	72
"K_3407 Gjøvik"	"1995"	26844	317	333	-16	1424	1392	32	11
"K_3407 Gjøvik"	"1996"	26855	307	326	-19	1295	1280	15	-3
"K_3407 Gjøvik"	"1997"	26852	323	317	6	1283	1277	6	11
"K_3407 Gjøvik"	"1998"	26863	321	315	6	1372	1265	107	105
"K_3407 Gjøvik"	"1999"	26968	347	312	35	1325	1316	9	45
"K_3407 Gjøvik"	"2000"	27013	336	303	33	1456	1326	130	166
"K_3407 Gjøvik"	"2001"	27179	285	315	-30	1303	1361	-58	-86
"K_3407 Gjøvik"	"2002"	27093	312	314	-2	1487	1230	257	256
"K_3407 Gjøvik"	"2003"	27349	304	305	-1	1328	1147	181	177
"K_3407 Gjøvik"	"2004"	27526	269	278	-9	1413	1284	129	122
"K_3407 Gjøvik"	"2005"	27648	303	270	33	1445	1300	145	171
"K_3407 Gjøvik"	"2006"	27819	287	266	21	1429	1343	86	112
"K_3407 Gjøvik"	"2007"	27931	301	313	-12	1722	1333	389	370
"K_3407 Gjøvik"	"2008"	28301	295	257	38	1563	1287	276	310
"K_3407 Gjøvik"	"2009"	28611	328	288	40	1519	1357	162	196
"K_3407 Gjøvik"	"2010"	28807	331	295	36	1601	1462	139	167
"K_3407 Gjøvik"	"2011"	28974	305	303	2	1750	1520	230	228
"K_3407 Gjøvik"	"2012"	29202	316	325	-9	1724	1503	221	205
"K_3407 Gjøvik"	"2013"	29407	292	279	13	1862	1610	252	261
"K_3407 Gjøvik"	"2014"	29668	300	268	32	1937	1573	364	395
"K_3407 Gjøvik"	"2015"	30063	312	287	25	1815	1765	50	74
"K_3407 Gjøvik"	"2016"	30137	288	271	17	1850	1686	164	182
"K_3407 Gjøvik"	"2017"	30319	256	290	-34	2251	1895	356	323
"K_3407 Gjøvik"	"2018"	30642	239	297	-58	1935	1845	90	34
"K_3407 Gjøvik"	"2019"	30676	235	287	-52	1829	1893	-64	-116
"K_3407 Gjøvik"	"2020"	30560	254	278	-24	1693	1832	-139	-165
"K_3407 Gjøvik"	"2021"	30395	241	287	-46	1945	2021	-76	-128
"K_3407 Gjøvik"	"2022"	30267	246	310	-64	2113	1759	354	296
"K_3407 Gjøvik"	"2023"	30563	235	295	-60	2037	1632	405	340
"K_3407 Gjøvik"	"2024"	30903	..	..	..	..	..	..	..
"K_3411 Ringsaker"	"1951"	26169	454	184	270	1566	1793	-227	43
"K_3411 Ringsaker"	"1952"	26212	519	200	319	1513	1695	-182	137
"K_3411 Ringsaker"	"1953"	26349	501	211	290	1594	1689	-95	195
"K_3411 Ringsaker"	"1954"	26544	500	216	284	1513	1672	-159	125
"K_3411 Ringsaker"	"1955"	26669	498	207	291	1628	1774	-146	66
"K_3411 Ringsaker"	"1956"	26735	528	199	329	1704	1927	-223	106
"K_3411 Ringsaker"	"1957"	26841	466	227	239	1670	1652	18	257
"K_3411 Ringsaker"	"1958"	27098	504	222	282	1447	1574	-127	155
"K_3411 Ringsaker"	"1959"	27253	467	222	245	1348	1494	-146	99
"K_3411 Ringsaker"	"1960"	27352	478	215	263	1586	1734	-148	123
"K_3411 Ringsaker"	"1961"	27475	460	242	218	1332	1475	-143	75
"K_3411 Ringsaker"	"1962"	27550	477	230	247	1418	1394	24	271
"K_3411 Ringsaker"	"1963"	27821	492	294	198	1497	1554	-57	141
"K_3411 Ringsaker"	"1964"	27996	476	260	216	941	1081	-140	76
"K_3411 Ringsaker"	"1965"	27972	476	260	216	1106	1199	-93	123
"K_3411 Ringsaker"	"1966"	28095	539	240	299	1117	1164	-47	82
"K_3411 Ringsaker"	"1967"	28193	455	250	205	1031	1101	-70	135
"K_3411 Ringsaker"	"1968"	28328	442	282	160	1107	1138	-31	135
"K_3411 Ringsaker"	"1969"	28463	503	286	217	1175	1143	32	254
"K_3411 Ringsaker"	"1970"	28717	447	282	165	1474	1514	-40	111
"K_3411 Ringsaker"	"1971"	28828	447	250	197	1207	1070	137	329
"K_3411 Ringsaker"	"1972"	29157	449	274	175	1035	1101	-66	107
"K_3411 Ringsaker"	"1973"	29264	447	292	155	1048	1070	-22	130
"K_3411 Ringsaker"	"1974"	29394	377	285	92	1015	1043	-28	54
"K_3411 Ringsaker"	"1975"	29448	367	270	97	1221	1021	200	298
"K_3411 Ringsaker"	"1976"	29746	333	330	3	1048	924	124	126
"K_3411 Ringsaker"	"1977"	29872	339	283	56	1124	1034	90	149
"K_3411 Ringsaker"	"1978"	30021	331	324	7	1014	974	40	45
"K_3411 Ringsaker"	"1979"	30066	331	307	24	1145	915	230	253
"K_3411 Ringsaker"	"1980"	30319	320	337	-17	1122	1089	33	14
"K_3411 Ringsaker"	"1981"	30333	317	314	3	1023	945	78	79
"K_3411 Ringsaker"	"1982"	30412	343	315	28	941	896	45	75
"K_3411 Ringsaker"	"1983"	30487	316	320	-4	867	929	-62	-69
"K_3411 Ringsaker"	"1984"	30418	328	307	21	850	870	-20	1
"K_3411 Ringsaker"	"1985"	30419	310	362	-52	1009	866	143	102
"K_3411 Ringsaker"	"1986"	30521	332	340	-8	1091	998	93	85
"K_3411 Ringsaker"	"1987"	30606	347	322	25	1197	975	222	248
"K_3411 Ringsaker"	"1988"	30854	346	342	4	1198	1053	145	145
"K_3411 Ringsaker"	"1989"	30999	363	320	43	1167	1028	139	181
"K_3411 Ringsaker"	"1990"	31180	392	336	56	1164	1007	157	219
"K_3411 Ringsaker"	"1991"	31399	432	333	99	931	1013	-82	-202
"K_3411 Ringsaker"	"1992"	31197	397	316	81	1030	1007	23	107
"K_3411 Ringsaker"	"1993"	31304	385	379	6	1014	973	41	42
"K_3411 Ringsaker"	"1994"	31346	353	373	-20	1002	1116	-114	-131
"K_3411 Ringsaker"	"1995"	31215	371	338	33	1094	1110	-16	14
"K_3411 Ringsaker"	"1996"	31229	407	329	78	1165	1171	-6	71
"K_3411 Ringsaker"	"1997"	31300	398	349	49	1098	1030	68	119
"K_3411 Ringsaker"	"1998"	31419	339	339	0	1134	1038	96	97
"K_3411 Ringsaker"	"1999"	31516	392	367	25	1157	1076	81	106
"K_3411 Ringsaker"	"2000"	31622	393	362	31	1207	1140	67	98
"K_3411 Ringsaker"	"2001"	31720	322	348	-26	1206	1201	5	-19
"K_3411 Ringsaker"	"2002"	31701	318	362	-44	1337	1158	179	129
"K_3411 Ringsaker"	"2003"	31830	349	368	-19	1190	1270	-80	-98
"K_3411 Ringsaker"	"2004"	31732	342	310	32	1145	1081	64	92
"K_3411 Ringsaker"	"2005"	31824	313	327	-14	1208	1093	115	99
"K_3411 Ringsaker"	"2006"	31923	324	337	-13	1251	1185	66	51
"K_3411 Ringsaker"	"2007"	31974	336	319	17	1318	1165	153	170
"K_3411 Ringsaker"	"2008"	32144	388	328	60	1289	1093	196	258
"K_3411 Ringsaker"	"2009"	32402	354	344	10	1284	1172	112	122
"K_3411 Ringsaker"	"2010"	32524	344	354	-10	1548	1215	333	318
"K_3411 Ringsaker"	"2011"	32842	337	293	44	1521	1214	307	349
"K_3411 Ringsaker"	"2012"	33191	370	333	37	1491	1314	177	215
"K_3411 Ringsaker"	"2013"	33406	306	299	7	1410	1351	59	57
"K_3411 Ringsaker"	"2014"	33463	298	295	3	1427	1292	135	140
"K_3411 Ringsaker"	"2015"	33603	282	291	-9	1404	1403	1	-6
"K_3411 Ringsaker"	"2016"	33597	320	322	-2	1536	1292	244	245
"K_3411 Ringsaker"	"2017"	33842	326	307	19	1609	1321	288	309
"K_3411 Ringsaker"	"2018"	34151	320	333	-13	1736	1385	351	337
"K_3411 Ringsaker"	"2019"	34488	328	342	-14	1643	1350	293	280
"K_3411 Ringsaker"	"2020"	34768	311	323	-12	1657	1513	144	129
"K_3411 Ringsaker"	"2021"	34897	298	376	-78	1800	1546	254	176
"K_3411 Ringsaker"	"2022"	35073	314	354	-40	1967	1529	438	402
"K_3411 Ringsaker"	"2023"	35475	306	359	-53	1841	1650	191	137
"K_3411 Ringsaker"	"2024"	35612	..	..	..	..	..	..	..
"K_3412 Løten"	"1951"	6506	109	49	60	318	438	-120	-60
"K_3412 Løten"	"1952"	6446	102	49	53	297	443	-146	-93
"K_3412 Løten"	"1953"	6353	123	66	57	293	344	-51	6
"K_3412 Løten"	"1954"	6359	92	61	31	313	314	-1	30
"K_3412 Løten"	"1955"	6389	115	61	54	295	330	-35	46
"K_3412 Løten"	"1956"	6435	113	72	41	307	361	-54	-13
"K_3412 Løten"	"1957"	6422	101	54	47	317	355	-38	9
"K_3412 Løten"	"1958"	6431	80	59	21	257	324	-67	-46
"K_3412 Løten"	"1959"	6385	106	66	40	242	328	-86	-46
"K_3412 Løten"	"1960"	6339	93	72	21	248	338	-90	-70
"K_3412 Løten"	"1961"	6269	104	76	28	278	253	25	53
"K_3412 Løten"	"1962"	6322	107	71	36	262	254	8	44
"K_3412 Løten"	"1963"	6366	111	64	47	253	302	-49	-2
"K_3412 Løten"	"1964"	6364	100	57	43	234	314	-80	-37
"K_3412 Løten"	"1965"	6327	96	63	33	290	328	-38	-5
"K_3412 Løten"	"1966"	6322	126	54	72	199	299	-100	-44
"K_3412 Løten"	"1967"	6278	92	74	18	196	252	-56	-38
"K_3412 Løten"	"1968"	6240	68	79	-11	264	257	7	-3
"K_3412 Løten"	"1969"	6237	77	73	4	242	235	7	15
"K_3412 Løten"	"1970"	6252	80	82	-2	305	345	-40	-38
"K_3412 Løten"	"1971"	6214	81	83	-2	284	254	30	26
"K_3412 Løten"	"1972"	6240	88	61	27	334	256	78	106
"K_3412 Løten"	"1973"	6346	54	82	-28	282	242	40	14
"K_3412 Løten"	"1974"	6360	91	82	9	355	220	135	141
"K_3412 Løten"	"1975"	6501	73	80	-7	245	278	-33	-44
"K_3412 Løten"	"1976"	6457	66	75	-9	329	234	95	86
"K_3412 Løten"	"1977"	6543	62	80	-18	288	209	79	61
"K_3412 Løten"	"1978"	6604	78	68	10	356	207	149	159
"K_3412 Løten"	"1979"	6763	71	82	-11	317	246	71	59
"K_3412 Løten"	"1980"	6822	58	82	-24	270	250	20	-5
"K_3412 Løten"	"1981"	6817	53	73	-20	291	222	69	49
"K_3412 Løten"	"1982"	6866	75	78	-3	302	219	83	79
"K_3412 Løten"	"1983"	6945	72	80	-8	325	292	33	25
"K_3412 Løten"	"1984"	6970	93	57	36	348	301	47	84
"K_3412 Løten"	"1985"	7054	99	72	27	263	302	-39	-16
"K_3412 Løten"	"1986"	7038	87	94	-7	248	304	-56	-61
"K_3412 Løten"	"1987"	6977	83	90	-7	298	256	42	32
"K_3412 Løten"	"1988"	7009	86	98	-12	334	250	84	77
"K_3412 Løten"	"1989"	7086	95	100	-5	280	296	-16	-19
"K_3412 Løten"	"1990"	7067	96	97	-1	305	328	-23	-22
"K_3412 Løten"	"1991"	7045	92	94	-2	282	281	1	1
"K_3412 Løten"	"1992"	7046	84	74	10	300	296	4	13
"K_3412 Løten"	"1993"	7059	76	86	-10	290	298	-8	-16
"K_3412 Løten"	"1994"	7043	72	76	-4	362	314	48	45
"K_3412 Løten"	"1995"	7088	72	72	0	328	315	13	17
"K_3412 Løten"	"1996"	7105	82	81	1	344	362	-18	-17
"K_3412 Løten"	"1997"	7088	69	80	-11	385	344	41	30
"K_3412 Løten"	"1998"	7118	76	88	-12	364	289	75	58
"K_3412 Løten"	"1999"	7176	67	82	-15	336	309	27	12
"K_3412 Løten"	"2000"	7188	68	68	0	415	359	56	56
"K_3412 Løten"	"2001"	7244	66	72	-6	384	329	55	48
"K_3412 Løten"	"2002"	7292	73	85	-12	387	345	42	25
"K_3412 Løten"	"2003"	7317	64	81	-17	348	366	-18	-35
"K_3412 Løten"	"2004"	7282	77	78	-1	340	351	-11	-11
"K_3412 Løten"	"2005"	7271	61	74	-13	371	340	31	19
"K_3412 Løten"	"2006"	7290	75	65	10	372	382	-10	2
"K_3412 Løten"	"2007"	7292	60	80	-20	381	402	-21	-41
"K_3412 Løten"	"2008"	7251	60	76	-16	361	341	20	4
"K_3412 Løten"	"2009"	7255	71	91	-20	352	317	35	17
"K_3412 Løten"	"2010"	7272	65	84	-19	454	358	96	81
"K_3412 Løten"	"2011"	7353	80	73	7	510	393	117	124
"K_3412 Løten"	"2012"	7477	79	84	-5	442	435	7	2
"K_3412 Løten"	"2013"	7479	68	84	-16	414	337	77	67
"K_3412 Løten"	"2014"	7546	70	79	-9	421	406	15	6
"K_3412 Løten"	"2015"	7552	71	61	10	482	456	26	36
"K_3412 Løten"	"2016"	7588	69	61	8	464	426	38	45
"K_3412 Løten"	"2017"	7633	77	89	-12	407	412	-5	-18
"K_3412 Løten"	"2018"	7615	69	78	-9	413	356	57	48
"K_3412 Løten"	"2019"	7663	60	73	-13	442	420	22	11
"K_3412 Løten"	"2020"	7674	81	80	1	374	423	-49	-49
"K_3412 Løten"	"2021"	7625	70	72	-2	459	364	95	90
"K_3412 Løten"	"2022"	7715	71	71	0	525	403	122	121
"K_3412 Løten"	"2023"	7836	66	86	-20	473	361	112	93
"K_3412 Løten"	"2024"	7929	..	..	..	..	..	..	..
"K_3413 Stange"	"1951"	15338	304	138	166	956	1077	-121	45
"K_3413 Stange"	"1952"	15383	322	112	210	860	891	-31	179
"K_3413 Stange"	"1953"	15562	325	129	196	837	1026	-189	7
"K_3413 Stange"	"1954"	15569	308	118	190	1002	1003	-1	189
"K_3413 Stange"	"1955"	15758	286	126	160	959	1061	-102	198
"K_3413 Stange"	"1956"	15956	276	117	159	872	904	-32	103
"K_3413 Stange"	"1957"	16083	294	152	142	859	1030	-171	-29
"K_3413 Stange"	"1958"	16054	277	139	138	795	814	-19	119
"K_3413 Stange"	"1959"	16173	268	136	132	838	904	-66	66
"K_3413 Stange"	"1960"	16239	274	159	115	875	1027	-152	-113
"K_3413 Stange"	"1961"	16126	242	130	112	757	902	-145	-33
"K_3413 Stange"	"1962"	16093	239	154	85	767	811	-44	41
"K_3413 Stange"	"1963"	16134	255	159	96	786	841	-55	41
"K_3413 Stange"	"1964"	16175	245	145	100	713	745	-32	68
"K_3413 Stange"	"1965"	16243	280	152	128	687	750	-63	65
"K_3413 Stange"	"1966"	16308	267	140	127	757	732	25	35
"K_3413 Stange"	"1967"	16343	248	152	96	748	797	-49	47
"K_3413 Stange"	"1968"	16390	247	163	84	822	735	87	183
"K_3413 Stange"	"1969"	16573	260	189	71	897	743	154	228
"K_3413 Stange"	"1970"	16801	244	159	85	1470	1013	457	502
"K_3413 Stange"	"1971"	17303	243	148	95	821	926	-105	-19
"K_3413 Stange"	"1972"	17284	220	165	55	704	846	-142	-81
"K_3413 Stange"	"1973"	17203	188	182	6	775	774	1	11
"K_3413 Stange"	"1974"	17214	199	176	23	718	736	-18	5
"K_3413 Stange"	"1975"	17219	171	177	-6	741	798	-57	-66
"K_3413 Stange"	"1976"	17153	184	192	-8	774	657	117	106
"K_3413 Stange"	"1977"	17259	162	172	-10	796	620	176	166
"K_3413 Stange"	"1978"	17425	149	202	-53	835	627	208	156
"K_3413 Stange"	"1979"	17581	206	170	36	887	732	155	188
"K_3413 Stange"	"1980"	17769	197	172	25	826	777	49	72
"K_3413 Stange"	"1981"	17841	173	183	-10	732	727	5	-1
"K_3413 Stange"	"1982"	17840	178	182	-4	723	671	52	50
"K_3413 Stange"	"1983"	17890	180	183	-3	721	707	14	9
"K_3413 Stange"	"1984"	17899	200	197	3	564	679	-115	-109
"K_3413 Stange"	"1985"	17790	159	206	-47	638	738	-100	-145
"K_3413 Stange"	"1986"	17645	166	218	-52	787	709	78	25
"K_3413 Stange"	"1987"	17670	174	205	-31	819	741	78	52
"K_3413 Stange"	"1988"	17722	219	224	-5	658	746	-88	-98
"K_3413 Stange"	"1989"	17624	181	197	-16	739	733	6	-13
"K_3413 Stange"	"1990"	17611	192	195	-3	783	747	36	34
"K_3413 Stange"	"1991"	17645	194	198	-4	676	695	-19	-35
"K_3413 Stange"	"1992"	17610	181	206	-25	700	717	-17	-24
"K_3413 Stange"	"1993"	17586	178	191	-13	1075	690	385	370
"K_3413 Stange"	"1994"	17956	199	211	-12	850	1154	-304	-320
"K_3413 Stange"	"1995"	17636	200	216	-16	818	818	0	-9
"K_3413 Stange"	"1996"	17627	211	184	27	824	818	6	28
"K_3413 Stange"	"1997"	17655	197	206	-9	829	790	39	30
"K_3413 Stange"	"1998"	17685	182	188	-6	884	809	75	78
"K_3413 Stange"	"1999"	17763	195	182	13	964	811	153	165
"K_3413 Stange"	"2000"	17928	204	175	29	1084	929	155	185
"K_3413 Stange"	"2001"	18113	187	176	11	877	968	-91	-83
"K_3413 Stange"	"2002"	18030	192	218	-26	961	837	124	107
"K_3413 Stange"	"2003"	18137	188	181	7	985	839	146	151
"K_3413 Stange"	"2004"	18288	190	193	-3	905	768	137	139
"K_3413 Stange"	"2005"	18427	162	181	-19	1000	819	181	164
"K_3413 Stange"	"2006"	18591	196	188	8	985	941	44	51
"K_3413 Stange"	"2007"	18642	188	165	23	1074	925	149	179
"K_3413 Stange"	"2008"	18821	171	192	-21	1013	833	180	161
"K_3413 Stange"	"2009"	18982	197	239	-42	1070	909	161	122
"K_3413 Stange"	"2010"	19104	180	207	-27	1054	975	79	50
"K_3413 Stange"	"2011"	19154	182	197	-15	1111	1059	52	36
"K_3413 Stange"	"2012"	19190	191	204	-13	1154	925	229	217
"K_3413 Stange"	"2013"	19407	210	187	23	1230	919	311	330
"K_3413 Stange"	"2014"	19737	193	171	22	1310	1056	254	276
"K_3413 Stange"	"2015"	20013	203	208	-5	1317	1206	111	106
"K_3413 Stange"	"2016"	20119	210	188	22	1249	1070	179	198
"K_3413 Stange"	"2017"	20317	191	172	19	1356	1046	310	329
"K_3413 Stange"	"2018"	20646	209	214	-5	1373	1099	274	270
"K_3413 Stange"	"2019"	20916	204	193	11	1283	1145	138	148
"K_3413 Stange"	"2020"	21064	205	178	27	1179	1199	-20	8
"K_3413 Stange"	"2021"	21072	198	170	28	1234	1180	54	84
"K_3413 Stange"	"2022"	21156	189	186	3	1338	1136	202	200
"K_3413 Stange"	"2023"	21356	210	203	7	1291	1049	242	249
"K_3413 Stange"	"2024"	21605	..	..	..	..	..	..	..
"K_3414 Nord-Odal"	"1951"	5757	102	52	50	168	249	-81	-31
"K_3414 Nord-Odal"	"1952"	5726	100	54	46	157	208	-51	-5
"K_3414 Nord-Odal"	"1953"	5721	110	43	67	130	188	-58	9
"K_3414 Nord-Odal"	"1954"	5730	95	59	36	140	216	-76	-40
"K_3414 Nord-Odal"	"1955"	5690	107	55	52	125	205	-80	-89
"K_3414 Nord-Odal"	"1956"	5601	105	57	48	135	180	-45	3
"K_3414 Nord-Odal"	"1957"	5604	89	52	37	149	198	-49	-12
"K_3414 Nord-Odal"	"1958"	5592	79	45	34	113	169	-56	-22
"K_3414 Nord-Odal"	"1959"	5570	74	51	23	135	177	-42	-19
"K_3414 Nord-Odal"	"1960"	5551	84	73	11	140	234	-94	-58
"K_3414 Nord-Odal"	"1961"	5493	84	59	25	90	167	-77	-52
"K_3414 Nord-Odal"	"1962"	5441	70	63	7	134	177	-43	-36
"K_3414 Nord-Odal"	"1963"	5405	85	57	28	144	213	-69	-41
"K_3414 Nord-Odal"	"1964"	5364	73	54	19	121	173	-52	-33
"K_3414 Nord-Odal"	"1965"	5331	63	57	6	90	149	-59	-53
"K_3414 Nord-Odal"	"1966"	5278	69	62	7	133	145	-12	-74
"K_3414 Nord-Odal"	"1967"	5204	56	49	7	134	159	-25	-18
"K_3414 Nord-Odal"	"1968"	5186	70	63	7	157	167	-10	47
"K_3414 Nord-Odal"	"1969"	5233	69	73	-4	158	174	-16	-19
"K_3414 Nord-Odal"	"1970"	5214	66	69	-3	243	205	38	31
"K_3414 Nord-Odal"	"1971"	5245	69	75	-6	177	118	59	48
"K_3414 Nord-Odal"	"1972"	5293	53	64	-11	194	170	24	19
"K_3414 Nord-Odal"	"1973"	5312	60	70	-10	159	159	0	-10
"K_3414 Nord-Odal"	"1974"	5302	50	52	-2	142	151	-9	-8
"K_3414 Nord-Odal"	"1975"	5294	50	75	-25	168	148	20	-12
"K_3414 Nord-Odal"	"1976"	5282	56	70	-14	166	112	54	40
"K_3414 Nord-Odal"	"1977"	5322	36	63	-27	192	149	43	16
"K_3414 Nord-Odal"	"1978"	5338	47	64	-17	165	100	65	47
"K_3414 Nord-Odal"	"1979"	5385	52	75	-23	175	126	49	26
"K_3414 Nord-Odal"	"1980"	5411	33	75	-42	151	130	21	-20
"K_3414 Nord-Odal"	"1981"	5391	44	65	-21	162	128	34	13
"K_3414 Nord-Odal"	"1982"	5404	37	93	-56	157	139	18	-38
"K_3414 Nord-Odal"	"1983"	5366	55	74	-19	147	143	4	-16
"K_3414 Nord-Odal"	"1984"	5350	44	77	-33	171	113	58	24
"K_3414 Nord-Odal"	"1985"	5374	46	91	-45	129	112	17	-27
"K_3414 Nord-Odal"	"1986"	5347	44	84	-40	136	123	13	-27
"K_3414 Nord-Odal"	"1987"	5320	34	67	-33	157	114	43	10
"K_3414 Nord-Odal"	"1988"	5330	53	82	-29	156	123	33	5
"K_3414 Nord-Odal"	"1989"	5335	54	62	-8	157	148	9	0
"K_3414 Nord-Odal"	"1990"	5335	60	72	-12	136	132	4	-9
"K_3414 Nord-Odal"	"1991"	5326	49	83	-34	158	144	14	-19
"K_3414 Nord-Odal"	"1992"	5307	43	81	-38	112	171	-59	-97
"K_3414 Nord-Odal"	"1993"	5210	49	77	-28	105	130	-25	-51
"K_3414 Nord-Odal"	"1994"	5159	31	71	-40	115	127	-12	-53
"K_3414 Nord-Odal"	"1995"	5106	53	89	-36	163	139	24	-14
"K_3414 Nord-Odal"	"1996"	5092	57	75	-18	176	134	42	23
"K_3414 Nord-Odal"	"1997"	5115	51	68	-17	152	160	-8	-25
"K_3414 Nord-Odal"	"1998"	5090	50	74	-24	169	181	-12	-36
"K_3414 Nord-Odal"	"1999"	5054	70	67	3	190	158	32	35
"K_3414 Nord-Odal"	"2000"	5089	55	70	-15	201	178	23	8
"K_3414 Nord-Odal"	"2001"	5097	60	85	-25	185	192	-7	-32
"K_3414 Nord-Odal"	"2002"	5065	35	64	-29	170	155	15	-15
"K_3414 Nord-Odal"	"2003"	5050	48	78	-30	172	128	44	14
"K_3414 Nord-Odal"	"2004"	5064	54	69	-15	177	154	23	9
"K_3414 Nord-Odal"	"2005"	5073	49	56	-7	148	163	-15	-22
"K_3414 Nord-Odal"	"2006"	5051	43	76	-33	194	159	35	4
"K_3414 Nord-Odal"	"2007"	5055	36	55	-19	199	144	55	36
"K_3414 Nord-Odal"	"2008"	5091	50	74	-24	165	134	31	7
"K_3414 Nord-Odal"	"2009"	5098	43	74	-31	212	159	53	20
"K_3414 Nord-Odal"	"2010"	5118	36	65	-29	216	192	24	-5
"K_3414 Nord-Odal"	"2011"	5113	47	65	-18	202	155	47	28
"K_3414 Nord-Odal"	"2012"	5141	53	56	-3	224	172	52	49
"K_3414 Nord-Odal"	"2013"	5190	34	81	-47	190	214	-24	-72
"K_3414 Nord-Odal"	"2014"	5118	31	61	-30	211	170	41	10
"K_3414 Nord-Odal"	"2015"	5128	40	66	-26	207	178	29	3
"K_3414 Nord-Odal"	"2016"	5131	36	72	-36	242	236	6	-31
"K_3414 Nord-Odal"	"2017"	5100	28	58	-30	212	185	27	-3
"K_3414 Nord-Odal"	"2018"	5097	28	79	-51	183	205	-22	-73
"K_3414 Nord-Odal"	"2019"	5024	24	67	-43	220	186	34	-8
"K_3414 Nord-Odal"	"2020"	5016	34	62	-28	256	208	48	22
"K_3414 Nord-Odal"	"2021"	5038	24	75	-51	219	190	29	-22
"K_3414 Nord-Odal"	"2022"	5016	29	66	-37	268	237	31	-6
"K_3414 Nord-Odal"	"2023"	5010	35	74	-39	234	214	20	-18
"K_3414 Nord-Odal"	"2024"	4992	..	..	..	..	..	..	..
"K_3415 Sør-Odal"	"1951"	7996	126	76	50	337	440	-103	-53
"K_3415 Sør-Odal"	"1952"	7943	120	68	52	241	350	-109	-57
"K_3415 Sør-Odal"	"1953"	7886	149	65	84	303	382	-79	5
"K_3415 Sør-Odal"	"1954"	7891	117	65	52	259	376	-117	-65
"K_3415 Sør-Odal"	"1955"	7826	123	70	53	260	356	-96	-59
"K_3415 Sør-Odal"	"1956"	7767	115	74	41	325	457	-132	-91
"K_3415 Sør-Odal"	"1957"	7676	100	60	40	279	386	-107	-67
"K_3415 Sør-Odal"	"1958"	7609	87	66	21	220	325	-105	-84
"K_3415 Sør-Odal"	"1959"	7525	105	78	27	226	369	-143	-116
"K_3415 Sør-Odal"	"1960"	7409	116	79	37	309	360	-51	-16
"K_3415 Sør-Odal"	"1961"	7393	94	88	6	254	329	-75	-69
"K_3415 Sør-Odal"	"1962"	7324	111	62	49	247	311	-64	-15
"K_3415 Sør-Odal"	"1963"	7309	98	87	11	259	322	-63	-52
"K_3415 Sør-Odal"	"1964"	7257	89	86	3	242	284	-42	-39
"K_3415 Sør-Odal"	"1965"	7218	104	87	17	226	306	-80	-63
"K_3415 Sør-Odal"	"1966"	7155	85	88	-3	233	288	-55	-92
"K_3415 Sør-Odal"	"1967"	7063	115	81	34	256	270	-14	20
"K_3415 Sør-Odal"	"1968"	7083	76	88	-12	214	256	-42	-51
"K_3415 Sør-Odal"	"1969"	7032	92	99	-7	234	271	-37	-51
"K_3415 Sør-Odal"	"1970"	6981	96	81	15	324	372	-48	-41
"K_3415 Sør-Odal"	"1971"	6940	83	84	-1	271	262	9	3
"K_3415 Sør-Odal"	"1972"	6943	101	93	8	274	283	-9	-7
"K_3415 Sør-Odal"	"1973"	6936	89	80	9	252	247	5	12
"K_3415 Sør-Odal"	"1974"	6948	90	91	-1	265	229	36	35
"K_3415 Sør-Odal"	"1975"	6983	74	89	-15	288	221	67	46
"K_3415 Sør-Odal"	"1976"	7029	70	93	-23	235	241	-6	-30
"K_3415 Sør-Odal"	"1977"	6999	71	78	-7	306	207	99	92
"K_3415 Sør-Odal"	"1978"	7091	53	95	-42	254	180	74	33
"K_3415 Sør-Odal"	"1979"	7124	47	96	-49	282	227	55	6
"K_3415 Sør-Odal"	"1980"	7130	54	80	-26	327	200	127	101
"K_3415 Sør-Odal"	"1981"	7231	62	93	-31	291	241	50	19
"K_3415 Sør-Odal"	"1982"	7250	78	77	1	291	232	59	59
"K_3415 Sør-Odal"	"1983"	7309	66	91	-25	309	206	103	79
"K_3415 Sør-Odal"	"1984"	7388	58	108	-50	323	261	62	12
"K_3415 Sør-Odal"	"1985"	7400	69	86	-17	283	227	56	39
"K_3415 Sør-Odal"	"1986"	7439	64	85	-21	349	306	43	20
"K_3415 Sør-Odal"	"1987"	7459	80	125	-45	306	275	31	-13
"K_3415 Sør-Odal"	"1988"	7446	70	105	-35	359	308	51	15
"K_3415 Sør-Odal"	"1989"	7461	77	117	-40	272	314	-42	-83
"K_3415 Sør-Odal"	"1990"	7378	84	120	-36	324	238	86	50
"K_3415 Sør-Odal"	"1991"	7428	84	102	-18	232	279	-47	-68
"K_3415 Sør-Odal"	"1992"	7360	79	103	-24	281	255	26	5
"K_3415 Sør-Odal"	"1993"	7365	78	100	-22	249	250	-1	-24
"K_3415 Sør-Odal"	"1994"	7341	85	112	-27	265	282	-17	-42
"K_3415 Sør-Odal"	"1995"	7299	75	114	-39	301	279	22	-15
"K_3415 Sør-Odal"	"1996"	7284	65	98	-33	312	275	37	5
"K_3415 Sør-Odal"	"1997"	7289	74	102	-28	299	296	3	-25
"K_3415 Sør-Odal"	"1998"	7264	73	101	-28	339	271	68	38
"K_3415 Sør-Odal"	"1999"	7302	81	104	-23	354	285	69	47
"K_3415 Sør-Odal"	"2000"	7349	76	102	-26	396	314	82	56
"K_3415 Sør-Odal"	"2001"	7405	85	115	-30	410	283	127	96
"K_3415 Sør-Odal"	"2002"	7501	66	108	-42	384	307	77	37
"K_3415 Sør-Odal"	"2003"	7538	67	105	-38	395	309	86	51
"K_3415 Sør-Odal"	"2004"	7589	78	95	-17	312	262	50	34
"K_3415 Sør-Odal"	"2005"	7623	74	86	-12	368	306	62	52
"K_3415 Sør-Odal"	"2006"	7675	75	73	2	389	307	82	79
"K_3415 Sør-Odal"	"2007"	7754	52	97	-45	413	333	80	33
"K_3415 Sør-Odal"	"2008"	7787	75	85	-10	350	335	15	8
"K_3415 Sør-Odal"	"2009"	7795	74	92	-18	350	336	14	-4
"K_3415 Sør-Odal"	"2010"	7791	62	91	-29	421	352	69	40
"K_3415 Sør-Odal"	"2011"	7831	70	82	-12	438	398	40	28
"K_3415 Sør-Odal"	"2012"	7859	79	77	2	363	422	-59	-53
"K_3415 Sør-Odal"	"2013"	7806	76	85	-9	434	379	55	41
"K_3415 Sør-Odal"	"2014"	7847	53	108	-55	444	436	8	-47
"K_3415 Sør-Odal"	"2015"	7800	66	91	-25	531	405	126	101
"K_3415 Sør-Odal"	"2016"	7901	60	104	-44	445	433	12	-35
"K_3415 Sør-Odal"	"2017"	7866	69	79	-10	465	437	28	18
"K_3415 Sør-Odal"	"2018"	7884	66	82	-16	417	406	11	-5
"K_3415 Sør-Odal"	"2019"	7879	76	97	-21	456	410	46	26
"K_3415 Sør-Odal"	"2020"	7905	47	69	-22	434	402	32	9
"K_3415 Sør-Odal"	"2021"	7914	89	75	14	426	367	59	64
"K_3415 Sør-Odal"	"2022"	7978	61	62	-1	486	393	93	91
"K_3415 Sør-Odal"	"2023"	8069	59	86	-27	457	386	71	43
"K_3415 Sør-Odal"	"2024"	8112	..	..	..	..	..	..	..
"K_3416 Eidskog"	"1951"	7240	109	77	32	217	315	-98	-66
"K_3416 Eidskog"	"1952"	7174	118	65	53	254	303	-49	4
"K_3416 Eidskog"	"1953"	7178	135	72	63	219	312	-93	-30
"K_3416 Eidskog"	"1954"	7148	100	68	32	192	278	-86	-54
"K_3416 Eidskog"	"1955"	7094	116	68	48	177	263	-86	56
"K_3416 Eidskog"	"1956"	7150	121	78	43	234	240	-6	37
"K_3416 Eidskog"	"1957"	7187	130	59	71	203	264	-61	10
"K_3416 Eidskog"	"1958"	7197	122	78	44	177	251	-74	-30
"K_3416 Eidskog"	"1959"	7167	119	79	40	156	237	-81	-41
"K_3416 Eidskog"	"1960"	7126	97	64	33	180	328	-148	-105
"K_3416 Eidskog"	"1961"	7021	116	72	44	177	272	-95	-51
"K_3416 Eidskog"	"1962"	6970	87	89	-2	178	281	-103	-105
"K_3416 Eidskog"	"1963"	6865	88	76	12	160	270	-110	-98
"K_3416 Eidskog"	"1964"	6767	94	63	31	163	230	-67	-36
"K_3416 Eidskog"	"1965"	6731	79	71	8	153	265	-112	-104
"K_3416 Eidskog"	"1966"	6627	84	76	8	197	235	-38	-40
"K_3416 Eidskog"	"1967"	6587	84	87	-3	155	223	-68	-71
"K_3416 Eidskog"	"1968"	6516	89	74	15	144	235	-91	-74
"K_3416 Eidskog"	"1969"	6442	91	72	19	199	224	-25	-10
"K_3416 Eidskog"	"1970"	6432	74	88	-14	255	303	-48	-69
"K_3416 Eidskog"	"1971"	6363	82	77	5	193	170	23	28
"K_3416 Eidskog"	"1972"	6391	83	77	6	230	181	49	58
"K_3416 Eidskog"	"1973"	6449	81	103	-22	177	167	10	-10
"K_3416 Eidskog"	"1974"	6439	61	83	-22	161	183	-22	-43
"K_3416 Eidskog"	"1975"	6396	59	80	-21	208	190	18	-4
"K_3416 Eidskog"	"1976"	6392	57	79	-22	226	197	29	6
"K_3416 Eidskog"	"1977"	6398	66	90	-24	175	209	-34	-55
"K_3416 Eidskog"	"1978"	6343	55	95	-40	208	171	37	-3
"K_3416 Eidskog"	"1979"	6340	45	82	-37	202	137	65	28
"K_3416 Eidskog"	"1980"	6368	56	92	-36	194	207	-13	-52
"K_3416 Eidskog"	"1981"	6316	46	96	-50	212	150	62	12
"K_3416 Eidskog"	"1982"	6328	50	91	-41	213	152	61	22
"K_3416 Eidskog"	"1983"	6350	58	72	-14	235	170	65	53
"K_3416 Eidskog"	"1984"	6403	50	79	-29	162	176	-14	-38
"K_3416 Eidskog"	"1985"	6365	49	79	-30	210	226	-16	-32
"K_3416 Eidskog"	"1986"	6333	63	106	-43	278	175	103	61
"K_3416 Eidskog"	"1987"	6394	58	79	-21	246	185	61	42
"K_3416 Eidskog"	"1988"	6436	68	86	-18	306	220	86	65
"K_3416 Eidskog"	"1989"	6501	59	108	-49	253	236	17	-31
"K_3416 Eidskog"	"1990"	6470	67	103	-36	237	220	17	-19
"K_3416 Eidskog"	"1991"	6451	71	86	-15	237	202	35	20
"K_3416 Eidskog"	"1992"	6471	86	94	-8	196	203	-7	-16
"K_3416 Eidskog"	"1993"	6455	83	103	-20	196	195	1	-15
"K_3416 Eidskog"	"1994"	6440	73	83	-10	189	214	-25	-37
"K_3416 Eidskog"	"1995"	6403	73	90	-17	204	205	-1	-14
"K_3416 Eidskog"	"1996"	6389	80	97	-17	184	204	-20	-37
"K_3416 Eidskog"	"1997"	6352	72	108	-36	243	230	13	-24
"K_3416 Eidskog"	"1998"	6328	59	88	-29	247	197	50	23
"K_3416 Eidskog"	"1999"	6351	72	96	-24	254	172	82	58
"K_3416 Eidskog"	"2000"	6409	68	98	-30	312	272	40	10
"K_3416 Eidskog"	"2001"	6419	56	83	-27	315	279	36	10
"K_3416 Eidskog"	"2002"	6429	66	97	-31	276	253	23	-8
"K_3416 Eidskog"	"2003"	6421	59	95	-36	293	246	47	10
"K_3416 Eidskog"	"2004"	6431	54	70	-16	339	258	81	68
"K_3416 Eidskog"	"2005"	6499	55	100	-45	272	272	0	-46
"K_3416 Eidskog"	"2006"	6453	43	86	-43	271	297	-26	-68
"K_3416 Eidskog"	"2007"	6385	50	84	-34	328	282	46	12
"K_3416 Eidskog"	"2008"	6397	40	106	-66	298	236	62	-3
"K_3416 Eidskog"	"2009"	6394	48	94	-46	276	296	-20	-67
"K_3416 Eidskog"	"2010"	6327	58	97	-39	264	253	11	-28
"K_3416 Eidskog"	"2011"	6299	51	90	-39	290	262	28	-11
"K_3416 Eidskog"	"2012"	6288	42	81	-39	330	297	33	-6
"K_3416 Eidskog"	"2013"	6282	36	80	-44	304	288	16	-29
"K_3416 Eidskog"	"2014"	6253	54	92	-38	340	337	3	-34
"K_3416 Eidskog"	"2015"	6219	28	82	-54	276	301	-25	-77
"K_3416 Eidskog"	"2016"	6142	55	83	-28	297	283	14	-15
"K_3416 Eidskog"	"2017"	6127	34	81	-47	369	308	61	15
"K_3416 Eidskog"	"2018"	6142	38	70	-32	302	298	4	-28
"K_3416 Eidskog"	"2019"	6114	43	64	-21	298	283	15	-8
"K_3416 Eidskog"	"2020"	6106	39	75	-36	315	286	29	-7
"K_3416 Eidskog"	"2021"	6099	44	97	-53	275	289	-14	-67
"K_3416 Eidskog"	"2022"	6032	45	89	-44	309	269	40	-4
"K_3416 Eidskog"	"2023"	6028	34	81	-47	344	285	59	12
"K_3416 Eidskog"	"2024"	6040	..	..	..	..	..	..	..
"K_3417 Grue"	"1951"	7276	101	55	46	270	295	-25	21
"K_3417 Grue"	"1952"	7297	128	60	68	223	263	-40	28
"K_3417 Grue"	"1953"	7325	112	62	50	218	226	-8	52
"K_3417 Grue"	"1954"	7377	105	65	40	133	265	-132	-92
"K_3417 Grue"	"1955"	7285	108	57	51	208	292	-84	-63
"K_3417 Grue"	"1956"	7222	127	72	55	232	262	-30	25
"K_3417 Grue"	"1957"	7247	114	71	43	179	252	-73	-30
"K_3417 Grue"	"1958"	7217	108	66	42	166	267	-101	-59
"K_3417 Grue"	"1959"	7158	83	70	13	200	261	-61	-48
"K_3417 Grue"	"1960"	7110	99	74	25	195	330	-135	-103
"K_3417 Grue"	"1961"	7007	89	60	29	192	241	-49	-20
"K_3417 Grue"	"1962"	6987	79	66	13	193	298	-105	-92
"K_3417 Grue"	"1963"	6895	68	60	8	183	222	-39	-31
"K_3417 Grue"	"1964"	6864	97	75	22	158	208	-50	-28
"K_3417 Grue"	"1965"	6836	78	79	-1	194	271	-77	-78
"K_3417 Grue"	"1966"	6758	92	77	15	132	184	-52	-58
"K_3417 Grue"	"1967"	6700	84	92	-8	166	236	-70	-78
"K_3417 Grue"	"1968"	6622	84	74	10	193	270	-77	-84
"K_3417 Grue"	"1969"	6561	88	77	11	170	244	-74	-52
"K_3417 Grue"	"1970"	6509	76	56	20	245	371	-126	-100
"K_3417 Grue"	"1971"	6409	66	65	1	211	215	-4	-23
"K_3417 Grue"	"1972"	6386	58	88	-30	151	188	-37	-64
"K_3417 Grue"	"1973"	6322	61	83	-22	157	185	-28	-50
"K_3417 Grue"	"1974"	6272	61	78	-17	168	179	-11	-28
"K_3417 Grue"	"1975"	6244	53	68	-15	187	199	-12	-25
"K_3417 Grue"	"1976"	6219	58	89	-31	138	143	-5	-38
"K_3417 Grue"	"1977"	6181	56	80	-24	145	154	-9	-32
"K_3417 Grue"	"1978"	6149	38	97	-59	174	151	23	-35
"K_3417 Grue"	"1979"	6114	37	74	-37	163	132	31	-4
"K_3417 Grue"	"1980"	6110	43	79	-36	189	191	-2	-40
"K_3417 Grue"	"1981"	6070	54	79	-25	175	170	5	-19
"K_3417 Grue"	"1982"	6051	40	97	-57	189	115	74	16
"K_3417 Grue"	"1983"	6067	42	77	-35	167	117	50	15
"K_3417 Grue"	"1984"	6082	45	80	-35	145	155	-10	-44
"K_3417 Grue"	"1985"	6038	54	66	-12	145	133	12	-1
"K_3417 Grue"	"1986"	6037	42	78	-36	175	153	22	-17
"K_3417 Grue"	"1987"	6020	43	82	-39	159	166	-7	-54
"K_3417 Grue"	"1988"	5966	33	109	-76	159	141	18	-58
"K_3417 Grue"	"1989"	5908	53	79	-26	136	141	-5	-27
"K_3417 Grue"	"1990"	5881	43	97	-54	166	217	-51	-107
"K_3417 Grue"	"1991"	5774	40	102	-62	169	181	-12	-72
"K_3417 Grue"	"1992"	5702	47	101	-54	180	178	2	-54
"K_3417 Grue"	"1993"	5648	56	86	-30	253	160	93	63
"K_3417 Grue"	"1994"	5711	48	117	-69	182	222	-40	-109
"K_3417 Grue"	"1995"	5602	60	109	-49	175	167	8	-40
"K_3417 Grue"	"1996"	5562	59	87	-28	186	212	-26	-54
"K_3417 Grue"	"1997"	5508	44	107	-63	172	185	-13	-76
"K_3417 Grue"	"1998"	5432	53	85	-32	261	211	50	18
"K_3417 Grue"	"1999"	5450	54	104	-50	293	251	42	-8
"K_3417 Grue"	"2000"	5442	59	83	-24	351	245	106	84
"K_3417 Grue"	"2001"	5526	43	87	-44	232	302	-70	-114
"K_3417 Grue"	"2002"	5412	50	90	-40	226	204	22	-17
"K_3417 Grue"	"2003"	5395	36	77	-41	181	222	-41	-83
"K_3417 Grue"	"2004"	5312	53	80	-27	209	218	-9	-37
"K_3417 Grue"	"2005"	5275	41	82	-41	205	221	-16	-57
"K_3417 Grue"	"2006"	5218	36	73	-37	214	243	-29	-66
"K_3417 Grue"	"2007"	5152	40	88	-48	230	254	-24	-74
"K_3417 Grue"	"2008"	5078	43	97	-54	279	222	57	2
"K_3417 Grue"	"2009"	5080	29	74	-45	262	218	44	-2
"K_3417 Grue"	"2010"	5078	27	73	-46	202	210	-8	-54
"K_3417 Grue"	"2011"	5024	41	74	-33	278	267	11	-21
"K_3417 Grue"	"2012"	5003	29	74	-45	292	253	39	-6
"K_3417 Grue"	"2013"	4997	25	74	-49	252	250	2	-49
"K_3417 Grue"	"2014"	4948	36	63	-27	251	320	-69	-95
"K_3417 Grue"	"2015"	4853	27	76	-49	243	284	-41	-90
"K_3417 Grue"	"2016"	4763	26	71	-45	323	264	59	14
"K_3417 Grue"	"2017"	4777	20	62	-42	283	278	5	-37
"K_3417 Grue"	"2018"	4740	16	66	-50	211	257	-46	-94
"K_3417 Grue"	"2019"	4646	27	73	-46	256	244	12	-34
"K_3417 Grue"	"2020"	4612	25	74	-49	212	230	-18	-67
"K_3417 Grue"	"2021"	4545	31	63	-32	239	204	35	3
"K_3417 Grue"	"2022"	4548	21	79	-58	271	190	81	24
"K_3417 Grue"	"2023"	4572	27	71	-44	259	255	4	-40
"K_3417 Grue"	"2024"	4532	..	..	..	..	..	..	..
"K_3418 Åsnes"	"1951"	10183	179	89	90	412	466	-54	36
"K_3418 Åsnes"	"1952"	10219	200	87	113	362	418	-56	57
"K_3418 Åsnes"	"1953"	10276	177	66	111	345	425	-80	31
"K_3418 Åsnes"	"1954"	10307	168	84	84	276	443	-167	-83
"K_3418 Åsnes"	"1955"	10224	168	106	62	317	440	-123	-73
"K_3418 Åsnes"	"1956"	10151	173	90	83	365	435	-70	13
"K_3418 Åsnes"	"1957"	10164	161	96	65	349	475	-126	-61
"K_3418 Åsnes"	"1958"	10103	147	104	43	314	363	-49	-6
"K_3418 Åsnes"	"1959"	10097	169	81	88	370	458	-88	0
"K_3418 Åsnes"	"1960"	10097	136	96	40	323	400	-77	-49
"K_3418 Åsnes"	"1961"	10048	153	118	35	286	356	-70	-35
"K_3418 Åsnes"	"1962"	10013	134	106	28	331	400	-69	-41
"K_3418 Åsnes"	"1963"	9972	142	115	27	283	387	-104	-77
"K_3418 Åsnes"	"1964"	9895	158	85	73	241	384	-143	-70
"K_3418 Åsnes"	"1965"	9825	135	107	28	260	435	-175	-147
"K_3418 Åsnes"	"1966"	9678	163	85	78	269	393	-124	-44
"K_3418 Åsnes"	"1967"	9634	140	105	35	275	394	-119	-84
"K_3418 Åsnes"	"1968"	9550	116	97	19	307	377	-70	-52
"K_3418 Åsnes"	"1969"	9475	129	115	14	262	348	-86	-79
"K_3418 Åsnes"	"1970"	9396	113	102	11	304	445	-141	-152
"K_3418 Åsnes"	"1971"	9244	137	115	22	265	260	5	19
"K_3418 Åsnes"	"1972"	9263	116	120	-4	279	361	-82	-77
"K_3418 Åsnes"	"1973"	9186	109	128	-19	296	273	23	0
"K_3418 Åsnes"	"1974"	9186	107	127	-20	275	250	25	5
"K_3418 Åsnes"	"1975"	9191	94	116	-22	245	297	-52	-79
"K_3418 Åsnes"	"1976"	9112	98	111	-13	279	294	-15	-26
"K_3418 Åsnes"	"1977"	9086	79	126	-47	291	265	26	-22
"K_3418 Åsnes"	"1978"	9064	81	105	-24	321	272	49	28
"K_3418 Åsnes"	"1979"	9092	63	123	-60	207	229	-22	-81
"K_3418 Åsnes"	"1980"	9011	82	132	-50	314	254	60	9
"K_3418 Åsnes"	"1981"	9020	78	114	-36	222	239	-17	-53
"K_3418 Åsnes"	"1982"	8967	74	88	-14	248	243	5	-10
"K_3418 Åsnes"	"1983"	8957	74	116	-42	210	223	-13	-55
"K_3418 Åsnes"	"1984"	8902	64	121	-57	247	240	7	-51
"K_3418 Åsnes"	"1985"	8851	68	135	-67	260	271	-11	-82
"K_3418 Åsnes"	"1986"	8769	71	141	-70	224	281	-57	-127
"K_3418 Åsnes"	"1987"	8642	81	115	-34	258	254	4	-32
"K_3418 Åsnes"	"1988"	8610	63	103	-40	291	274	17	-24
"K_3418 Åsnes"	"1989"	8586	86	114	-28	289	314	-25	-58
"K_3418 Åsnes"	"1990"	8528	91	145	-54	332	266	66	12
"K_3418 Åsnes"	"1991"	8540	93	137	-44	305	280	25	-18
"K_3418 Åsnes"	"1992"	8522	92	128	-36	292	265	27	-6
"K_3418 Åsnes"	"1993"	8516	81	140	-59	227	291	-64	-124
"K_3418 Åsnes"	"1994"	8392	79	128	-49	230	288	-58	-111
"K_3418 Åsnes"	"1995"	8281	73	124	-51	266	257	9	-40
"K_3418 Åsnes"	"1996"	8241	83	121	-38	232	260	-28	-66
"K_3418 Åsnes"	"1997"	8175	69	138	-69	319	274	45	-24
"K_3418 Åsnes"	"1998"	8151	67	109	-42	283	262	21	-16
"K_3418 Åsnes"	"1999"	8135	69	125	-56	331	298	33	-23
"K_3418 Åsnes"	"2000"	8112	76	111	-35	364	379	-15	-51
"K_3418 Åsnes"	"2001"	8061	70	100	-30	309	313	-4	-37
"K_3418 Åsnes"	"2002"	8024	69	132	-63	312	295	17	-47
"K_3418 Åsnes"	"2003"	7977	64	118	-54	293	290	3	-53
"K_3418 Åsnes"	"2004"	7924	69	136	-67	309	386	-77	-145
"K_3418 Åsnes"	"2005"	7779	54	123	-69	289	283	6	-65
"K_3418 Åsnes"	"2006"	7714	59	138	-79	265	299	-34	-110
"K_3418 Åsnes"	"2007"	7604	66	111	-45	279	259	20	-23
"K_3418 Åsnes"	"2008"	7581	49	94	-45	353	284	69	29
"K_3418 Åsnes"	"2009"	7610	53	108	-55	370	316	54	-3
"K_3418 Åsnes"	"2010"	7607	51	100	-49	339	301	38	-10
"K_3418 Åsnes"	"2011"	7597	61	115	-54	396	333	63	9
"K_3418 Åsnes"	"2012"	7606	60	128	-68	424	361	63	-6
"K_3418 Åsnes"	"2013"	7600	57	130	-73	384	368	16	-56
"K_3418 Åsnes"	"2014"	7544	55	118	-63	466	385	81	17
"K_3418 Åsnes"	"2015"	7561	45	106	-61	394	440	-46	-105
"K_3418 Åsnes"	"2016"	7456	50	114	-64	402	467	-65	-127
"K_3418 Åsnes"	"2017"	7329	47	130	-83	368	334	34	-50
"K_3418 Åsnes"	"2018"	7279	49	122	-73	354	347	7	-65
"K_3418 Åsnes"	"2019"	7214	54	95	-41	341	313	28	-11
"K_3418 Åsnes"	"2020"	7203	41	93	-52	390	315	75	24
"K_3418 Åsnes"	"2021"	7227	56	112	-56	373	333	40	-16
"K_3418 Åsnes"	"2022"	7211	43	113	-70	454	327	127	56
"K_3418 Åsnes"	"2023"	7267	45	112	-67	642	507	135	72
"K_3418 Åsnes"	"2024"	7339	..	..	..	..	..	..	..
"K_3419 Våler (Innlandet)"	"1951"	4849	87	44	43	193	243	-50	-7
"K_3419 Våler (Innlandet)"	"1952"	4842	97	47	50	161	227	-66	-16
"K_3419 Våler (Innlandet)"	"1953"	4826	85	42	43	226	190	36	79
"K_3419 Våler (Innlandet)"	"1954"	4905	75	38	37	207	231	-24	13
"K_3419 Våler (Innlandet)"	"1955"	4918	78	47	31	258	238	20	68
"K_3419 Våler (Innlandet)"	"1956"	4986	81	42	39	211	291	-80	-41
"K_3419 Våler (Innlandet)"	"1957"	4945	72	41	31	219	259	-40	-9
"K_3419 Våler (Innlandet)"	"1958"	4936	95	40	55	243	224	19	74
"K_3419 Våler (Innlandet)"	"1959"	5010	87	50	37	328	266	62	99
"K_3419 Våler (Innlandet)"	"1960"	5109	79	49	30	253	294	-41	-12
"K_3419 Våler (Innlandet)"	"1961"	5097	95	46	49	203	240	-37	12
"K_3419 Våler (Innlandet)"	"1962"	5109	82	46	36	169	247	-78	-42
"K_3419 Våler (Innlandet)"	"1963"	5067	87	52	35	213	256	-43	-8
"K_3419 Våler (Innlandet)"	"1964"	5059	84	63	21	206	250	-44	-23
"K_3419 Våler (Innlandet)"	"1965"	5036	83	59	24	244	258	-14	10
"K_3419 Våler (Innlandet)"	"1966"	5046	87	58	29	221	267	-46	-84
"K_3419 Våler (Innlandet)"	"1967"	4962	82	58	24	212	249	-37	-13
"K_3419 Våler (Innlandet)"	"1968"	4949	64	62	2	260	313	-53	-10
"K_3419 Våler (Innlandet)"	"1969"	4939	77	55	22	226	330	-104	-78
"K_3419 Våler (Innlandet)"	"1970"	4861	48	51	-3	313	359	-46	-31
"K_3419 Våler (Innlandet)"	"1971"	4830	59	50	9	278	273	5	16
"K_3419 Våler (Innlandet)"	"1972"	4846	78	48	30	285	300	-15	16
"K_3419 Våler (Innlandet)"	"1973"	4862	57	54	3	265	283	-18	-15
"K_3419 Våler (Innlandet)"	"1974"	4847	42	65	-23	264	306	-42	-66
"K_3419 Våler (Innlandet)"	"1975"	4781	48	60	-12	292	275	17	2
"K_3419 Våler (Innlandet)"	"1976"	4783	42	60	-18	219	230	-11	-29
"K_3419 Våler (Innlandet)"	"1977"	4754	47	55	-8	265	262	3	-5
"K_3419 Våler (Innlandet)"	"1978"	4749	34	49	-15	298	209	89	74
"K_3419 Våler (Innlandet)"	"1979"	4823	48	50	-2	219	253	-34	-36
"K_3419 Våler (Innlandet)"	"1980"	4787	34	59	-25	254	198	56	31
"K_3419 Våler (Innlandet)"	"1981"	4818	42	60	-18	234	246	-12	-29
"K_3419 Våler (Innlandet)"	"1982"	4789	29	54	-25	152	260	-108	-134
"K_3419 Våler (Innlandet)"	"1983"	4655	45	66	-21	194	225	-31	-53
"K_3419 Våler (Innlandet)"	"1984"	4602	39	61	-22	230	232	-2	-24
"K_3419 Våler (Innlandet)"	"1985"	4578	33	68	-35	223	189	34	2
"K_3419 Våler (Innlandet)"	"1986"	4580	50	65	-15	189	190	-1	-12
"K_3419 Våler (Innlandet)"	"1987"	4568	50	81	-31	246	273	-27	-60
"K_3419 Våler (Innlandet)"	"1988"	4508	44	77	-33	224	252	-28	-62
"K_3419 Våler (Innlandet)"	"1989"	4446	50	66	-16	211	273	-62	-74
"K_3419 Våler (Innlandet)"	"1990"	4372	49	52	-3	302	262	40	36
"K_3419 Våler (Innlandet)"	"1991"	4408	42	54	-12	187	234	-47	-56
"K_3419 Våler (Innlandet)"	"1992"	4352	41	65	-24	211	190	21	-2
"K_3419 Våler (Innlandet)"	"1993"	4350	46	58	-12	160	212	-52	-64
"K_3419 Våler (Innlandet)"	"1994"	4286	27	74	-47	190	171	19	-27
"K_3419 Våler (Innlandet)"	"1995"	4259	34	54	-20	147	194	-47	-62
"K_3419 Våler (Innlandet)"	"1996"	4197	41	54	-13	159	186	-27	-40
"K_3419 Våler (Innlandet)"	"1997"	4157	38	59	-21	203	193	10	-11
"K_3419 Våler (Innlandet)"	"1998"	4146	33	67	-34	178	169	9	-25
"K_3419 Våler (Innlandet)"	"1999"	4121	39	64	-25	174	207	-33	-58
"K_3419 Våler (Innlandet)"	"2000"	4063	28	65	-37	191	191	0	-37
"K_3419 Våler (Innlandet)"	"2001"	4026	33	68	-35	194	166	28	-6
"K_3419 Våler (Innlandet)"	"2002"	4020	34	64	-30	175	201	-26	-56
"K_3419 Våler (Innlandet)"	"2003"	3964	27	62	-35	174	195	-21	-58
"K_3419 Våler (Innlandet)"	"2004"	3906	39	53	-14	196	164	32	18
"K_3419 Våler (Innlandet)"	"2005"	3924	34	55	-21	205	204	1	-18
"K_3419 Våler (Innlandet)"	"2006"	3906	33	55	-22	155	164	-9	-29
"K_3419 Våler (Innlandet)"	"2007"	3877	24	57	-33	203	178	25	-8
"K_3419 Våler (Innlandet)"	"2008"	3869	24	57	-33	206	173	33	0
"K_3419 Våler (Innlandet)"	"2009"	3869	30	53	-23	191	167	24	1
"K_3419 Våler (Innlandet)"	"2010"	3870	35	46	-11	223	200	23	12
"K_3419 Våler (Innlandet)"	"2011"	3882	32	52	-20	212	229	-17	-38
"K_3419 Våler (Innlandet)"	"2012"	3844	34	45	-11	221	228	-7	-18
"K_3419 Våler (Innlandet)"	"2013"	3826	18	67	-49	204	200	4	-43
"K_3419 Våler (Innlandet)"	"2014"	3783	32	58	-26	195	162	33	7
"K_3419 Våler (Innlandet)"	"2015"	3790	27	62	-35	208	203	5	-30
"K_3419 Våler (Innlandet)"	"2016"	3760	25	46	-21	196	193	3	-17
"K_3419 Våler (Innlandet)"	"2017"	3743	26	49	-23	199	239	-40	-63
"K_3419 Våler (Innlandet)"	"2018"	3680	28	51	-23	234	185	49	25
"K_3419 Våler (Innlandet)"	"2019"	3705	28	51	-23	181	201	-20	-43
"K_3419 Våler (Innlandet)"	"2020"	3662	12	62	-50	206	230	-24	-75
"K_3419 Våler (Innlandet)"	"2021"	3587	18	47	-29	205	166	39	10
"K_3419 Våler (Innlandet)"	"2022"	3597	21	60	-39	426	358	68	28
"K_3419 Våler (Innlandet)"	"2023"	3625	27	70	-43	208	175	33	-10
"K_3419 Våler (Innlandet)"	"2024"	3615	..	..	..	..	..	..	..
"K_3420 Elverum"	"1951"	12435	207	111	96	580	621	-41	55
"K_3420 Elverum"	"1952"	12490	248	97	151	586	578	8	159
"K_3420 Elverum"	"1953"	12649	215	112	103	588	645	-57	46
"K_3420 Elverum"	"1954"	12695	228	101	127	589	617	-28	99
"K_3420 Elverum"	"1955"	12794	189	92	97	603	618	-15	87
"K_3420 Elverum"	"1956"	12881	227	90	137	547	614	-67	70
"K_3420 Elverum"	"1957"	12951	199	98	101	592	577	15	116
"K_3420 Elverum"	"1958"	13067	207	112	95	569	641	-72	23
"K_3420 Elverum"	"1959"	13090	201	117	84	691	674	17	101
"K_3420 Elverum"	"1960"	13191	219	110	109	717	714	3	91
"K_3420 Elverum"	"1961"	13282	217	129	88	702	692	10	98
"K_3420 Elverum"	"1962"	13380	205	120	85	683	742	-59	26
"K_3420 Elverum"	"1963"	13406	227	142	85	704	721	-17	68
"K_3420 Elverum"	"1964"	13474	234	110	124	726	660	66	190
"K_3420 Elverum"	"1965"	13664	227	161	66	828	719	109	175
"K_3420 Elverum"	"1966"	13839	238	117	121	742	741	1	26
"K_3420 Elverum"	"1967"	13865	226	131	95	800	730	70	165
"K_3420 Elverum"	"1968"	14030	225	153	72	774	767	7	82
"K_3420 Elverum"	"1969"	14112	241	141	100	813	757	56	157
"K_3420 Elverum"	"1970"	14269	224	132	92	946	999	-53	42
"K_3420 Elverum"	"1971"	14311	232	129	103	838	694	144	240
"K_3420 Elverum"	"1972"	14551	221	148	73	884	732	152	229
"K_3420 Elverum"	"1973"	14780	198	136	62	809	724	85	145
"K_3420 Elverum"	"1974"	14925	212	153	59	887	720	167	222
"K_3420 Elverum"	"1975"	15147	220	176	44	922	652	270	313
"K_3420 Elverum"	"1976"	15460	191	164	27	849	706	143	171
"K_3420 Elverum"	"1977"	15631	179	159	20	935	626	309	330
"K_3420 Elverum"	"1978"	15961	189	142	47	862	599	263	312
"K_3420 Elverum"	"1979"	16273	203	191	12	761	569	192	196
"K_3420 Elverum"	"1980"	16469	160	180	-20	811	648	163	141
"K_3420 Elverum"	"1981"	16610	174	153	21	787	635	152	174
"K_3420 Elverum"	"1982"	16784	171	163	8	815	678	137	145
"K_3420 Elverum"	"1983"	16929	199	176	23	720	707	13	36
"K_3420 Elverum"	"1984"	16965	170	200	-30	634	665	-31	-62
"K_3420 Elverum"	"1985"	16903	162	197	-35	700	624	76	45
"K_3420 Elverum"	"1986"	16948	155	201	-46	765	730	35	-14
"K_3420 Elverum"	"1987"	16934	192	189	3	987	701	286	290
"K_3420 Elverum"	"1988"	17224	199	201	-2	813	731	82	72
"K_3420 Elverum"	"1989"	17296	206	179	27	770	762	8	36
"K_3420 Elverum"	"1990"	17332	205	202	3	731	658	73	74
"K_3420 Elverum"	"1991"	17406	227	176	51	702	646	56	108
"K_3420 Elverum"	"1992"	17514	225	181	44	653	620	33	81
"K_3420 Elverum"	"1993"	17595	208	222	-14	671	690	-19	-32
"K_3420 Elverum"	"1994"	17563	201	175	26	730	718	12	36
"K_3420 Elverum"	"1995"	17599	234	192	42	815	747	68	111
"K_3420 Elverum"	"1996"	17710	191	182	9	779	692	87	92
"K_3420 Elverum"	"1997"	17802	178	186	-8	821	737	84	77
"K_3420 Elverum"	"1998"	17879	192	181	11	762	716	46	50
"K_3420 Elverum"	"1999"	17929	174	193	-19	810	672	138	117
"K_3420 Elverum"	"2000"	18046	194	168	26	967	766	201	225
"K_3420 Elverum"	"2001"	18271	202	192	10	1004	760	244	256
"K_3420 Elverum"	"2002"	18527	185	204	-19	928	795	133	111
"K_3420 Elverum"	"2003"	18638	247	180	67	880	780	100	167
"K_3420 Elverum"	"2004"	18805	199	190	9	834	799	35	39
"K_3420 Elverum"	"2005"	18844	211	188	23	900	770	130	148
"K_3420 Elverum"	"2006"	18992	214	191	23	965	724	241	268
"K_3420 Elverum"	"2007"	19260	215	180	35	954	782	172	205
"K_3420 Elverum"	"2008"	19465	199	174	25	972	785	187	222
"K_3420 Elverum"	"2009"	19687	220	185	35	906	793	113	147
"K_3420 Elverum"	"2010"	19834	205	201	4	1024	883	141	145
"K_3420 Elverum"	"2011"	19979	206	173	33	990	849	141	173
"K_3420 Elverum"	"2012"	20152	220	177	43	1089	940	149	191
"K_3420 Elverum"	"2013"	20343	213	197	16	1054	849	205	220
"K_3420 Elverum"	"2014"	20563	207	193	14	1094	878	216	231
"K_3420 Elverum"	"2015"	20794	227	210	17	1192	970	222	236
"K_3420 Elverum"	"2016"	21030	211	225	-14	1056	988	68	56
"K_3420 Elverum"	"2017"	21086	227	215	12	1126	1105	21	37
"K_3420 Elverum"	"2018"	21123	201	206	-5	1151	1078	73	68
"K_3420 Elverum"	"2019"	21191	174	206	-32	1129	1037	92	63
"K_3420 Elverum"	"2020"	21254	191	192	-1	1170	1129	41	38
"K_3420 Elverum"	"2021"	21292	194	205	-11	1242	1091	151	143
"K_3420 Elverum"	"2022"	21435	169	225	-56	1322	1136	186	133
"K_3420 Elverum"	"2023"	21568	179	197	-18	1268	1056	212	193
"K_3420 Elverum"	"2024"	21761	..	..	..	..	..	..	..
"K_3421 Trysil"	"1951"	8423	174	56	118	189	216	-27	91
"K_3421 Trysil"	"1952"	8514	150	74	76	142	228	-86	-10
"K_3421 Trysil"	"1953"	8504	136	70	66	136	245	-109	-43
"K_3421 Trysil"	"1954"	8461	139	74	65	196	267	-71	-6
"K_3421 Trysil"	"1955"	8455	148	75	73	180	295	-115	-32
"K_3421 Trysil"	"1956"	8423	125	68	57	231	292	-61	-4
"K_3421 Trysil"	"1957"	8419	135	77	58	225	270	-45	13
"K_3421 Trysil"	"1958"	8432	128	76	52	182	275	-93	-41
"K_3421 Trysil"	"1959"	8391	152	72	80	221	310	-89	-9
"K_3421 Trysil"	"1960"	8382	129	65	64	188	377	-189	-177
"K_3421 Trysil"	"1961"	8205	151	93	58	191	324	-133	-75
"K_3421 Trysil"	"1962"	8130	132	66	66	191	360	-169	-103
"K_3421 Trysil"	"1963"	8027	119	101	18	215	360	-145	-127
"K_3421 Trysil"	"1964"	7900	122	76	46	202	307	-105	-59
"K_3421 Trysil"	"1965"	7841	120	69	51	215	302	-87	-36
"K_3421 Trysil"	"1966"	7805	105	83	22	205	321	-116	-108
"K_3421 Trysil"	"1967"	7697	110	75	35	211	264	-53	-18
"K_3421 Trysil"	"1968"	7679	97	78	19	161	302	-141	-119
"K_3421 Trysil"	"1969"	7560	113	88	25	191	301	-110	-82
"K_3421 Trysil"	"1970"	7478	114	67	47	272	397	-125	-85
"K_3421 Trysil"	"1971"	7393	93	69	24	216	229	-13	-9
"K_3421 Trysil"	"1972"	7384	87	97	-10	166	178	-12	-22
"K_3421 Trysil"	"1973"	7362	82	83	-1	229	207	22	23
"K_3421 Trysil"	"1974"	7385	70	94	-24	224	192	32	11
"K_3421 Trysil"	"1975"	7396	88	84	4	211	187	24	24
"K_3421 Trysil"	"1976"	7420	79	80	-1	294	207	87	85
"K_3421 Trysil"	"1977"	7505	90	69	21	299	201	98	117
"K_3421 Trysil"	"1978"	7622	63	81	-18	207	210	-3	-19
"K_3421 Trysil"	"1979"	7603	67	71	-4	182	213	-31	-36
"K_3421 Trysil"	"1980"	7567	77	89	-12	225	178	47	40
"K_3421 Trysil"	"1981"	7607	83	104	-21	229	211	18	-6
"K_3421 Trysil"	"1982"	7601	76	75	1	195	248	-53	-52
"K_3421 Trysil"	"1983"	7549	79	105	-26	172	218	-46	-73
"K_3421 Trysil"	"1984"	7476	58	98	-40	205	170	35	-5
"K_3421 Trysil"	"1985"	7471	67	89	-22	166	229	-63	-85
"K_3421 Trysil"	"1986"	7386	81	98	-17	189	212	-23	-42
"K_3421 Trysil"	"1987"	7344	71	116	-45	290	296	-6	-51
"K_3421 Trysil"	"1988"	7293	74	109	-35	334	248	86	49
"K_3421 Trysil"	"1989"	7342	88	99	-11	238	236	2	-12
"K_3421 Trysil"	"1990"	7330	80	108	-28	202	188	14	-14
"K_3421 Trysil"	"1991"	7316	91	103	-12	185	180	5	-12
"K_3421 Trysil"	"1992"	7304	84	103	-19	222	192	30	20
"K_3421 Trysil"	"1993"	7324	91	108	-17	167	180	-13	-30
"K_3421 Trysil"	"1994"	7294	72	94	-22	282	248	34	12
"K_3421 Trysil"	"1995"	7306	80	103	-23	191	260	-69	-93
"K_3421 Trysil"	"1996"	7213	73	109	-36	182	206	-24	-59
"K_3421 Trysil"	"1997"	7154	66	115	-49	199	200	-1	-49
"K_3421 Trysil"	"1998"	7105	48	117	-69	211	204	7	-61
"K_3421 Trysil"	"1999"	7044	74	90	-16	289	247	42	25
"K_3421 Trysil"	"2000"	7069	68	108	-40	249	245	4	-35
"K_3421 Trysil"	"2001"	7034	55	90	-35	276	226	50	15
"K_3421 Trysil"	"2002"	7049	61	109	-48	236	213	23	-24
"K_3421 Trysil"	"2003"	7025	50	90	-40	242	274	-32	-70
"K_3421 Trysil"	"2004"	6955	60	99	-39	221	251	-30	-73
"K_3421 Trysil"	"2005"	6882	57	84	-27	240	248	-8	-37
"K_3421 Trysil"	"2006"	6845	60	96	-36	213	240	-27	-63
"K_3421 Trysil"	"2007"	6782	64	79	-15	228	254	-26	-41
"K_3421 Trysil"	"2008"	6741	56	72	-16	221	201	20	8
"K_3421 Trysil"	"2009"	6749	54	94	-40	240	184	56	14
"K_3421 Trysil"	"2010"	6763	61	112	-51	290	252	38	-9
"K_3421 Trysil"	"2011"	6754	58	91	-33	282	252	30	-2
"K_3421 Trysil"	"2012"	6752	46	101	-55	274	283	-9	-63
"K_3421 Trysil"	"2013"	6689	46	101	-55	280	292	-12	-68
"K_3421 Trysil"	"2014"	6621	49	77	-28	244	267	-23	-52
"K_3421 Trysil"	"2015"	6569	61	97	-36	259	269	-10	-44
"K_3421 Trysil"	"2016"	6525	43	81	-38	273	210	63	25
"K_3421 Trysil"	"2017"	6550	49	84	-35	287	235	52	17
"K_3421 Trysil"	"2018"	6567	50	88	-38	323	246	77	40
"K_3421 Trysil"	"2019"	6607	56	85	-29	279	230	49	20
"K_3421 Trysil"	"2020"	6627	38	75	-37	224	235	-11	-47
"K_3421 Trysil"	"2021"	6580	52	84	-32	341	286	55	23
"K_3421 Trysil"	"2022"	6603	55	110	-55	314	281	33	-21
"K_3421 Trysil"	"2023"	6582	35	86	-51	290	252	38	-16
"K_3421 Trysil"	"2024"	6566	..	..	..	..	..	..	..
"K_3422 Åmot"	"1951"	5360	95	40	55	237	258	-21	34
"K_3422 Åmot"	"1952"	5394	118	33	85	264	268	-4	81
"K_3422 Åmot"	"1953"	5475	95	35	60	221	260	-39	21
"K_3422 Åmot"	"1954"	5496	79	37	42	208	258	-50	-8
"K_3422 Åmot"	"1955"	5488	75	50	25	196	242	-46	4
"K_3422 Åmot"	"1956"	5492	104	47	57	199	268	-69	-12
"K_3422 Åmot"	"1957"	5480	87	35	52	228	277	-49	3
"K_3422 Åmot"	"1958"	5483	85	44	41	236	212	24	65
"K_3422 Åmot"	"1959"	5548	95	49	46	195	203	-8	38
"K_3422 Åmot"	"1960"	5586	80	57	23	193	303	-110	-56
"K_3422 Åmot"	"1961"	5530	90	51	39	194	256	-62	-23
"K_3422 Åmot"	"1962"	5507	86	45	41	206	307	-101	-60
"K_3422 Åmot"	"1963"	5447	71	64	7	172	279	-107	-100
"K_3422 Åmot"	"1964"	5347	58	46	12	164	204	-40	-28
"K_3422 Åmot"	"1965"	5319	85	61	24	199	278	-79	-55
"K_3422 Åmot"	"1966"	5264	64	53	11	171	292	-121	-114
"K_3422 Åmot"	"1967"	5150	62	61	1	182	190	-8	-7
"K_3422 Åmot"	"1968"	5143	70	44	26	252	253	-1	22
"K_3422 Åmot"	"1969"	5165	75	70	5	152	239	-87	-88
"K_3422 Åmot"	"1970"	5077	49	43	6	219	333	-114	-118
"K_3422 Åmot"	"1971"	4959	57	62	-5	163	268	-105	-104
"K_3422 Åmot"	"1972"	4855	62	71	-9	157	179	-22	-27
"K_3422 Åmot"	"1973"	4828	61	51	10	149	165	-16	-8
"K_3422 Åmot"	"1974"	4820	53	67	-14	183	173	10	-4
"K_3422 Åmot"	"1975"	4816	66	72	-6	188	170	18	10
"K_3422 Åmot"	"1976"	4826	44	78	-34	203	163	40	5
"K_3422 Åmot"	"1977"	4831	39	59	-20	201	144	57	37
"K_3422 Åmot"	"1978"	4868	46	60	-14	181	175	6	-11
"K_3422 Åmot"	"1979"	4857	43	83	-40	206	171	35	-6
"K_3422 Åmot"	"1980"	4851	38	54	-16	177	169	8	-9
"K_3422 Åmot"	"1981"	4842	47	79	-32	136	164	-28	-58
"K_3422 Åmot"	"1982"	4784	53	59	-6	163	154	9	0
"K_3422 Åmot"	"1983"	4784	43	54	-11	160	203	-43	-56
"K_3422 Åmot"	"1984"	4728	44	73	-29	135	175	-40	-69
"K_3422 Åmot"	"1985"	4659	48	72	-24	131	192	-61	-85
"K_3422 Åmot"	"1986"	4574	43	74	-31	156	135	21	-10
"K_3422 Åmot"	"1987"	4564	29	65	-36	126	153	-27	-66
"K_3422 Åmot"	"1988"	4498	34	67	-33	139	142	-3	-35
"K_3422 Åmot"	"1989"	4463	38	67	-29	184	159	25	-5
"K_3422 Åmot"	"1990"	4458	39	56	-17	156	176	-20	-36
"K_3422 Åmot"	"1991"	4422	43	74	-31	157	137	20	-10
"K_3422 Åmot"	"1992"	4412	35	62	-27	134	147	-13	-42
"K_3422 Åmot"	"1993"	4370	36	70	-34	158	145	13	-21
"K_3422 Åmot"	"1994"	4349	32	81	-49	196	166	30	-21
"K_3422 Åmot"	"1995"	4328	55	75	-20	202	179	23	-14
"K_3422 Åmot"	"1996"	4314	35	80	-45	207	194	13	-33
"K_3422 Åmot"	"1997"	4281	43	69	-26	397	203	194	168
"K_3422 Åmot"	"1998"	4449	48	92	-44	295	247	48	1
"K_3422 Åmot"	"1999"	4450	47	66	-19	248	299	-51	-71
"K_3422 Åmot"	"2000"	4379	49	61	-12	267	239	28	17
"K_3422 Åmot"	"2001"	4396	53	63	-10	287	276	11	2
"K_3422 Åmot"	"2002"	4398	45	64	-19	267	258	9	-9
"K_3422 Åmot"	"2003"	4389	59	57	2	338	303	35	36
"K_3422 Åmot"	"2004"	4425	47	61	-14	278	292	-14	-27
"K_3422 Åmot"	"2005"	4398	48	66	-18	273	305	-32	-50
"K_3422 Åmot"	"2006"	4348	57	78	-21	262	306	-44	-64
"K_3422 Åmot"	"2007"	4284	42	53	-11	312	256	56	45
"K_3422 Åmot"	"2008"	4329	53	55	-2	240	285	-45	-49
"K_3422 Åmot"	"2009"	4280	60	69	-9	285	270	15	5
"K_3422 Åmot"	"2010"	4285	45	52	-7	310	269	41	32
"K_3422 Åmot"	"2011"	4317	33	60	-27	318	267	51	20
"K_3422 Åmot"	"2012"	4337	48	66	-18	365	296	69	50
"K_3422 Åmot"	"2013"	4387	40	48	-8	354	278	76	68
"K_3422 Åmot"	"2014"	4455	50	46	4	348	351	-3	1
"K_3422 Åmot"	"2015"	4456	39	55	-16	332	343	-11	-27
"K_3422 Åmot"	"2016"	4429	48	54	-6	388	293	95	89
"K_3422 Åmot"	"2017"	4518	35	58	-23	407	419	-12	-38
"K_3422 Åmot"	"2018"	4480	29	43	-14	361	423	-62	-73
"K_3422 Åmot"	"2019"	4407	30	44	-14	374	411	-37	-51
"K_3422 Åmot"	"2020"	4356	36	55	-19	409	409	0	-18
"K_3422 Åmot"	"2021"	4338	21	68	-47	359	456	-97	-143
"K_3422 Åmot"	"2022"	4195	29	43	-14	407	374	33	18
"K_3422 Åmot"	"2023"	4213	26	48	-22	468	371	97	76
"K_3422 Åmot"	"2024"	4289	..	..	..	..	..	..	..
"K_3423 Stor-Elvdal"	"1951"	4577	77	41	36	221	228	-7	29
"K_3423 Stor-Elvdal"	"1952"	4606	71	41	30	168	238	-70	-40
"K_3423 Stor-Elvdal"	"1953"	4566	64	34	30	179	222	-43	-23
"K_3423 Stor-Elvdal"	"1954"	4543	74	37	37	154	191	-37	0
"K_3423 Stor-Elvdal"	"1955"	4543	69	49	20	151	190	-39	-14
"K_3423 Stor-Elvdal"	"1956"	4529	66	43	23	200	220	-20	3
"K_3423 Stor-Elvdal"	"1957"	4532	56	64	-8	153	187	-34	-42
"K_3423 Stor-Elvdal"	"1958"	4490	63	36	27	194	209	-15	12
"K_3423 Stor-Elvdal"	"1959"	4502	56	37	19	162	225	-63	-44
"K_3423 Stor-Elvdal"	"1960"	4458	55	55	0	194	237	-43	-47
"K_3423 Stor-Elvdal"	"1961"	4411	66	48	18	151	207	-56	-38
"K_3423 Stor-Elvdal"	"1962"	4373	52	45	7	158	213	-55	-48
"K_3423 Stor-Elvdal"	"1963"	4325	51	52	-1	160	190	-30	-31
"K_3423 Stor-Elvdal"	"1964"	4294	38	63	-25	141	246	-105	-130
"K_3423 Stor-Elvdal"	"1965"	4164	39	42	-3	124	185	-61	-64
"K_3423 Stor-Elvdal"	"1966"	4100	40	41	-1	149	188	-39	-64
"K_3423 Stor-Elvdal"	"1967"	4036	33	59	-26	172	198	-26	-52
"K_3423 Stor-Elvdal"	"1968"	3984	46	62	-16	174	234	-60	-77
"K_3423 Stor-Elvdal"	"1969"	3907	37	51	-14	159	220	-61	-70
"K_3423 Stor-Elvdal"	"1970"	3837	48	46	2	181	266	-85	-90
"K_3423 Stor-Elvdal"	"1971"	3747	48	51	-3	196	134	62	62
"K_3423 Stor-Elvdal"	"1972"	3809	41	46	-5	171	151	20	14
"K_3423 Stor-Elvdal"	"1973"	3823	48	55	-7	180	184	-4	-11
"K_3423 Stor-Elvdal"	"1974"	3812	32	67	-35	147	151	-4	-41
"K_3423 Stor-Elvdal"	"1975"	3771	31	61	-30	147	159	-12	-48
"K_3423 Stor-Elvdal"	"1976"	3723	31	61	-30	173	134	39	9
"K_3423 Stor-Elvdal"	"1977"	3732	29	58	-29	177	195	-18	-47
"K_3423 Stor-Elvdal"	"1978"	3685	30	58	-28	205	152	53	27
"K_3423 Stor-Elvdal"	"1979"	3712	42	52	-10	187	157	30	18
"K_3423 Stor-Elvdal"	"1980"	3730	37	69	-32	179	189	-10	-43
"K_3423 Stor-Elvdal"	"1981"	3687	40	51	-11	163	181	-18	-29
"K_3423 Stor-Elvdal"	"1982"	3658	34	64	-30	174	156	18	-13
"K_3423 Stor-Elvdal"	"1983"	3645	38	52	-14	132	120	12	-3
"K_3423 Stor-Elvdal"	"1984"	3642	27	53	-26	119	151	-32	-57
"K_3423 Stor-Elvdal"	"1985"	3585	25	81	-56	114	146	-32	-89
"K_3423 Stor-Elvdal"	"1986"	3496	35	55	-20	129	163	-34	-54
"K_3423 Stor-Elvdal"	"1987"	3442	42	66	-24	182	158	24	-2
"K_3423 Stor-Elvdal"	"1988"	3440	20	47	-27	138	183	-45	-72
"K_3423 Stor-Elvdal"	"1989"	3368	37	53	-16	156	132	24	3
"K_3423 Stor-Elvdal"	"1990"	3371	30	56	-26	133	143	-10	-34
"K_3423 Stor-Elvdal"	"1991"	3337	36	60	-24	102	135	-33	-59
"K_3423 Stor-Elvdal"	"1992"	3278	35	60	-25	145	131	14	-9
"K_3423 Stor-Elvdal"	"1993"	3269	26	63	-37	130	136	-6	-41
"K_3423 Stor-Elvdal"	"1994"	3228	22	54	-32	144	138	6	-25
"K_3423 Stor-Elvdal"	"1995"	3203	31	47	-16	87	147	-60	-76
"K_3423 Stor-Elvdal"	"1996"	3127	29	63	-34	123	117	6	-28
"K_3423 Stor-Elvdal"	"1997"	3099	31	60	-29	129	193	-64	-93
"K_3423 Stor-Elvdal"	"1998"	3006	24	61	-37	131	122	9	-28
"K_3423 Stor-Elvdal"	"1999"	2978	23	58	-35	221	152	69	34
"K_3423 Stor-Elvdal"	"2000"	3012	27	46	-19	163	209	-46	-65
"K_3423 Stor-Elvdal"	"2001"	2947	19	54	-35	132	123	9	-26
"K_3423 Stor-Elvdal"	"2002"	2921	33	42	-9	130	153	-23	-33
"K_3423 Stor-Elvdal"	"2003"	2888	15	51	-36	167	201	-34	-69
"K_3423 Stor-Elvdal"	"2004"	2819	26	35	-9	143	124	19	13
"K_3423 Stor-Elvdal"	"2005"	2832	17	44	-27	122	130	-8	-35
"K_3423 Stor-Elvdal"	"2006"	2797	25	44	-19	112	184	-72	-92
"K_3423 Stor-Elvdal"	"2007"	2705	18	47	-29	134	129	5	-25
"K_3423 Stor-Elvdal"	"2008"	2680	24	43	-19	152	122	30	9
"K_3423 Stor-Elvdal"	"2009"	2689	25	37	-12	188	186	2	-10
"K_3423 Stor-Elvdal"	"2010"	2679	17	42	-25	183	169	14	-14
"K_3423 Stor-Elvdal"	"2011"	2665	27	37	-10	216	193	23	13
"K_3423 Stor-Elvdal"	"2012"	2678	24	40	-16	194	215	-21	-37
"K_3423 Stor-Elvdal"	"2013"	2641	24	33	-9	291	223	68	58
"K_3423 Stor-Elvdal"	"2014"	2699	17	32	-15	241	307	-66	-80
"K_3423 Stor-Elvdal"	"2015"	2619	18	37	-19	280	280	0	-19
"K_3423 Stor-Elvdal"	"2016"	2600	18	32	-14	231	286	-55	-70
"K_3423 Stor-Elvdal"	"2017"	2530	22	37	-15	173	199	-26	-40
"K_3423 Stor-Elvdal"	"2018"	2490	12	32	-20	160	171	-11	-31
"K_3423 Stor-Elvdal"	"2019"	2459	19	34	-15	138	164	-26	-40
"K_3423 Stor-Elvdal"	"2020"	2419	6	39	-33	147	155	-8	-41
"K_3423 Stor-Elvdal"	"2021"	2378	17	36	-19	133	173	-40	-60
"K_3423 Stor-Elvdal"	"2022"	2318	8	30	-22	153	169	-16	-37
"K_3423 Stor-Elvdal"	"2023"	2281	16	44	-28	140	117	23	-5
"K_3423 Stor-Elvdal"	"2024"	2276	..	..	..	..	..	..	..
"K_3424 Rendalen"	"1951"	3887	86	32	54	137	166	-29	25
"K_3424 Rendalen"	"1952"	3912	67	26	41	111	174	-63	-22
"K_3424 Rendalen"	"1953"	3890	68	26	42	118	159	-41	1
"K_3424 Rendalen"	"1954"	3891	81	43	38	102	151	-49	-11
"K_3424 Rendalen"	"1955"	3880	70	31	39	96	167	-71	-21
"K_3424 Rendalen"	"1956"	3859	78	32	46	96	167	-71	-25
"K_3424 Rendalen"	"1957"	3834	65	48	17	94	192	-98	-81
"K_3424 Rendalen"	"1958"	3753	68	36	32	101	118	-17	15
"K_3424 Rendalen"	"1959"	3768	55	29	26	110	133	-23	3
"K_3424 Rendalen"	"1960"	3771	49	45	4	102	174	-72	-61
"K_3424 Rendalen"	"1961"	3710	33	33	0	97	160	-63	-63
"K_3424 Rendalen"	"1962"	3647	49	34	15	95	147	-52	-37
"K_3424 Rendalen"	"1963"	3610	52	41	11	130	161	-31	-20
"K_3424 Rendalen"	"1964"	3590	52	36	16	82	146	-64	-48
"K_3424 Rendalen"	"1965"	3542	40	40	0	84	159	-75	-75
"K_3424 Rendalen"	"1966"	3467	36	42	-6	87	175	-88	-108
"K_3424 Rendalen"	"1967"	3359	50	49	1	199	139	60	61
"K_3424 Rendalen"	"1968"	3420	35	38	-3	215	167	48	38
"K_3424 Rendalen"	"1969"	3458	43	35	8	126	182	-56	-46
"K_3424 Rendalen"	"1970"	3412	29	51	-22	122	234	-112	-130
"K_3424 Rendalen"	"1971"	3282	31	41	-10	89	252	-163	-174
"K_3424 Rendalen"	"1972"	3108	28	45	-17	80	154	-74	-92
"K_3424 Rendalen"	"1973"	3016	22	53	-31	111	126	-15	-46
"K_3424 Rendalen"	"1974"	2970	28	42	-14	98	88	10	-6
"K_3424 Rendalen"	"1975"	2964	26	46	-20	80	108	-28	-48
"K_3424 Rendalen"	"1976"	2916	20	32	-12	92	86	6	-6
"K_3424 Rendalen"	"1977"	2910	24	48	-24	76	114	-38	-62
"K_3424 Rendalen"	"1978"	2848	13	39	-26	101	70	31	5
"K_3424 Rendalen"	"1979"	2853	25	41	-16	82	103	-21	-37
"K_3424 Rendalen"	"1980"	2816	15	28	-13	77	75	2	-11
"K_3424 Rendalen"	"1981"	2805	25	46	-21	77	74	3	-17
"K_3424 Rendalen"	"1982"	2788	16	48	-32	86	88	-2	-34
"K_3424 Rendalen"	"1983"	2754	25	54	-29	77	65	12	-15
"K_3424 Rendalen"	"1984"	2739	23	50	-27	72	78	-6	-35
"K_3424 Rendalen"	"1985"	2704	19	45	-26	50	83	-33	-62
"K_3424 Rendalen"	"1986"	2642	23	41	-18	100	89	11	-8
"K_3424 Rendalen"	"1987"	2634	18	56	-38	61	118	-57	-96
"K_3424 Rendalen"	"1988"	2538	18	47	-29	78	79	-1	-32
"K_3424 Rendalen"	"1989"	2506	30	50	-20	97	82	15	-7
"K_3424 Rendalen"	"1990"	2499	23	58	-35	84	53	31	-3
"K_3424 Rendalen"	"1991"	2496	27	60	-33	70	73	-3	-36
"K_3424 Rendalen"	"1992"	2460	14	41	-27	73	55	18	-10
"K_3424 Rendalen"	"1993"	2450	26	56	-30	84	71	13	-16
"K_3424 Rendalen"	"1994"	2434	24	41	-17	75	78	-3	-22
"K_3424 Rendalen"	"1995"	2412	18	60	-42	62	85	-23	-65
"K_3424 Rendalen"	"1996"	2347	19	44	-25	102	87	15	-12
"K_3424 Rendalen"	"1997"	2335	16	46	-30	94	87	7	-23
"K_3424 Rendalen"	"1998"	2312	23	56	-33	68	97	-29	-59
"K_3424 Rendalen"	"1999"	2253	12	41	-29	105	72	33	4
"K_3424 Rendalen"	"2000"	2257	24	47	-23	116	66	50	27
"K_3424 Rendalen"	"2001"	2284	16	52	-36	71	102	-31	-67
"K_3424 Rendalen"	"2002"	2217	18	39	-21	79	83	-4	-24
"K_3424 Rendalen"	"2003"	2193	20	48	-28	96	114	-18	-47
"K_3424 Rendalen"	"2004"	2146	15	50	-35	85	86	-1	-41
"K_3424 Rendalen"	"2005"	2105	16	36	-20	85	87	-2	-23
"K_3424 Rendalen"	"2006"	2082	12	31	-19	81	89	-8	-27
"K_3424 Rendalen"	"2007"	2055	17	36	-19	77	84	-7	-26
"K_3424 Rendalen"	"2008"	2029	21	38	-17	93	89	4	-15
"K_3424 Rendalen"	"2009"	2014	19	49	-30	104	90	14	-16
"K_3424 Rendalen"	"2010"	1998	21	40	-19	90	95	-5	-24
"K_3424 Rendalen"	"2011"	1974	14	30	-16	84	83	1	-15
"K_3424 Rendalen"	"2012"	1959	8	40	-32	76	93	-17	-49
"K_3424 Rendalen"	"2013"	1910	3	18	-15	91	103	-12	-27
"K_3424 Rendalen"	"2014"	1883	10	30	-20	99	77	22	2
"K_3424 Rendalen"	"2015"	1885	12	32	-20	125	109	16	-4
"K_3424 Rendalen"	"2016"	1881	12	33	-21	105	107	-2	-23
"K_3424 Rendalen"	"2017"	1858	13	26	-13	120	138	-18	-31
"K_3424 Rendalen"	"2018"	1827	10	24	-14	80	102	-22	-36
"K_3424 Rendalen"	"2019"	1791	7	25	-18	76	66	10	-11
"K_3424 Rendalen"	"2020"	1780	5	33	-28	79	90	-11	-39
"K_3424 Rendalen"	"2021"	1741	11	27	-16	99	102	-3	-19
"K_3424 Rendalen"	"2022"	1722	8	27	-19	154	88	66	47
"K_3424 Rendalen"	"2023"	1769	3	21	-18	155	70	85	68
"K_3424 Rendalen"	"2024"	1837	..	..	..	..	..	..	..
"K_3425 Engerdal"	"1951"	1756	37	18	19	45	60	-15	4
"K_3425 Engerdal"	"1952"	1760	42	12	30	43	51	-8	22
"K_3425 Engerdal"	"1953"	1782	38	12	26	30	52	-22	4
"K_3425 Engerdal"	"1954"	1786	33	13	20	40	69	-29	-9
"K_3425 Engerdal"	"1955"	1777	35	14	21	62	70	-8	22
"K_3425 Engerdal"	"1956"	1799	26	14	12	59	68	-9	3
"K_3425 Engerdal"	"1957"	1802	31	12	19	46	58	-12	7
"K_3425 Engerdal"	"1958"	1809	31	9	22	42	73	-31	-9
"K_3425 Engerdal"	"1959"	1800	34	16	18	48	48	0	18
"K_3425 Engerdal"	"1960"	1818	28	17	11	60	83	-23	-9
"K_3425 Engerdal"	"1961"	1809	25	12	13	36	51	-15	-2
"K_3425 Engerdal"	"1962"	1807	42	14	28	45	78	-33	-5
"K_3425 Engerdal"	"1963"	1802	22	25	-3	35	60	-25	-28
"K_3425 Engerdal"	"1964"	1774	32	15	17	52	65	-13	4
"K_3425 Engerdal"	"1965"	1778	30	22	8	56	77	-21	-13
"K_3425 Engerdal"	"1966"	1765	30	29	1	40	50	-10	2
"K_3425 Engerdal"	"1967"	1767	20	14	6	76	63	13	19
"K_3425 Engerdal"	"1968"	1786	27	24	3	76	71	5	13
"K_3425 Engerdal"	"1969"	1799	23	15	8	43	90	-47	-38
"K_3425 Engerdal"	"1970"	1761	21	13	8	91	99	-8	-1
"K_3425 Engerdal"	"1971"	1760	28	14	14	48	47	1	15
"K_3425 Engerdal"	"1972"	1775	33	19	14	40	57	-17	-6
"K_3425 Engerdal"	"1973"	1769	25	15	10	63	59	4	14
"K_3425 Engerdal"	"1974"	1783	27	16	11	53	51	2	10
"K_3425 Engerdal"	"1975"	1793	20	20	0	64	61	3	-1
"K_3425 Engerdal"	"1976"	1792	18	23	-5	50	48	2	-3
"K_3425 Engerdal"	"1977"	1789	14	16	-2	56	62	-6	-8
"K_3425 Engerdal"	"1978"	1781	16	26	-10	65	52	13	8
"K_3425 Engerdal"	"1979"	1789	14	13	1	63	57	6	6
"K_3425 Engerdal"	"1980"	1795	17	13	4	55	72	-17	-13
"K_3425 Engerdal"	"1981"	1782	21	28	-7	37	51	-14	-21
"K_3425 Engerdal"	"1982"	1761	18	14	4	76	45	31	35
"K_3425 Engerdal"	"1983"	1796	16	19	-3	36	53	-17	-20
"K_3425 Engerdal"	"1984"	1776	13	18	-5	31	45	-14	-19
"K_3425 Engerdal"	"1985"	1757	21	28	-7	49	58	-9	-16
"K_3425 Engerdal"	"1986"	1741	13	13	0	40	59	-19	-20
"K_3425 Engerdal"	"1987"	1721	19	21	-2	92	73	19	18
"K_3425 Engerdal"	"1988"	1739	18	26	-8	140	128	12	2
"K_3425 Engerdal"	"1989"	1741	18	15	3	121	143	-22	-20
"K_3425 Engerdal"	"1990"	1721	14	23	-9	92	126	-34	-44
"K_3425 Engerdal"	"1991"	1677	20	27	-7	148	107	41	30
"K_3425 Engerdal"	"1992"	1707	25	20	5	153	111	42	47
"K_3425 Engerdal"	"1993"	1754	29	21	8	163	110	53	60
"K_3425 Engerdal"	"1994"	1814	22	30	-8	97	206	-109	-116
"K_3425 Engerdal"	"1995"	1698	14	19	-5	177	245	-68	-71
"K_3425 Engerdal"	"1996"	1627	19	25	-6	109	160	-51	-58
"K_3425 Engerdal"	"1997"	1569	14	17	-3	110	86	24	21
"K_3425 Engerdal"	"1998"	1590	11	17	-6	100	117	-17	-24
"K_3425 Engerdal"	"1999"	1566	20	25	-5	124	105	19	14
"K_3425 Engerdal"	"2000"	1580	19	22	-3	94	125	-31	-34
"K_3425 Engerdal"	"2001"	1546	14	24	-10	85	105	-20	-30
"K_3425 Engerdal"	"2002"	1516	15	23	-8	98	94	4	-4
"K_3425 Engerdal"	"2003"	1512	14	23	-9	87	86	1	-9
"K_3425 Engerdal"	"2004"	1503	13	23	-10	87	82	5	-4
"K_3425 Engerdal"	"2005"	1499	15	26	-11	110	100	10	-2
"K_3425 Engerdal"	"2006"	1497	7	13	-6	62	94	-32	-37
"K_3425 Engerdal"	"2007"	1460	7	19	-12	113	103	10	-2
"K_3425 Engerdal"	"2008"	1458	17	26	-9	76	89	-13	-22
"K_3425 Engerdal"	"2009"	1436	11	23	-12	91	81	10	-2
"K_3425 Engerdal"	"2010"	1434	16	25	-9	57	70	-13	-25
"K_3425 Engerdal"	"2011"	1409	9	19	-10	72	81	-9	-19
"K_3425 Engerdal"	"2012"	1390	10	18	-8	104	110	-6	-14
"K_3425 Engerdal"	"2013"	1376	2	22	-20	85	96	-11	-31
"K_3425 Engerdal"	"2014"	1345	14	20	-6	122	104	18	14
"K_3425 Engerdal"	"2015"	1359	4	20	-16	94	132	-38	-54
"K_3425 Engerdal"	"2016"	1305	2	18	-16	92	107	-15	-31
"K_3425 Engerdal"	"2017"	1274	14	21	-7	149	123	26	20
"K_3425 Engerdal"	"2018"	1294	7	17	-10	100	98	2	-8
"K_3425 Engerdal"	"2019"	1286	8	14	-6	92	105	-13	-18
"K_3425 Engerdal"	"2020"	1268	8	8	0	88	106	-18	-18
"K_3425 Engerdal"	"2021"	1250	9	12	-3	87	81	6	3
"K_3425 Engerdal"	"2022"	1253	10	24	-14	297	206	91	75
"K_3425 Engerdal"	"2023"	1328	4	13	-9	562	521	41	33
"K_3425 Engerdal"	"2024"	1361	..	..	..	..	..	..	..
"K_3426 Tolga"	"1951"	2025	36	22	14	39	75	-36	-22
"K_3426 Tolga"	"1952"	2003	41	20	21	47	61	-14	7
"K_3426 Tolga"	"1953"	2010	38	24	14	31	61	-30	-16
"K_3426 Tolga"	"1954"	1994	27	24	3	64	59	5	8
"K_3426 Tolga"	"1955"	2002	44	13	31	28	75	-47	4
"K_3426 Tolga"	"1956"	2006	28	15	13	34	65	-31	-18
"K_3426 Tolga"	"1957"	1988	38	23	15	55	111	-56	-41
"K_3426 Tolga"	"1958"	1947	26	25	1	52	44	8	9
"K_3426 Tolga"	"1959"	1956	32	20	12	42	62	-20	-8
"K_3426 Tolga"	"1960"	1948	24	15	9	70	81	-11	-1
"K_3426 Tolga"	"1961"	1947	26	21	5	49	57	-8	-3
"K_3426 Tolga"	"1962"	1944	37	15	22	66	84	-18	4
"K_3426 Tolga"	"1963"	1948	26	15	11	61	75	-14	-3
"K_3426 Tolga"	"1964"	1945	39	21	18	47	53	-6	12
"K_3426 Tolga"	"1965"	1957	22	21	1	54	68	-14	-13
"K_3426 Tolga"	"1966"	0	0	0	0	0	0	0	0
"K_3426 Tolga"	"1967"	0	0	0	0	0	0	0	0
"K_3426 Tolga"	"1968"	0	0	0	0	0	0	0	0
"K_3426 Tolga"	"1969"	0	0	0	0	0	0	0	0
"K_3426 Tolga"	"1970"	0	0	0	0	0	0	0	0
"K_3426 Tolga"	"1971"	0	0	0	0	0	0	0	0
"K_3426 Tolga"	"1972"	0	0	0	0	0	0	0	0
"K_3426 Tolga"	"1973"	0	0	0	0	0	0	0	0
"K_3426 Tolga"	"1974"	0	0	0	0	0	0	0	0
"K_3426 Tolga"	"1975"	0	0	0	0	0	0	0	0
"K_3426 Tolga"	"1976"	1865	17	28	-11	81	68	13	2
"K_3426 Tolga"	"1977"	1867	15	24	-9	101	76	25	9
"K_3426 Tolga"	"1978"	1876	17	25	-8	119	93	26	19
"K_3426 Tolga"	"1979"	1895	16	24	-8	83	77	6	-3
"K_3426 Tolga"	"1980"	1892	18	30	-12	92	86	6	-4
"K_3426 Tolga"	"1981"	1888	23	31	-8	74	72	2	-6
"K_3426 Tolga"	"1982"	1882	26	31	-5	77	72	5	0
"K_3426 Tolga"	"1983"	1882	24	31	-7	85	62	23	15
"K_3426 Tolga"	"1984"	1897	19	18	1	70	65	5	6
"K_3426 Tolga"	"1985"	1903	23	26	-3	49	91	-42	-46
"K_3426 Tolga"	"1986"	1857	21	22	-1	68	66	2	0
"K_3426 Tolga"	"1987"	1857	24	30	-6	49	61	-12	-17
"K_3426 Tolga"	"1988"	1840	24	31	-7	84	54	30	24
"K_3426 Tolga"	"1989"	1864	42	34	8	90	65	25	34
"K_3426 Tolga"	"1990"	1898	23	34	-11	63	73	-10	-21
"K_3426 Tolga"	"1991"	1877	30	25	5	45	58	-13	-9
"K_3426 Tolga"	"1992"	1868	38	24	14	56	65	-9	6
"K_3426 Tolga"	"1993"	1874	24	31	-7	53	67	-14	-20
"K_3426 Tolga"	"1994"	1854	26	37	-11	63	74	-11	-22
"K_3426 Tolga"	"1995"	1832	22	32	-10	75	78	-3	-12
"K_3426 Tolga"	"1996"	1820	21	29	-8	87	48	39	30
"K_3426 Tolga"	"1997"	1850	31	31	0	75	69	6	7
"K_3426 Tolga"	"1998"	1857	37	29	8	55	79	-24	-16
"K_3426 Tolga"	"1999"	1841	18	26	-8	64	85	-21	-29
"K_3426 Tolga"	"2000"	1812	22	22	0	74	63	11	11
"K_3426 Tolga"	"2001"	1823	16	24	-8	63	69	-6	-15
"K_3426 Tolga"	"2002"	1808	16	26	-10	72	72	0	-12
"K_3426 Tolga"	"2003"	1796	21	18	3	42	65	-23	-15
"K_3426 Tolga"	"2004"	1781	15	17	-2	50	51	-1	-3
"K_3426 Tolga"	"2005"	1778	13	22	-9	59	73	-14	-23
"K_3426 Tolga"	"2006"	1755	15	26	-11	38	75	-37	-48
"K_3426 Tolga"	"2007"	1707	19	18	1	74	85	-11	-10
"K_3426 Tolga"	"2008"	1697	15	20	-5	60	74	-14	-19
"K_3426 Tolga"	"2009"	1678	26	20	6	55	68	-13	-7
"K_3426 Tolga"	"2010"	1671	12	21	-9	80	58	22	13
"K_3426 Tolga"	"2011"	1684	9	23	-14	96	85	11	-3
"K_3426 Tolga"	"2012"	1681	16	16	0	71	71	0	0
"K_3426 Tolga"	"2013"	1681	18	17	1	53	77	-24	-23
"K_3426 Tolga"	"2014"	1658	16	25	-9	78	71	7	-2
"K_3426 Tolga"	"2015"	1656	12	16	-4	63	95	-32	-36
"K_3426 Tolga"	"2016"	1620	22	17	5	64	69	-5	0
"K_3426 Tolga"	"2017"	1620	16	17	-1	42	108	-66	-67
"K_3426 Tolga"	"2018"	1553	12	21	-9	72	65	7	-2
"K_3426 Tolga"	"2019"	1551	17	24	-7	76	58	18	11
"K_3426 Tolga"	"2020"	1562	21	16	5	51	55	-4	1
"K_3426 Tolga"	"2021"	1563	14	17	-3	76	85	-9	-12
"K_3426 Tolga"	"2022"	1551	10	21	-11	89	75	14	4
"K_3426 Tolga"	"2023"	1555	24	18	6	100	57	43	49
"K_3426 Tolga"	"2024"	1604	..	..	..	..	..	..	..
"K_3427 Tynset"	"1951"	4200	78	34	44	193	221	-28	16
"K_3427 Tynset"	"1952"	4216	100	30	70	210	172	38	108
"K_3427 Tynset"	"1953"	4324	93	35	58	156	205	-49	9
"K_3427 Tynset"	"1954"	4333	80	39	41	130	217	-87	-46
"K_3427 Tynset"	"1955"	4287	85	25	60	168	173	-5	51
"K_3427 Tynset"	"1956"	4338	90	52	38	166	206	-40	-2
"K_3427 Tynset"	"1957"	4336	88	47	41	124	197	-73	-32
"K_3427 Tynset"	"1958"	4304	73	47	26	141	168	-27	-1
"K_3427 Tynset"	"1959"	4303	74	45	29	125	151	-26	3
"K_3427 Tynset"	"1960"	4306	64	45	19	138	157	-19	9
"K_3427 Tynset"	"1961"	4315	61	31	30	152	152	0	30
"K_3427 Tynset"	"1962"	4345	74	49	25	162	161	1	26
"K_3427 Tynset"	"1963"	4371	54	56	-2	164	216	-52	-54
"K_3427 Tynset"	"1964"	4317	64	48	16	169	167	2	18
"K_3427 Tynset"	"1965"	4335	66	49	17	171	212	-41	-24
"K_3427 Tynset"	"1966"	4975	77	57	20	192	167	25	53
"K_3427 Tynset"	"1967"	5028	77	51	26	173	189	-16	10
"K_3427 Tynset"	"1968"	5038	87	53	34	169	224	-55	-13
"K_3427 Tynset"	"1969"	5025	75	61	14	215	158	57	69
"K_3427 Tynset"	"1970"	5089	65	49	16	263	296	-33	-21
"K_3427 Tynset"	"1971"	5068	64	49	15	209	239	-30	-23
"K_3427 Tynset"	"1972"	5045	77	61	16	201	223	-22	-1
"K_3427 Tynset"	"1973"	5044	61	59	2	225	221	4	7
"K_3427 Tynset"	"1974"	5051	62	50	12	248	229	19	30
"K_3427 Tynset"	"1975"	5081	45	59	-14	224	192	32	14
"K_3427 Tynset"	"1976"	5095	62	66	-4	274	209	65	59
"K_3427 Tynset"	"1977"	5154	64	61	3	250	153	97	100
"K_3427 Tynset"	"1978"	5254	50	58	-8	219	170	49	40
"K_3427 Tynset"	"1979"	5294	72	49	23	249	188	61	81
"K_3427 Tynset"	"1980"	5375	70	53	17	284	263	21	40
"K_3427 Tynset"	"1981"	5415	69	60	9	255	231	24	33
"K_3427 Tynset"	"1982"	5448	68	71	-3	253	225	28	25
"K_3427 Tynset"	"1983"	5473	66	67	-1	189	194	-5	-7
"K_3427 Tynset"	"1984"	5466	71	49	22	174	208	-34	-11
"K_3427 Tynset"	"1985"	5455	56	47	9	169	237	-68	-63
"K_3427 Tynset"	"1986"	5392	72	64	8	208	217	-9	-1
"K_3427 Tynset"	"1987"	5391	64	68	-4	229	230	-1	-5
"K_3427 Tynset"	"1988"	5386	72	71	1	215	224	-9	-8
"K_3427 Tynset"	"1989"	5378	72	71	1	189	211	-22	-22
"K_3427 Tynset"	"1990"	5356	67	59	8	228	194	34	42
"K_3427 Tynset"	"1991"	5398	70	71	-1	214	196	18	18
"K_3427 Tynset"	"1992"	5416	75	64	11	156	194	-38	-24
"K_3427 Tynset"	"1993"	5392	62	58	4	203	197	6	10
"K_3427 Tynset"	"1994"	5402	58	67	-9	173	184	-11	-20
"K_3427 Tynset"	"1995"	5382	61	51	10	207	189	18	27
"K_3427 Tynset"	"1996"	5409	67	50	17	203	209	-6	12
"K_3427 Tynset"	"1997"	5421	68	69	-1	214	234	-20	-21
"K_3427 Tynset"	"1998"	5400	58	70	-12	207	202	5	-8
"K_3427 Tynset"	"1999"	5392	80	56	24	278	221	57	81
"K_3427 Tynset"	"2000"	5473	70	59	11	219	251	-32	-21
"K_3427 Tynset"	"2001"	5452	62	62	0	190	212	-22	-24
"K_3427 Tynset"	"2002"	5428	58	70	-12	199	196	3	-5
"K_3427 Tynset"	"2003"	5423	63	58	5	264	228	36	40
"K_3427 Tynset"	"2004"	5463	49	63	-14	183	227	-44	-58
"K_3427 Tynset"	"2005"	5405	44	70	-26	210	221	-11	-37
"K_3427 Tynset"	"2006"	5368	65	68	-3	206	199	7	3
"K_3427 Tynset"	"2007"	5371	51	56	-5	239	205	34	29
"K_3427 Tynset"	"2008"	5400	55	65	-10	234	224	10	0
"K_3427 Tynset"	"2009"	5400	72	68	4	265	180	85	90
"K_3427 Tynset"	"2010"	5490	71	56	15	227	237	-10	5
"K_3427 Tynset"	"2011"	5495	55	60	-5	303	228	75	69
"K_3427 Tynset"	"2012"	5564	58	55	3	251	245	6	6
"K_3427 Tynset"	"2013"	5570	45	56	-11	233	242	-9	-21
"K_3427 Tynset"	"2014"	5549	50	61	-11	257	235	22	13
"K_3427 Tynset"	"2015"	5562	45	51	-6	269	245	24	18
"K_3427 Tynset"	"2016"	5580	36	51	-15	241	222	19	4
"K_3427 Tynset"	"2017"	5584	41	53	-12	287	254	33	21
"K_3427 Tynset"	"2018"	5605	43	53	-10	257	264	-7	-14
"K_3427 Tynset"	"2019"	5591	34	52	-18	223	218	5	-13
"K_3427 Tynset"	"2020"	5578	45	67	-22	244	263	-19	-41
"K_3427 Tynset"	"2021"	5537	52	53	-1	289	246	43	44
"K_3427 Tynset"	"2022"	5581	48	55	-7	349	296	53	47
"K_3427 Tynset"	"2023"	5628	50	60	-10	338	261	77	64
"K_3427 Tynset"	"2024"	5692	..	..	..	..	..	..	..
"K_3428 Alvdal"	"1951"	2569	41	26	15	96	111	-15	0
"K_3428 Alvdal"	"1952"	2569	48	24	24	66	97	-31	-7
"K_3428 Alvdal"	"1953"	2562	48	26	22	75	98	-23	-1
"K_3428 Alvdal"	"1954"	2561	52	22	30	73	101	-28	2
"K_3428 Alvdal"	"1955"	2563	37	18	19	99	107	-8	5
"K_3428 Alvdal"	"1956"	2568	48	22	26	87	111	-24	2
"K_3428 Alvdal"	"1957"	2570	57	16	41	84	95	-11	30
"K_3428 Alvdal"	"1958"	2600	51	27	24	92	99	-7	17
"K_3428 Alvdal"	"1959"	2617	47	22	25	92	124	-32	-7
"K_3428 Alvdal"	"1960"	2610	35	28	7	81	77	4	5
"K_3428 Alvdal"	"1961"	2615	51	28	23	77	85	-8	15
"K_3428 Alvdal"	"1962"	2630	43	29	14	89	97	-8	6
"K_3428 Alvdal"	"1963"	2636	40	39	1	58	96	-38	-37
"K_3428 Alvdal"	"1964"	2599	35	33	2	79	74	5	7
"K_3428 Alvdal"	"1965"	2606	32	36	-4	81	99	-18	-22
"K_3428 Alvdal"	"1966"	2584	43	18	25	66	73	-7	23
"K_3428 Alvdal"	"1967"	2607	33	21	12	124	106	18	30
"K_3428 Alvdal"	"1968"	2637	43	36	7	185	103	82	97
"K_3428 Alvdal"	"1969"	2734	43	26	17	141	174	-33	-17
"K_3428 Alvdal"	"1970"	2717	31	32	-1	171	184	-13	-25
"K_3428 Alvdal"	"1971"	2692	37	27	10	74	211	-137	-114
"K_3428 Alvdal"	"1972"	2578	33	41	-8	84	126	-42	-51
"K_3428 Alvdal"	"1973"	2527	35	23	12	78	90	-12	-3
"K_3428 Alvdal"	"1974"	2524	21	31	-10	76	80	-4	-14
"K_3428 Alvdal"	"1975"	2510	18	25	-7	58	98	-40	-47
"K_3428 Alvdal"	"1976"	2463	25	24	1	98	93	5	6
"K_3428 Alvdal"	"1977"	2469	29	36	-7	85	91	-6	-12
"K_3428 Alvdal"	"1978"	2457	23	18	5	63	83	-20	-15
"K_3428 Alvdal"	"1979"	2442	25	29	-4	75	72	3	-1
"K_3428 Alvdal"	"1980"	2441	19	24	-5	102	76	26	21
"K_3428 Alvdal"	"1981"	2462	32	25	7	85	69	16	23
"K_3428 Alvdal"	"1982"	2485	28	51	-23	77	69	8	-15
"K_3428 Alvdal"	"1983"	2470	28	48	-20	96	76	20	-1
"K_3428 Alvdal"	"1984"	2469	34	33	1	71	64	7	9
"K_3428 Alvdal"	"1985"	2478	33	31	2	57	73	-16	-14
"K_3428 Alvdal"	"1986"	2464	34	26	8	68	82	-14	-6
"K_3428 Alvdal"	"1987"	2458	37	35	2	62	77	-15	-15
"K_3428 Alvdal"	"1988"	2443	29	45	-16	65	55	10	-6
"K_3428 Alvdal"	"1989"	2437	29	30	-1	63	64	-1	-3
"K_3428 Alvdal"	"1990"	2434	30	35	-5	75	74	1	-4
"K_3428 Alvdal"	"1991"	2430	32	22	10	65	72	-7	5
"K_3428 Alvdal"	"1992"	2435	23	42	-19	76	51	25	6
"K_3428 Alvdal"	"1993"	2441	32	39	-7	56	65	-9	-15
"K_3428 Alvdal"	"1994"	2426	27	39	-12	81	64	17	7
"K_3428 Alvdal"	"1995"	2433	29	30	-1	101	101	0	-4
"K_3428 Alvdal"	"1996"	2429	28	35	-7	65	65	0	-8
"K_3428 Alvdal"	"1997"	2421	25	28	-3	86	88	-2	-4
"K_3428 Alvdal"	"1998"	2417	36	26	10	85	93	-8	-2
"K_3428 Alvdal"	"1999"	2415	28	29	-1	106	102	4	2
"K_3428 Alvdal"	"2000"	2417	25	25	0	86	89	-3	-2
"K_3428 Alvdal"	"2001"	2415	25	23	2	82	81	1	-6
"K_3428 Alvdal"	"2002"	2409	25	27	-2	97	82	15	13
"K_3428 Alvdal"	"2003"	2422	31	38	-7	70	79	-9	-16
"K_3428 Alvdal"	"2004"	2406	27	31	-4	91	78	13	10
"K_3428 Alvdal"	"2005"	2416	21	23	-2	68	90	-22	-24
"K_3428 Alvdal"	"2006"	2392	35	27	8	93	63	30	38
"K_3428 Alvdal"	"2007"	2430	22	22	0	88	105	-17	-17
"K_3428 Alvdal"	"2008"	2413	31	26	5	64	83	-19	-14
"K_3428 Alvdal"	"2009"	2399	34	22	12	104	73	31	42
"K_3428 Alvdal"	"2010"	2441	20	19	1	114	109	5	6
"K_3428 Alvdal"	"2011"	2447	26	31	-5	86	97	-11	-16
"K_3428 Alvdal"	"2012"	2431	34	29	5	92	79	13	18
"K_3428 Alvdal"	"2013"	2449	32	30	2	68	90	-22	-17
"K_3428 Alvdal"	"2014"	2432	30	23	7	70	91	-21	-14
"K_3428 Alvdal"	"2015"	2418	34	30	4	94	90	4	8
"K_3428 Alvdal"	"2016"	2426	25	34	-9	112	88	24	15
"K_3428 Alvdal"	"2017"	2441	26	23	3	97	118	-21	-17
"K_3428 Alvdal"	"2018"	2424	24	32	-8	90	88	2	-6
"K_3428 Alvdal"	"2019"	2418	27	24	3	111	100	11	14
"K_3428 Alvdal"	"2020"	2432	21	27	-6	92	114	-22	-27
"K_3428 Alvdal"	"2021"	2405	19	20	-1	116	74	42	40
"K_3428 Alvdal"	"2022"	2445	22	33	-11	142	83	59	48
"K_3428 Alvdal"	"2023"	2493	18	23	-5	145	108	37	33
"K_3428 Alvdal"	"2024"	2526	..	..	..	..	..	..	..
"K_3429 Folldal"	"1951"	2372	47	14	33	57	76	-19	14
"K_3429 Folldal"	"1952"	2386	47	16	31	59	89	-30	1
"K_3429 Folldal"	"1953"	2387	35	26	9	58	75	-17	-8
"K_3429 Folldal"	"1954"	2379	35	11	24	55	84	-29	-5
"K_3429 Folldal"	"1955"	2374	58	15	43	51	93	-42	9
"K_3429 Folldal"	"1956"	2383	39	17	22	64	92	-28	-6
"K_3429 Folldal"	"1957"	2377	42	23	19	74	123	-49	-30
"K_3429 Folldal"	"1958"	2347	36	24	12	56	113	-57	-45
"K_3429 Folldal"	"1959"	2302	47	20	27	64	45	19	46
"K_3429 Folldal"	"1960"	2348	30	26	4	44	94	-50	-45
"K_3429 Folldal"	"1961"	2303	35	28	7	59	85	-26	-19
"K_3429 Folldal"	"1962"	2284	40	24	16	70	138	-68	-52
"K_3429 Folldal"	"1963"	2232	29	26	3	53	90	-37	-34
"K_3429 Folldal"	"1964"	2198	34	23	11	81	99	-18	-7
"K_3429 Folldal"	"1965"	2191	32	28	4	85	86	-1	3
"K_3429 Folldal"	"1966"	2194	31	24	7	144	87	57	59
"K_3429 Folldal"	"1967"	2253	42	15	27	92	108	-16	11
"K_3429 Folldal"	"1968"	2264	32	23	9	75	134	-59	-55
"K_3429 Folldal"	"1969"	2209	36	29	7	96	92	4	-2
"K_3429 Folldal"	"1970"	2218	29	22	7	105	120	-15	-5
"K_3429 Folldal"	"1971"	2213	48	28	20	80	117	-37	-15
"K_3429 Folldal"	"1972"	2198	38	12	26	80	107	-27	-2
"K_3429 Folldal"	"1973"	2196	28	31	-3	126	85	41	37
"K_3429 Folldal"	"1974"	2233	26	31	-5	100	100	0	-5
"K_3429 Folldal"	"1975"	2228	27	25	2	51	74	-23	-21
"K_3429 Folldal"	"1976"	2207	28	21	7	90	84	6	13
"K_3429 Folldal"	"1977"	2220	35	23	12	77	78	-1	10
"K_3429 Folldal"	"1978"	2230	25	32	-7	86	96	-10	-17
"K_3429 Folldal"	"1979"	2213	32	34	-2	88	82	6	4
"K_3429 Folldal"	"1980"	2217	17	35	-18	77	73	4	-14
"K_3429 Folldal"	"1981"	2203	18	32	-14	90	78	12	-2
"K_3429 Folldal"	"1982"	2201	28	24	4	55	77	-22	-18
"K_3429 Folldal"	"1983"	2183	18	28	-10	44	52	-8	-18
"K_3429 Folldal"	"1984"	2165	18	31	-13	46	58	-12	-27
"K_3429 Folldal"	"1985"	2138	24	17	7	55	91	-36	-28
"K_3429 Folldal"	"1986"	2110	16	37	-21	29	81	-52	-74
"K_3429 Folldal"	"1987"	2036	15	23	-8	62	91	-29	-36
"K_3429 Folldal"	"1988"	2000	31	28	3	80	66	14	15
"K_3429 Folldal"	"1989"	2015	20	27	-7	64	50	14	7
"K_3429 Folldal"	"1990"	2022	26	32	-6	65	91	-26	-33
"K_3429 Folldal"	"1991"	1989	19	29	-10	38	71	-33	-43
"K_3429 Folldal"	"1992"	1946	20	32	-12	43	53	-10	-23
"K_3429 Folldal"	"1993"	1923	22	31	-9	61	56	5	-5
"K_3429 Folldal"	"1994"	1918	25	26	-1	66	65	1	0
"K_3429 Folldal"	"1995"	1918	15	30	-15	67	78	-11	-24
"K_3429 Folldal"	"1996"	1894	22	26	-4	68	80	-12	-16
"K_3429 Folldal"	"1997"	1878	22	26	-4	66	86	-20	-24
"K_3429 Folldal"	"1998"	1854	35	29	6	50	83	-33	-28
"K_3429 Folldal"	"1999"	1826	13	26	-13	74	73	1	-12
"K_3429 Folldal"	"2000"	1814	23	31	-8	80	75	5	-2
"K_3429 Folldal"	"2001"	1812	17	27	-10	44	93	-49	-59
"K_3429 Folldal"	"2002"	1753	18	22	-4	69	54	15	11
"K_3429 Folldal"	"2003"	1764	18	24	-6	73	92	-19	-25
"K_3429 Folldal"	"2004"	1739	6	25	-19	68	71	-3	-22
"K_3429 Folldal"	"2005"	1717	10	19	-9	55	47	8	5
"K_3429 Folldal"	"2006"	1722	16	20	-4	52	75	-23	-27
"K_3429 Folldal"	"2007"	1695	13	16	-3	52	70	-18	-21
"K_3429 Folldal"	"2008"	1674	22	20	2	67	72	-5	-3
"K_3429 Folldal"	"2009"	1671	13	22	-9	67	60	7	-2
"K_3429 Folldal"	"2010"	1669	17	25	-8	60	61	-1	-9
"K_3429 Folldal"	"2011"	1660	18	26	-8	44	55	-11	-19
"K_3429 Folldal"	"2012"	1641	21	16	5	61	53	8	13
"K_3429 Folldal"	"2013"	1654	14	18	-4	55	74	-19	-23
"K_3429 Folldal"	"2014"	1631	12	29	-17	56	73	-17	-34
"K_3429 Folldal"	"2015"	1597	10	20	-10	76	71	5	-5
"K_3429 Folldal"	"2016"	1592	10	24	-14	56	57	-1	-15
"K_3429 Folldal"	"2017"	1577	9	12	-3	59	64	-5	-8
"K_3429 Folldal"	"2018"	1569	12	12	0	74	66	8	8
"K_3429 Folldal"	"2019"	1577	10	26	-16	63	79	-16	-32
"K_3429 Folldal"	"2020"	1545	7	24	-17	63	74	-11	-27
"K_3429 Folldal"	"2021"	1518	7	22	-15	74	46	28	12
"K_3429 Folldal"	"2022"	1530	9	20	-11	77	76	1	-11
"K_3429 Folldal"	"2023"	1519	13	25	-12	88	64	24	13
"K_3429 Folldal"	"2024"	1532	..	..	..	..	..	..	..
"K_3430 Os"	"1951"	2165	39	10	29	76	70	6	35
"K_3430 Os"	"1952"	2200	35	20	15	53	68	-15	0
"K_3430 Os"	"1953"	2200	40	17	23	40	82	-42	-19
"K_3430 Os"	"1954"	2181	36	15	21	55	94	-39	-18
"K_3430 Os"	"1955"	2163	30	16	14	56	106	-50	-31
"K_3430 Os"	"1956"	2132	39	22	17	90	101	-11	6
"K_3430 Os"	"1957"	2138	32	16	16	83	109	-26	-10
"K_3430 Os"	"1958"	2128	41	20	21	66	93	-27	-6
"K_3430 Os"	"1959"	2122	25	29	-4	59	94	-35	-39
"K_3430 Os"	"1960"	2083	39	23	16	60	95	-35	-32
"K_3430 Os"	"1961"	2051	28	27	1	90	75	15	16
"K_3430 Os"	"1962"	2067	40	16	24	97	107	-10	14
"K_3430 Os"	"1963"	2081	27	29	-2	74	95	-21	-23
"K_3430 Os"	"1964"	2058	38	22	16	75	99	-24	-8
"K_3430 Os"	"1965"	2050	32	25	7	61	103	-42	-35
"K_3430 Os"	"1966"	0	0	0	0	0	0	0	0
"K_3430 Os"	"1967"	0	0	0	0	0	0	0	0
"K_3430 Os"	"1968"	0	0	0	0	0	0	0	0
"K_3430 Os"	"1969"	0	0	0	0	0	0	0	0
"K_3430 Os"	"1970"	0	0	0	0	0	0	0	0
"K_3430 Os"	"1971"	0	0	0	0	0	0	0	0
"K_3430 Os"	"1972"	0	0	0	0	0	0	0	0
"K_3430 Os"	"1973"	0	0	0	0	0	0	0	0
"K_3430 Os"	"1974"	0	0	0	0	0	0	0	0
"K_3430 Os"	"1975"	0	0	0	0	0	0	0	0
"K_3430 Os"	"1976"	1859	14	17	-3	101	76	25	23
"K_3430 Os"	"1977"	1882	25	13	12	96	62	34	52
"K_3430 Os"	"1978"	1934	24	18	6	91	76	15	19
"K_3430 Os"	"1979"	1953	26	22	4	96	68	28	33
"K_3430 Os"	"1980"	1986	23	22	1	99	57	42	43
"K_3430 Os"	"1981"	2029	23	17	6	99	71	28	33
"K_3430 Os"	"1982"	2062	32	12	20	105	73	32	52
"K_3430 Os"	"1983"	2114	22	25	-3	54	69	-15	-18
"K_3430 Os"	"1984"	2096	17	19	-2	60	63	-3	-5
"K_3430 Os"	"1985"	2091	21	24	-3	46	65	-19	-20
"K_3430 Os"	"1986"	2071	18	28	-10	57	90	-33	-44
"K_3430 Os"	"1987"	2027	26	33	-7	67	67	0	-10
"K_3430 Os"	"1988"	2017	16	23	-7	78	54	24	17
"K_3430 Os"	"1989"	2034	14	28	-14	78	74	4	-5
"K_3430 Os"	"1990"	2029	28	26	2	94	93	1	3
"K_3430 Os"	"1991"	2032	35	25	10	80	67	13	22
"K_3430 Os"	"1992"	2054	29	33	-4	75	91	-16	-18
"K_3430 Os"	"1993"	2036	35	28	7	80	78	2	9
"K_3430 Os"	"1994"	2045	24	23	1	82	93	-11	-10
"K_3430 Os"	"1995"	2035	35	25	10	54	70	-16	-4
"K_3430 Os"	"1996"	2031	27	24	3	88	63	25	28
"K_3430 Os"	"1997"	2059	25	24	1	85	73	12	14
"K_3430 Os"	"1998"	2073	23	36	-13	104	83	21	8
"K_3430 Os"	"1999"	2081	23	20	3	174	110	64	67
"K_3430 Os"	"2000"	2148	17	25	-8	165	133	32	24
"K_3430 Os"	"2001"	2172	24	23	1	124	148	-24	-25
"K_3430 Os"	"2002"	2147	25	27	-2	122	133	-11	-13
"K_3430 Os"	"2003"	2134	27	21	6	129	138	-9	-3
"K_3430 Os"	"2004"	2131	19	26	-7	90	128	-38	-44
"K_3430 Os"	"2005"	2087	22	23	-1	106	117	-11	-12
"K_3430 Os"	"2006"	2075	15	23	-8	77	80	-3	-12
"K_3430 Os"	"2007"	2063	18	22	-4	74	84	-10	-16
"K_3430 Os"	"2008"	2047	17	23	-6	84	79	5	-1
"K_3430 Os"	"2009"	2046	14	15	-1	76	89	-13	-13
"K_3430 Os"	"2010"	2033	14	24	-10	88	66	22	12
"K_3430 Os"	"2011"	2045	21	24	-3	102	104	-2	-5
"K_3430 Os"	"2012"	2040	13	18	-5	79	85	-6	-5
"K_3430 Os"	"2013"	2035	19	18	1	78	102	-24	-22
"K_3430 Os"	"2014"	2013	8	20	-12	86	96	-10	-22
"K_3430 Os"	"2015"	1991	11	19	-8	86	113	-27	-35
"K_3430 Os"	"2016"	1956	8	22	-14	95	74	21	7
"K_3430 Os"	"2017"	1963	10	28	-18	80	90	-10	-27
"K_3430 Os"	"2018"	1936	16	20	-4	87	107	-20	-24
"K_3430 Os"	"2019"	1912	11	28	-17	85	89	-4	-21
"K_3430 Os"	"2020"	1891	20	23	-3	92	110	-18	-21
"K_3430 Os"	"2021"	1870	20	26	-6	73	81	-8	-15
"K_3430 Os"	"2022"	1855	15	25	-10	99	100	-1	-11
"K_3430 Os"	"2023"	1844	17	14	3	105	61	44	47
"K_3430 Os"	"2024"	1891	..	..	..	..	..	..	..
"K_3431 Dovre"	"1951"	3084	57	29	28	152	182	-30	-2
"K_3431 Dovre"	"1952"	3082	58	21	37	91	128	-37	0
"K_3431 Dovre"	"1953"	3082	43	29	14	119	155	-36	-22
"K_3431 Dovre"	"1954"	3060	52	37	15	108	157	-49	-34
"K_3431 Dovre"	"1955"	3026	60	26	34	106	165	-59	-31
"K_3431 Dovre"	"1956"	2995	52	28	24	165	198	-33	-9
"K_3431 Dovre"	"1957"	2986	54	22	32	113	157	-44	-12
"K_3431 Dovre"	"1958"	2974	47	29	18	113	129	-16	2
"K_3431 Dovre"	"1959"	2976	49	29	20	134	171	-37	-17
"K_3431 Dovre"	"1960"	2959	56	22	34	150	161	-11	48
"K_3431 Dovre"	"1961"	3007	39	25	14	122	140	-18	-4
"K_3431 Dovre"	"1962"	3003	38	30	8	132	160	-28	-20
"K_3431 Dovre"	"1963"	2983	55	35	20	156	156	0	20
"K_3431 Dovre"	"1964"	3003	51	22	29	121	150	-29	0
"K_3431 Dovre"	"1965"	3003	39	30	9	141	159	-18	-9
"K_3431 Dovre"	"1966"	2994	51	23	28	220	165	55	82
"K_3431 Dovre"	"1967"	3076	41	39	2	226	199	27	29
"K_3431 Dovre"	"1968"	3105	54	29	25	155	177	-22	12
"K_3431 Dovre"	"1969"	3117	55	34	21	174	194	-20	13
"K_3431 Dovre"	"1970"	3119	49	35	14	192	222	-30	-29
"K_3431 Dovre"	"1971"	3090	65	38	27	199	167	32	60
"K_3431 Dovre"	"1972"	3150	47	37	10	137	148	-11	-2
"K_3431 Dovre"	"1973"	3148	37	31	6	170	153	17	20
"K_3431 Dovre"	"1974"	3168	41	35	6	150	131	19	32
"K_3431 Dovre"	"1975"	3200	34	35	-1	173	157	16	13
"K_3431 Dovre"	"1976"	3213	34	30	4	163	156	7	9
"K_3431 Dovre"	"1977"	3222	29	37	-8	149	138	11	-2
"K_3431 Dovre"	"1978"	3220	35	23	12	146	129	17	29
"K_3431 Dovre"	"1979"	3249	34	38	-4	127	119	8	4
"K_3431 Dovre"	"1980"	3253	29	37	-8	106	125	-19	-27
"K_3431 Dovre"	"1981"	3226	30	27	3	113	104	9	7
"K_3431 Dovre"	"1982"	3233	33	37	-4	116	107	9	6
"K_3431 Dovre"	"1983"	3239	31	49	-18	108	108	0	-18
"K_3431 Dovre"	"1984"	3221	36	43	-7	96	105	-9	-15
"K_3431 Dovre"	"1985"	3206	30	38	-8	79	102	-23	-29
"K_3431 Dovre"	"1986"	3177	25	46	-21	101	119	-18	-43
"K_3431 Dovre"	"1987"	3134	32	41	-9	109	119	-10	-15
"K_3431 Dovre"	"1988"	3119	35	42	-7	93	136	-43	-53
"K_3431 Dovre"	"1989"	3066	32	41	-9	122	146	-24	-29
"K_3431 Dovre"	"1990"	3037	42	31	11	133	111	22	34
"K_3431 Dovre"	"1991"	3071	48	34	14	99	114	-15	-2
"K_3431 Dovre"	"1992"	3069	35	43	-8	96	116	-20	-28
"K_3431 Dovre"	"1993"	3041	37	40	-3	148	121	27	23
"K_3431 Dovre"	"1994"	3064	29	26	3	107	103	4	10
"K_3431 Dovre"	"1995"	3074	31	39	-8	104	171	-67	-76
"K_3431 Dovre"	"1996"	2998	25	28	-3	99	152	-53	-59
"K_3431 Dovre"	"1997"	2939	32	32	0	111	121	-10	-10
"K_3431 Dovre"	"1998"	2929	38	42	-4	113	127	-14	-20
"K_3431 Dovre"	"1999"	2909	35	41	-6	102	154	-52	-58
"K_3431 Dovre"	"2000"	2851	39	36	3	127	106	21	24
"K_3431 Dovre"	"2001"	2875	31	39	-8	123	93	30	22
"K_3431 Dovre"	"2002"	2897	19	40	-21	114	108	6	-14
"K_3431 Dovre"	"2003"	2883	30	45	-15	116	101	15	0
"K_3431 Dovre"	"2004"	2883	26	28	-2	100	106	-6	-8
"K_3431 Dovre"	"2005"	2875	22	42	-20	92	121	-29	-49
"K_3431 Dovre"	"2006"	2826	19	31	-12	96	98	-2	-14
"K_3431 Dovre"	"2007"	2812	23	31	-8	85	113	-28	-34
"K_3431 Dovre"	"2008"	2778	16	32	-16	95	85	10	-6
"K_3431 Dovre"	"2009"	2772	27	34	-7	129	119	10	4
"K_3431 Dovre"	"2010"	2776	32	39	-7	142	163	-21	-28
"K_3431 Dovre"	"2011"	2748	22	37	-15	155	146	9	-6
"K_3431 Dovre"	"2012"	2742	23	33	-10	147	151	-4	-15
"K_3431 Dovre"	"2013"	2727	19	32	-13	147	156	-9	-23
"K_3431 Dovre"	"2014"	2704	20	38	-18	194	135	59	41
"K_3431 Dovre"	"2015"	2745	22	38	-16	170	199	-29	-44
"K_3431 Dovre"	"2016"	2701	23	36	-13	205	218	-13	-26
"K_3431 Dovre"	"2017"	2675	23	29	-6	87	115	-28	-33
"K_3431 Dovre"	"2018"	2642	15	30	-15	128	140	-12	-27
"K_3431 Dovre"	"2019"	2615	28	43	-15	83	130	-47	-62
"K_3431 Dovre"	"2020"	2553	23	26	-3	94	132	-38	-41
"K_3431 Dovre"	"2021"	2512	20	31	-11	100	103	-3	-14
"K_3431 Dovre"	"2022"	2498	19	44	-25	119	125	-6	-32
"K_3431 Dovre"	"2023"	2466	20	30	-10	151	105	46	37
"K_3431 Dovre"	"2024"	2503	..	..	..	..	..	..	..
"K_3432 Lesja"	"1951"	3164	58	30	28	100	147	-47	-19
"K_3432 Lesja"	"1952"	3145	62	36	26	73	143	-70	-44
"K_3432 Lesja"	"1953"	3101	61	25	36	95	160	-65	-29
"K_3432 Lesja"	"1954"	3072	51	25	26	88	128	-40	-14
"K_3432 Lesja"	"1955"	3058	65	27	38	106	128	-22	23
"K_3432 Lesja"	"1956"	3081	56	38	18	101	224	-123	-105
"K_3432 Lesja"	"1957"	2976	53	33	20	128	182	-54	-34
"K_3432 Lesja"	"1958"	2942	48	25	23	117	184	-67	-44
"K_3432 Lesja"	"1959"	2898	48	32	16	100	130	-30	-14
"K_3432 Lesja"	"1960"	2884	53	27	26	116	146	-30	42
"K_3432 Lesja"	"1961"	2926	39	34	5	79	135	-56	-51
"K_3432 Lesja"	"1962"	2875	30	21	9	65	155	-90	-81
"K_3432 Lesja"	"1963"	2794	43	29	14	93	112	-19	-5
"K_3432 Lesja"	"1964"	2789	32	31	1	82	118	-36	-35
"K_3432 Lesja"	"1965"	2754	32	34	-2	71	148	-77	-79
"K_3432 Lesja"	"1966"	2675	43	30	13	124	133	-9	4
"K_3432 Lesja"	"1967"	2679	46	33	13	117	143	-26	-13
"K_3432 Lesja"	"1968"	2666	39	28	11	118	100	18	27
"K_3432 Lesja"	"1969"	2693	43	38	5	88	137	-49	-43
"K_3432 Lesja"	"1970"	2650	29	23	6	83	166	-83	-84
"K_3432 Lesja"	"1971"	2566	29	32	-3	86	108	-22	-26
"K_3432 Lesja"	"1972"	2540	33	27	6	99	109	-10	-4
"K_3432 Lesja"	"1973"	2536	36	34	2	86	122	-36	-34
"K_3432 Lesja"	"1974"	2502	23	29	-6	114	102	12	7
"K_3432 Lesja"	"1975"	2509	28	38	-10	94	101	-7	-17
"K_3432 Lesja"	"1976"	2492	25	32	-7	100	89	11	4
"K_3432 Lesja"	"1977"	2496	21	31	-10	85	96	-11	-21
"K_3432 Lesja"	"1978"	2475	27	29	-2	121	102	19	17
"K_3432 Lesja"	"1979"	2492	25	40	-15	103	83	20	5
"K_3432 Lesja"	"1980"	2497	27	36	-9	83	90	-7	-16
"K_3432 Lesja"	"1981"	2481	26	40	-14	103	105	-2	-15
"K_3432 Lesja"	"1982"	2466	28	29	-1	86	80	6	6
"K_3432 Lesja"	"1983"	2472	36	27	9	64	70	-6	4
"K_3432 Lesja"	"1984"	2476	34	22	12	61	69	-8	4
"K_3432 Lesja"	"1985"	2480	28	32	-4	71	66	5	1
"K_3432 Lesja"	"1986"	2481	31	30	1	47	65	-18	-14
"K_3432 Lesja"	"1987"	2467	30	37	-7	200	97	103	94
"K_3432 Lesja"	"1988"	2561	28	31	-3	73	154	-81	-87
"K_3432 Lesja"	"1989"	2474	37	35	2	94	94	0	2
"K_3432 Lesja"	"1990"	2476	39	30	9	61	93	-32	-22
"K_3432 Lesja"	"1991"	2454	28	48	-20	63	107	-44	-62
"K_3432 Lesja"	"1992"	2392	22	29	-7	65	72	-7	-15
"K_3432 Lesja"	"1993"	2377	25	34	-9	202	72	130	125
"K_3432 Lesja"	"1994"	2502	27	34	-7	79	201	-122	-137
"K_3432 Lesja"	"1995"	2365	24	35	-11	65	96	-31	-43
"K_3432 Lesja"	"1996"	2322	26	31	-5	49	63	-14	-19
"K_3432 Lesja"	"1997"	2303	28	26	2	88	106	-18	-16
"K_3432 Lesja"	"1998"	2287	23	25	-2	61	74	-13	-14
"K_3432 Lesja"	"1999"	2273	30	25	5	125	99	26	30
"K_3432 Lesja"	"2000"	2303	20	39	-19	67	123	-56	-74
"K_3432 Lesja"	"2001"	2229	29	34	-5	71	83	-12	-16
"K_3432 Lesja"	"2002"	2213	20	33	-13	91	72	19	6
"K_3432 Lesja"	"2003"	2219	26	28	-2	72	80	-8	-10
"K_3432 Lesja"	"2004"	2209	26	35	-9	79	95	-16	-25
"K_3432 Lesja"	"2005"	2184	20	23	-3	72	80	-8	-12
"K_3432 Lesja"	"2006"	2172	32	32	0	60	82	-22	-22
"K_3432 Lesja"	"2007"	2150	20	21	-1	74	55	19	18
"K_3432 Lesja"	"2008"	2168	23	26	-3	69	64	5	2
"K_3432 Lesja"	"2009"	2170	16	21	-5	73	64	9	4
"K_3432 Lesja"	"2010"	2174	32	28	4	86	67	19	23
"K_3432 Lesja"	"2011"	2197	23	20	3	87	92	-5	-2
"K_3432 Lesja"	"2012"	2195	14	23	-9	44	85	-41	-50
"K_3432 Lesja"	"2013"	2145	8	29	-21	30	78	-48	-69
"K_3432 Lesja"	"2014"	2076	23	28	-5	58	70	-12	-17
"K_3432 Lesja"	"2015"	2059	17	25	-8	68	64	4	-4
"K_3432 Lesja"	"2016"	2055	17	21	-4	75	78	-3	-7
"K_3432 Lesja"	"2017"	2048	23	22	1	54	65	-11	-10
"K_3432 Lesja"	"2018"	2038	13	33	-20	62	71	-9	-29
"K_3432 Lesja"	"2019"	2009	16	29	-13	68	89	-21	-34
"K_3432 Lesja"	"2020"	1975	18	23	-5	74	64	10	5
"K_3432 Lesja"	"2021"	1980	12	21	-9	70	57	13	6
"K_3432 Lesja"	"2022"	1986	14	25	-11	80	89	-9	-20
"K_3432 Lesja"	"2023"	1966	12	15	-3	76	56	20	17
"K_3432 Lesja"	"2024"	1983	..	..	..	..	..	..	..
"K_3433 Skjåk"	"1951"	3026	60	19	41	83	127	-44	-3
"K_3433 Skjåk"	"1952"	3023	57	23	34	36	72	-36	-2
"K_3433 Skjåk"	"1953"	3021	59	15	44	64	98	-34	10
"K_3433 Skjåk"	"1954"	3031	54	21	33	50	76	-26	7
"K_3433 Skjåk"	"1955"	3038	52	26	26	50	124	-74	-4
"K_3433 Skjåk"	"1956"	3034	48	24	24	73	131	-58	-34
"K_3433 Skjåk"	"1957"	3000	56	22	34	101	143	-42	-8
"K_3433 Skjåk"	"1958"	2992	45	21	24	44	90	-46	-22
"K_3433 Skjåk"	"1959"	2970	37	26	11	65	130	-65	-54
"K_3433 Skjåk"	"1960"	2916	45	25	20	94	131	-37	-49
"K_3433 Skjåk"	"1961"	2867	37	17	20	57	122	-65	-45
"K_3433 Skjåk"	"1962"	2822	43	38	5	68	116	-48	-43
"K_3433 Skjåk"	"1963"	2779	32	30	2	76	123	-47	-45
"K_3433 Skjåk"	"1964"	2734	41	38	3	75	119	-44	-41
"K_3433 Skjåk"	"1965"	2693	38	22	16	114	106	8	24
"K_3433 Skjåk"	"1966"	2717	29	35	-6	78	117	-39	-77
"K_3433 Skjåk"	"1967"	2640	46	33	13	104	122	-18	-5
"K_3433 Skjåk"	"1968"	2635	42	30	12	94	118	-24	-10
"K_3433 Skjåk"	"1969"	2625	34	23	11	90	114	-24	-14
"K_3433 Skjåk"	"1970"	2611	42	25	17	93	155	-62	-44
"K_3433 Skjåk"	"1971"	2567	30	28	2	76	93	-17	-16
"K_3433 Skjåk"	"1972"	2551	25	24	1	82	74	8	14
"K_3433 Skjåk"	"1973"	2565	32	23	9	83	76	7	17
"K_3433 Skjåk"	"1974"	2582	33	31	2	85	105	-20	-18
"K_3433 Skjåk"	"1975"	2564	31	25	6	114	83	31	37
"K_3433 Skjåk"	"1976"	2601	29	26	3	72	62	10	13
"K_3433 Skjåk"	"1977"	2614	31	36	-5	74	60	14	5
"K_3433 Skjåk"	"1978"	2619	39	27	12	89	83	6	15
"K_3433 Skjåk"	"1979"	2634	24	32	-8	70	72	-2	-11
"K_3433 Skjåk"	"1980"	2623	33	31	2	128	72	56	58
"K_3433 Skjåk"	"1981"	2681	28	34	-6	84	92	-8	-13
"K_3433 Skjåk"	"1982"	2668	33	39	-6	78	84	-6	-12
"K_3433 Skjåk"	"1983"	2656	31	20	11	108	83	25	36
"K_3433 Skjåk"	"1984"	2692	24	30	-6	53	77	-24	-30
"K_3433 Skjåk"	"1985"	2662	35	38	-3	87	61	26	26
"K_3433 Skjåk"	"1986"	2688	23	34	-11	65	67	-2	-15
"K_3433 Skjåk"	"1987"	2673	31	29	2	57	89	-32	-30
"K_3433 Skjåk"	"1988"	2643	29	36	-7	46	56	-10	-17
"K_3433 Skjåk"	"1989"	2626	28	31	-3	67	77	-10	-14
"K_3433 Skjåk"	"1990"	2612	26	35	-9	53	81	-28	-38
"K_3433 Skjåk"	"1991"	2574	26	46	-20	52	62	-10	-30
"K_3433 Skjåk"	"1992"	2544	18	32	-14	49	58	-9	-21
"K_3433 Skjåk"	"1993"	2523	24	33	-9	46	33	13	3
"K_3433 Skjåk"	"1994"	2526	31	32	-1	37	72	-35	-32
"K_3433 Skjåk"	"1995"	2494	30	34	-4	60	57	3	-5
"K_3433 Skjåk"	"1996"	2489	22	34	-12	45	69	-24	-36
"K_3433 Skjåk"	"1997"	2453	17	39	-22	53	74	-21	-43
"K_3433 Skjåk"	"1998"	2410	27	21	6	54	76	-22	-17
"K_3433 Skjåk"	"1999"	2393	17	39	-22	74	59	15	-7
"K_3433 Skjåk"	"2000"	2386	23	30	-7	69	59	10	3
"K_3433 Skjåk"	"2001"	2389	33	40	-7	65	57	8	0
"K_3433 Skjåk"	"2002"	2389	19	47	-28	73	36	37	10
"K_3433 Skjåk"	"2003"	2399	36	37	-1	65	69	-4	-6
"K_3433 Skjåk"	"2004"	2393	19	28	-9	60	50	10	1
"K_3433 Skjåk"	"2005"	2394	23	27	-4	55	69	-14	-18
"K_3433 Skjåk"	"2006"	2376	18	29	-11	47	83	-36	-47
"K_3433 Skjåk"	"2007"	2329	23	34	-11	67	56	11	2
"K_3433 Skjåk"	"2008"	2331	20	38	-18	53	59	-6	-24
"K_3433 Skjåk"	"2009"	2307	17	41	-24	41	59	-18	-42
"K_3433 Skjåk"	"2010"	2265	19	26	-7	91	50	41	34
"K_3433 Skjåk"	"2011"	2299	23	26	-3	83	71	12	8
"K_3433 Skjåk"	"2012"	2307	6	19	-13	60	75	-15	-28
"K_3433 Skjåk"	"2013"	2279	20	37	-17	65	62	3	-15
"K_3433 Skjåk"	"2014"	2264	20	22	-2	47	64	-17	-19
"K_3433 Skjåk"	"2015"	2245	17	24	-7	57	91	-34	-41
"K_3433 Skjåk"	"2016"	2204	21	23	-2	71	71	0	-2
"K_3433 Skjåk"	"2017"	2202	18	27	-9	68	82	-14	-23
"K_3433 Skjåk"	"2018"	2179	17	28	-11	84	48	36	25
"K_3433 Skjåk"	"2019"	2204	15	23	-8	69	68	1	-7
"K_3433 Skjåk"	"2020"	2197	15	23	-8	71	77	-6	-14
"K_3433 Skjåk"	"2021"	2183	20	35	-15	68	84	-16	-32
"K_3433 Skjåk"	"2022"	2151	15	30	-15	70	59	11	-4
"K_3433 Skjåk"	"2023"	2147	15	20	-5	74	76	-2	-6
"K_3433 Skjåk"	"2024"	2141	..	..	..	..	..	..	..
"K_3434 Lom"	"1951"	2991	55	22	33	78	121	-43	-10
"K_3434 Lom"	"1952"	2981	44	32	12	50	99	-49	-37
"K_3434 Lom"	"1953"	2944	72	27	45	82	154	-72	-27
"K_3434 Lom"	"1954"	2917	50	14	36	53	125	-72	-36
"K_3434 Lom"	"1955"	2881	62	22	40	58	113	-55	20
"K_3434 Lom"	"1956"	2901	65	32	33	70	126	-56	-23
"K_3434 Lom"	"1957"	2878	56	30	26	79	105	-26	0
"K_3434 Lom"	"1958"	2878	55	21	34	76	86	-10	24
"K_3434 Lom"	"1959"	2902	57	29	28	70	78	-8	20
"K_3434 Lom"	"1960"	2922	55	22	33	89	153	-64	-39
"K_3434 Lom"	"1961"	2883	40	27	13	91	136	-45	-32
"K_3434 Lom"	"1962"	2851	49	14	35	88	98	-10	25
"K_3434 Lom"	"1963"	2876	49	25	24	89	140	-51	-27
"K_3434 Lom"	"1964"	2849	37	33	4	108	126	-18	-14
"K_3434 Lom"	"1965"	2835	43	24	19	93	120	-27	-8
"K_3434 Lom"	"1966"	2827	43	27	16	105	108	-3	23
"K_3434 Lom"	"1967"	2850	49	26	23	75	106	-31	-8
"K_3434 Lom"	"1968"	2842	40	24	16	86	100	-14	4
"K_3434 Lom"	"1969"	2846	48	37	11	148	90	58	67
"K_3434 Lom"	"1970"	2913	37	31	6	105	120	-15	-17
"K_3434 Lom"	"1971"	2896	29	36	-7	93	72	21	12
"K_3434 Lom"	"1972"	2908	35	37	-2	89	129	-40	-43
"K_3434 Lom"	"1973"	2865	29	35	-6	78	112	-34	-39
"K_3434 Lom"	"1974"	2826	38	27	11	92	117	-25	-16
"K_3434 Lom"	"1975"	2810	36	27	9	140	121	19	24
"K_3434 Lom"	"1976"	2834	25	31	-6	78	118	-40	-46
"K_3434 Lom"	"1977"	2788	32	39	-7	106	109	-3	-9
"K_3434 Lom"	"1978"	2779	38	35	3	100	101	-1	2
"K_3434 Lom"	"1979"	2781	30	43	-13	64	77	-13	-27
"K_3434 Lom"	"1980"	2754	38	31	7	97	74	23	30
"K_3434 Lom"	"1981"	2784	29	25	4	94	98	-4	0
"K_3434 Lom"	"1982"	2784	40	27	13	86	78	8	21
"K_3434 Lom"	"1983"	2805	34	39	-5	74	98	-24	-30
"K_3434 Lom"	"1984"	2775	24	52	-28	75	59	16	-11
"K_3434 Lom"	"1985"	2764	26	40	-14	36	81	-45	-60
"K_3434 Lom"	"1986"	2704	34	33	1	84	82	2	5
"K_3434 Lom"	"1987"	2709	22	38	-16	66	90	-24	-41
"K_3434 Lom"	"1988"	2668	28	37	-9	85	80	5	-7
"K_3434 Lom"	"1989"	2661	29	34	-5	85	88	-3	-5
"K_3434 Lom"	"1990"	2656	33	27	6	69	80	-11	-5
"K_3434 Lom"	"1991"	2651	33	36	-3	70	90	-20	-22
"K_3434 Lom"	"1992"	2629	23	21	2	51	63	-12	-8
"K_3434 Lom"	"1993"	2621	36	42	-6	85	71	14	7
"K_3434 Lom"	"1994"	2628	28	40	-12	71	60	11	0
"K_3434 Lom"	"1995"	2628	36	27	9	91	97	-6	5
"K_3434 Lom"	"1996"	2633	32	41	-9	68	60	8	1
"K_3434 Lom"	"1997"	2634	19	35	-16	62	104	-42	-57
"K_3434 Lom"	"1998"	2577	22	40	-18	57	75	-18	-34
"K_3434 Lom"	"1999"	2543	24	32	-8	109	77	32	24
"K_3434 Lom"	"2000"	2567	33	41	-8	160	140	20	12
"K_3434 Lom"	"2001"	2579	27	37	-10	65	115	-50	-60
"K_3434 Lom"	"2002"	2519	23	45	-22	101	116	-15	-38
"K_3434 Lom"	"2003"	2481	29	29	0	132	118	14	15
"K_3434 Lom"	"2004"	2496	26	26	0	78	106	-28	-29
"K_3434 Lom"	"2005"	2467	23	25	-2	86	97	-11	-12
"K_3434 Lom"	"2006"	2455	25	40	-15	72	76	-4	-19
"K_3434 Lom"	"2007"	2436	14	28	-14	55	70	-15	-29
"K_3434 Lom"	"2008"	2407	23	29	-6	72	67	5	-1
"K_3434 Lom"	"2009"	2406	21	22	-1	65	60	5	4
"K_3434 Lom"	"2010"	2410	22	30	-8	75	76	-1	-9
"K_3434 Lom"	"2011"	2401	17	29	-12	80	87	-7	-19
"K_3434 Lom"	"2012"	2382	14	27	-13	57	62	-5	-18
"K_3434 Lom"	"2013"	2364	26	25	1	76	81	-5	-3
"K_3434 Lom"	"2014"	2361	19	36	-17	97	85	12	-5
"K_3434 Lom"	"2015"	2356	24	21	3	81	93	-12	-9
"K_3434 Lom"	"2016"	2347	29	22	7	80	75	5	13
"K_3434 Lom"	"2017"	2360	11	27	-16	73	86	-13	-29
"K_3434 Lom"	"2018"	2331	16	31	-15	62	85	-23	-38
"K_3434 Lom"	"2019"	2293	12	23	-11	68	122	-54	-65
"K_3434 Lom"	"2020"	2228	20	23	-3	77	98	-21	-24
"K_3434 Lom"	"2021"	2204	23	22	1	75	70	5	7
"K_3434 Lom"	"2022"	2211	14	30	-16	89	72	17	1
"K_3434 Lom"	"2023"	2212	19	32	-13	88	75	13	0
"K_3434 Lom"	"2024"	2212	..	..	..	..	..	..	..
"K_3435 Vågå"	"1951"	3950	76	39	37	129	164	-35	2
"K_3435 Vågå"	"1952"	3952	75	28	47	114	100	14	61
"K_3435 Vågå"	"1953"	4013	74	33	41	134	129	5	46
"K_3435 Vågå"	"1954"	4059	70	45	25	99	111	-12	13
"K_3435 Vågå"	"1955"	4072	75	40	35	111	134	-23	-38
"K_3435 Vågå"	"1956"	4034	68	36	32	80	149	-69	-37
"K_3435 Vågå"	"1957"	3997	65	35	30	112	161	-49	-19
"K_3435 Vågå"	"1958"	3978	58	41	17	106	145	-39	-22
"K_3435 Vågå"	"1959"	3956	66	34	32	102	134	-32	0
"K_3435 Vågå"	"1960"	3956	66	20	46	188	152	36	106
"K_3435 Vågå"	"1961"	4062	73	37	36	116	139	-23	13
"K_3435 Vågå"	"1962"	4075	65	34	31	145	158	-13	18
"K_3435 Vågå"	"1963"	4093	74	26	48	136	178	-42	6
"K_3435 Vågå"	"1964"	4099	81	36	45	98	166	-68	-23
"K_3435 Vågå"	"1965"	4041	71	32	39	116	172	-56	-17
"K_3435 Vågå"	"1966"	4024	56	36	20	127	141	-14	32
"K_3435 Vågå"	"1967"	4056	49	37	12	125	165	-40	-28
"K_3435 Vågå"	"1968"	4028	76	49	27	150	127	23	43
"K_3435 Vågå"	"1969"	4071	59	41	18	93	166	-73	-58
"K_3435 Vågå"	"1970"	4013	75	52	23	147	190	-43	-26
"K_3435 Vågå"	"1971"	3987	70	40	30	144	149	-5	24
"K_3435 Vågå"	"1972"	4011	60	46	14	152	140	12	28
"K_3435 Vågå"	"1973"	4039	53	46	7	139	140	-1	9
"K_3435 Vågå"	"1974"	4048	53	44	9	159	122	37	43
"K_3435 Vågå"	"1975"	4091	53	41	12	130	165	-35	-22
"K_3435 Vågå"	"1976"	4069	49	39	10	140	162	-22	-13
"K_3435 Vågå"	"1977"	4056	43	37	6	95	112	-17	-10
"K_3435 Vågå"	"1978"	4046	29	54	-25	150	119	31	6
"K_3435 Vågå"	"1979"	4052	50	52	-2	130	123	7	6
"K_3435 Vågå"	"1980"	4058	38	33	5	117	118	-1	3
"K_3435 Vågå"	"1981"	4061	55	42	13	123	95	28	41
"K_3435 Vågå"	"1982"	4102	45	52	-7	157	101	56	49
"K_3435 Vågå"	"1983"	4151	49	38	11	101	107	-6	3
"K_3435 Vågå"	"1984"	4154	51	54	-3	83	100	-17	-19
"K_3435 Vågå"	"1985"	4135	39	56	-17	105	122	-17	-34
"K_3435 Vågå"	"1986"	4101	33	45	-12	70	109	-39	-53
"K_3435 Vågå"	"1987"	4048	42	45	-3	87	87	0	-1
"K_3435 Vågå"	"1988"	4047	33	51	-18	85	106	-21	-38
"K_3435 Vågå"	"1989"	4009	38	58	-20	102	119	-17	-35
"K_3435 Vågå"	"1990"	3974	45	59	-14	95	110	-15	-29
"K_3435 Vågå"	"1991"	3945	38	53	-15	84	97	-13	-30
"K_3435 Vågå"	"1992"	3915	40	38	2	93	73	20	21
"K_3435 Vågå"	"1993"	3936	34	43	-9	79	85	-6	-12
"K_3435 Vågå"	"1994"	3924	39	50	-11	110	117	-7	-17
"K_3435 Vågå"	"1995"	3907	46	50	-4	115	101	14	11
"K_3435 Vågå"	"1996"	3918	48	39	9	75	114	-39	-30
"K_3435 Vågå"	"1997"	3888	44	50	-6	87	101	-14	-20
"K_3435 Vågå"	"1998"	3868	41	54	-13	113	130	-17	-32
"K_3435 Vågå"	"1999"	3836	37	38	-1	77	94	-17	-18
"K_3435 Vågå"	"2000"	3818	49	48	1	128	113	15	15
"K_3435 Vågå"	"2001"	3833	40	47	-7	87	101	-14	-20
"K_3435 Vågå"	"2002"	3813	45	47	-2	114	124	-10	-12
"K_3435 Vågå"	"2003"	3801	37	45	-8	80	74	6	-1
"K_3435 Vågå"	"2004"	3800	26	53	-27	90	90	0	-27
"K_3435 Vågå"	"2005"	3773	41	51	-10	108	104	4	-7
"K_3435 Vågå"	"2006"	3766	44	44	0	78	119	-41	-42
"K_3435 Vågå"	"2007"	3724	35	59	-24	126	109	17	-7
"K_3435 Vågå"	"2008"	3717	33	44	-11	80	79	1	-10
"K_3435 Vågå"	"2009"	3707	28	34	-6	106	85	21	15
"K_3435 Vågå"	"2010"	3722	42	36	6	109	119	-10	-4
"K_3435 Vågå"	"2011"	3718	41	61	-20	134	93	41	21
"K_3435 Vågå"	"2012"	3739	42	46	-4	97	116	-19	-23
"K_3435 Vågå"	"2013"	3716	30	43	-13	103	120	-17	-30
"K_3435 Vågå"	"2014"	3686	28	56	-28	108	91	17	-11
"K_3435 Vågå"	"2015"	3675	26	42	-16	119	114	5	-11
"K_3435 Vågå"	"2016"	3664	19	49	-30	115	110	5	-24
"K_3435 Vågå"	"2017"	3640	31	62	-31	123	94	29	-2
"K_3435 Vågå"	"2018"	3638	29	50	-21	109	141	-32	-49
"K_3435 Vågå"	"2019"	3589	30	36	-6	106	119	-13	-19
"K_3435 Vågå"	"2020"	3570	31	44	-13	124	119	5	-6
"K_3435 Vågå"	"2021"	3564	36	34	2	134	108	26	27
"K_3435 Vågå"	"2022"	3591	27	49	-22	87	119	-32	-59
"K_3435 Vågå"	"2023"	3532	30	43	-13	143	132	11	-1
"K_3435 Vågå"	"2024"	3531	..	..	..	..	..	..	..
"K_3436 Nord-Fron"	"1951"	5923	94	37	57	318	279	39	96
"K_3436 Nord-Fron"	"1952"	6019	134	49	85	178	221	-43	42
"K_3436 Nord-Fron"	"1953"	6061	122	53	69	272	384	-112	-43
"K_3436 Nord-Fron"	"1954"	6018	111	50	61	187	306	-119	-58
"K_3436 Nord-Fron"	"1955"	5960	133	43	90	267	289	-22	-4
"K_3436 Nord-Fron"	"1956"	5956	112	36	76	302	289	13	89
"K_3436 Nord-Fron"	"1957"	6045	107	52	55	290	332	-42	13
"K_3436 Nord-Fron"	"1958"	6058	126	43	83	243	286	-43	40
"K_3436 Nord-Fron"	"1959"	6098	116	43	73	234	314	-80	-7
"K_3436 Nord-Fron"	"1960"	6091	94	61	33	232	296	-64	-19
"K_3436 Nord-Fron"	"1961"	6072	100	42	58	218	239	-21	37
"K_3436 Nord-Fron"	"1962"	6109	91	65	26	261	322	-61	-35
"K_3436 Nord-Fron"	"1963"	6074	116	54	62	209	277	-68	-6
"K_3436 Nord-Fron"	"1964"	6068	100	54	46	256	261	-5	41
"K_3436 Nord-Fron"	"1965"	5696	110	41	69	257	264	-7	62
"K_3436 Nord-Fron"	"1966"	0	0	0	0	0	0	0	0
"K_3436 Nord-Fron"	"1967"	0	0	0	0	0	0	0	0
"K_3436 Nord-Fron"	"1968"	0	0	0	0	0	0	0	0
"K_3436 Nord-Fron"	"1969"	0	0	0	0	0	0	0	0
"K_3436 Nord-Fron"	"1970"	0	0	0	0	0	0	0	0
"K_3436 Nord-Fron"	"1971"	0	0	0	0	0	0	0	0
"K_3436 Nord-Fron"	"1972"	0	0	0	0	0	0	0	0
"K_3436 Nord-Fron"	"1973"	0	0	0	0	0	0	0	0
"K_3436 Nord-Fron"	"1974"	0	0	0	0	0	0	0	0
"K_3436 Nord-Fron"	"1975"	0	0	0	0	0	0	0	0
"K_3436 Nord-Fron"	"1976"	0	0	0	0	0	0	0	0
"K_3436 Nord-Fron"	"1977"	6131	59	60	-1	279	230	49	48
"K_3436 Nord-Fron"	"1978"	6179	67	48	19	260	236	24	43
"K_3436 Nord-Fron"	"1979"	6222	77	57	20	231	209	22	42
"K_3436 Nord-Fron"	"1980"	6264	68	51	17	220	209	11	28
"K_3436 Nord-Fron"	"1981"	6292	61	62	-1	219	156	63	62
"K_3436 Nord-Fron"	"1982"	6354	70	73	-3	236	198	38	33
"K_3436 Nord-Fron"	"1983"	6387	52	73	-21	199	195	4	-18
"K_3436 Nord-Fron"	"1984"	6369	53	65	-12	181	238	-57	-67
"K_3436 Nord-Fron"	"1985"	6302	67	68	-1	151	185	-34	-31
"K_3436 Nord-Fron"	"1986"	6271	65	83	-18	167	187	-20	-38
"K_3436 Nord-Fron"	"1987"	6233	64	72	-8	207	199	8	-4
"K_3436 Nord-Fron"	"1988"	6229	68	66	2	252	211	41	45
"K_3436 Nord-Fron"	"1989"	6274	63	73	-10	205	278	-73	-82
"K_3436 Nord-Fron"	"1990"	6192	74	78	-4	199	219	-20	-25
"K_3436 Nord-Fron"	"1991"	6167	72	69	3	201	203	-2	6
"K_3436 Nord-Fron"	"1992"	6173	68	58	10	150	221	-71	-64
"K_3436 Nord-Fron"	"1993"	6109	75	73	2	170	187	-17	-15
"K_3436 Nord-Fron"	"1994"	6094	64	64	0	202	195	7	8
"K_3436 Nord-Fron"	"1995"	6102	65	80	-15	185	231	-46	-63
"K_3436 Nord-Fron"	"1996"	6039	55	83	-28	163	172	-9	-37
"K_3436 Nord-Fron"	"1997"	6002	67	75	-8	175	166	9	1
"K_3436 Nord-Fron"	"1998"	6003	64	84	-20	191	194	-3	-25
"K_3436 Nord-Fron"	"1999"	5978	84	77	7	178	210	-32	-25
"K_3436 Nord-Fron"	"2000"	5953	71	74	-3	214	214	0	-5
"K_3436 Nord-Fron"	"2001"	5948	55	69	-14	155	203	-48	-62
"K_3436 Nord-Fron"	"2002"	5886	74	75	-1	177	173	4	4
"K_3436 Nord-Fron"	"2003"	5890	50	69	-19	244	190	54	36
"K_3436 Nord-Fron"	"2004"	5926	65	65	0	195	223	-28	-30
"K_3436 Nord-Fron"	"2005"	5896	59	74	-15	165	200	-35	-53
"K_3436 Nord-Fron"	"2006"	5843	50	63	-13	147	186	-39	-53
"K_3436 Nord-Fron"	"2007"	5790	52	70	-18	197	173	24	3
"K_3436 Nord-Fron"	"2008"	5793	65	62	3	189	187	2	7
"K_3436 Nord-Fron"	"2009"	5800	52	63	-11	202	191	11	0
"K_3436 Nord-Fron"	"2010"	5800	52	76	-24	265	206	59	34
"K_3436 Nord-Fron"	"2011"	5834	52	58	-6	183	181	2	-4
"K_3436 Nord-Fron"	"2012"	5830	56	52	4	198	206	-8	-3
"K_3436 Nord-Fron"	"2013"	5827	58	72	-14	199	245	-46	-62
"K_3436 Nord-Fron"	"2014"	5765	44	62	-18	218	211	7	-11
"K_3436 Nord-Fron"	"2015"	5754	37	68	-31	235	216	19	-13
"K_3436 Nord-Fron"	"2016"	5741	55	61	-6	201	213	-12	-18
"K_3436 Nord-Fron"	"2017"	5723	35	58	-23	236	208	28	5
"K_3436 Nord-Fron"	"2018"	5728	45	55	-10	214	190	24	14
"K_3436 Nord-Fron"	"2019"	5742	45	60	-15	193	197	-4	-19
"K_3436 Nord-Fron"	"2020"	5723	42	53	-11	223	230	-7	-18
"K_3436 Nord-Fron"	"2021"	5705	40	77	-37	248	285	-37	-77
"K_3436 Nord-Fron"	"2022"	5628	31	71	-40	303	301	2	-39
"K_3436 Nord-Fron"	"2023"	5589	37	72	-35	390	359	31	-3
"K_3436 Nord-Fron"	"2024"	5586	..	..	..	..	..	..	..
"K_3437 Sel"	"1951"	4946	98	41	57	233	238	-5	52
"K_3437 Sel"	"1952"	4998	102	41	61	129	155	-26	35
"K_3437 Sel"	"1953"	5033	98	43	55	142	205	-63	-8
"K_3437 Sel"	"1954"	5025	104	39	65	160	188	-28	37
"K_3437 Sel"	"1955"	5062	108	44	64	198	194	4	61
"K_3437 Sel"	"1956"	5123	112	37	75	206	212	-6	69
"K_3437 Sel"	"1957"	5192	100	48	52	218	225	-7	45
"K_3437 Sel"	"1958"	5237	109	42	67	212	203	9	76
"K_3437 Sel"	"1959"	5313	105	43	62	166	219	-53	9
"K_3437 Sel"	"1960"	5322	90	56	34	190	254	-64	-26
"K_3437 Sel"	"1961"	5296	108	43	65	173	209	-36	29
"K_3437 Sel"	"1962"	5325	93	27	66	159	203	-44	22
"K_3437 Sel"	"1963"	5347	98	47	51	220	238	-18	33
"K_3437 Sel"	"1964"	5380	99	23	76	177	215	-38	38
"K_3437 Sel"	"1965"	5866	94	54	40	232	214	18	58
"K_3437 Sel"	"1966"	5924	118	41	77	242	260	-18	115
"K_3437 Sel"	"1967"	6039	114	38	76	244	221	23	99
"K_3437 Sel"	"1968"	6138	98	53	45	223	222	1	23
"K_3437 Sel"	"1969"	6161	117	58	59	276	229	47	100
"K_3437 Sel"	"1970"	6261	105	54	51	357	347	10	-7
"K_3437 Sel"	"1971"	6254	119	60	59	309	276	33	112
"K_3437 Sel"	"1972"	6366	113	55	58	271	251	20	86
"K_3437 Sel"	"1973"	6452	114	58	56	221	231	-10	44
"K_3437 Sel"	"1974"	6496	90	53	37	256	265	-9	25
"K_3437 Sel"	"1975"	6521	99	57	42	246	273	-27	12
"K_3437 Sel"	"1976"	6533	69	76	-7	228	191	37	30
"K_3437 Sel"	"1977"	6563	86	63	23	248	245	3	27
"K_3437 Sel"	"1978"	6590	82	71	11	296	209	87	99
"K_3437 Sel"	"1979"	6689	91	73	18	198	203	-5	14
"K_3437 Sel"	"1980"	6703	66	53	13	228	233	-5	8
"K_3437 Sel"	"1981"	6711	87	58	29	181	212	-31	-1
"K_3437 Sel"	"1982"	6710	73	81	-8	216	228	-12	-23
"K_3437 Sel"	"1983"	6687	88	61	27	164	217	-53	-26
"K_3437 Sel"	"1984"	6661	67	50	17	163	236	-73	-55
"K_3437 Sel"	"1985"	6606	62	64	-2	202	225	-23	-28
"K_3437 Sel"	"1986"	6578	72	90	-18	154	181	-27	-43
"K_3437 Sel"	"1987"	6535	73	93	-20	248	261	-13	-33
"K_3437 Sel"	"1988"	6502	63	87	-24	179	216	-37	-57
"K_3437 Sel"	"1989"	6445	71	68	3	194	238	-44	-54
"K_3437 Sel"	"1990"	6391	71	88	-17	186	178	8	-10
"K_3437 Sel"	"1991"	6381	78	78	0	165	191	-26	-29
"K_3437 Sel"	"1992"	6352	74	78	-4	185	191	-6	-11
"K_3437 Sel"	"1993"	6341	82	71	11	193	179	14	25
"K_3437 Sel"	"1994"	6366	73	74	-1	156	181	-25	-28
"K_3437 Sel"	"1995"	6338	83	72	11	199	227	-28	-16
"K_3437 Sel"	"1996"	6322	71	72	-1	179	203	-24	-23
"K_3437 Sel"	"1997"	6299	92	64	28	177	221	-44	-15
"K_3437 Sel"	"1998"	6284	76	63	13	153	214	-61	-53
"K_3437 Sel"	"1999"	6231	68	59	9	228	195	33	42
"K_3437 Sel"	"2000"	6273	79	61	18	218	281	-63	-45
"K_3437 Sel"	"2001"	6228	68	67	1	133	201	-68	-66
"K_3437 Sel"	"2002"	6162	63	76	-13	171	225	-54	-60
"K_3437 Sel"	"2003"	6102	57	60	-3	180	190	-10	-14
"K_3437 Sel"	"2004"	6088	47	55	-8	165	184	-19	-29
"K_3437 Sel"	"2005"	6059	61	63	-2	184	161	23	24
"K_3437 Sel"	"2006"	6083	66	53	13	183	179	4	16
"K_3437 Sel"	"2007"	6099	58	71	-13	161	242	-81	-94
"K_3437 Sel"	"2008"	6005	62	66	-4	181	169	12	10
"K_3437 Sel"	"2009"	6015	58	70	-12	181	185	-4	-16
"K_3437 Sel"	"2010"	5999	57	57	0	225	218	7	5
"K_3437 Sel"	"2011"	6004	52	71	-19	267	260	7	-12
"K_3437 Sel"	"2012"	5992	49	74	-25	233	248	-15	-40
"K_3437 Sel"	"2013"	5952	38	69	-31	303	250	53	22
"K_3437 Sel"	"2014"	5974	52	66	-14	249	245	4	-9
"K_3437 Sel"	"2015"	5965	58	65	-7	269	292	-23	-30
"K_3437 Sel"	"2016"	5935	43	59	-16	260	262	-2	-19
"K_3437 Sel"	"2017"	5916	51	67	-16	209	237	-28	-44
"K_3437 Sel"	"2018"	5872	37	62	-25	162	220	-58	-83
"K_3437 Sel"	"2019"	5789	49	71	-22	172	200	-28	-50
"K_3437 Sel"	"2020"	5739	33	67	-34	193	305	-112	-147
"K_3437 Sel"	"2021"	5592	30	62	-32	179	207	-28	-61
"K_3437 Sel"	"2022"	5531	44	62	-18	231	177	54	36
"K_3437 Sel"	"2023"	5567	46	67	-21	784	574	210	189
"K_3437 Sel"	"2024"	5756	..	..	..	..	..	..	..
"K_3438 Sør-Fron"	"1951"	3609	87	36	51	100	143	-43	8
"K_3438 Sør-Fron"	"1952"	3617	64	33	31	118	148	-30	1
"K_3438 Sør-Fron"	"1953"	3618	78	35	43	104	142	-38	5
"K_3438 Sør-Fron"	"1954"	3623	66	20	46	139	159	-20	26
"K_3438 Sør-Fron"	"1955"	3649	53	30	23	162	172	-10	31
"K_3438 Sør-Fron"	"1956"	3680	73	30	43	116	196	-80	-44
"K_3438 Sør-Fron"	"1957"	3643	43	27	16	153	195	-42	-26
"K_3438 Sør-Fron"	"1958"	3617	77	35	42	171	179	-8	34
"K_3438 Sør-Fron"	"1959"	3651	62	34	28	173	197	-24	4
"K_3438 Sør-Fron"	"1960"	3655	67	52	15	194	221	-27	9
"K_3438 Sør-Fron"	"1961"	3664	43	34	9	173	160	13	22
"K_3438 Sør-Fron"	"1962"	3686	60	30	30	126	180	-54	-24
"K_3438 Sør-Fron"	"1963"	3662	70	36	34	147	153	-6	28
"K_3438 Sør-Fron"	"1964"	3690	44	36	8	144	179	-35	-27
"K_3438 Sør-Fron"	"1965"	3663	63	43	20	160	195	-35	-15
"K_3438 Sør-Fron"	"1966"	0	0	0	0	0	0	0	0
"K_3438 Sør-Fron"	"1967"	0	0	0	0	0	0	0	0
"K_3438 Sør-Fron"	"1968"	0	0	0	0	0	0	0	0
"K_3438 Sør-Fron"	"1969"	0	0	0	0	0	0	0	0
"K_3438 Sør-Fron"	"1970"	0	0	0	0	0	0	0	0
"K_3438 Sør-Fron"	"1971"	0	0	0	0	0	0	0	0
"K_3438 Sør-Fron"	"1972"	0	0	0	0	0	0	0	0
"K_3438 Sør-Fron"	"1973"	0	0	0	0	0	0	0	0
"K_3438 Sør-Fron"	"1974"	0	0	0	0	0	0	0	0
"K_3438 Sør-Fron"	"1975"	0	0	0	0	0	0	0	0
"K_3438 Sør-Fron"	"1976"	0	0	0	0	0	0	0	0
"K_3438 Sør-Fron"	"1977"	3509	23	37	-14	134	117	17	3
"K_3438 Sør-Fron"	"1978"	3512	27	41	-14	162	127	35	21
"K_3438 Sør-Fron"	"1979"	3533	24	39	-15	165	129	36	21
"K_3438 Sør-Fron"	"1980"	3554	37	46	-9	155	116	39	30
"K_3438 Sør-Fron"	"1981"	3584	35	43	-8	153	111	42	34
"K_3438 Sør-Fron"	"1982"	3618	35	42	-7	138	126	12	5
"K_3438 Sør-Fron"	"1983"	3623	45	40	5	119	165	-46	-41
"K_3438 Sør-Fron"	"1984"	3582	39	47	-8	175	144	31	21
"K_3438 Sør-Fron"	"1985"	3603	35	45	-10	80	143	-63	-72
"K_3438 Sør-Fron"	"1986"	3531	30	42	-12	136	128	8	-5
"K_3438 Sør-Fron"	"1987"	3526	35	44	-9	128	157	-29	-38
"K_3438 Sør-Fron"	"1988"	3488	37	37	0	135	130	5	2
"K_3438 Sør-Fron"	"1989"	3490	38	46	-8	157	153	4	-4
"K_3438 Sør-Fron"	"1990"	3486	51	54	-3	164	154	10	7
"K_3438 Sør-Fron"	"1991"	3493	38	39	-1	113	125	-12	-7
"K_3438 Sør-Fron"	"1992"	3486	44	54	-10	90	104	-14	-24
"K_3438 Sør-Fron"	"1993"	3462	40	57	-17	119	97	22	2
"K_3438 Sør-Fron"	"1994"	3464	34	59	-25	124	135	-11	-34
"K_3438 Sør-Fron"	"1995"	3430	41	51	-10	119	136	-17	-26
"K_3438 Sør-Fron"	"1996"	3404	37	33	4	110	136	-26	-22
"K_3438 Sør-Fron"	"1997"	3382	36	49	-13	123	136	-13	-27
"K_3438 Sør-Fron"	"1998"	3355	40	54	-14	176	153	23	9
"K_3438 Sør-Fron"	"1999"	3364	33	50	-17	100	125	-25	-42
"K_3438 Sør-Fron"	"2000"	3322	46	39	7	119	111	8	15
"K_3438 Sør-Fron"	"2001"	3337	30	45	-15	132	131	1	-14
"K_3438 Sør-Fron"	"2002"	3323	40	35	5	121	113	8	12
"K_3438 Sør-Fron"	"2003"	3335	30	40	-10	86	120	-34	-43
"K_3438 Sør-Fron"	"2004"	3292	30	46	-16	109	115	-6	-21
"K_3438 Sør-Fron"	"2005"	3271	29	35	-6	113	147	-34	-40
"K_3438 Sør-Fron"	"2006"	3231	25	38	-13	97	116	-19	-32
"K_3438 Sør-Fron"	"2007"	3199	27	43	-16	115	128	-13	-29
"K_3438 Sør-Fron"	"2008"	3170	33	36	-3	133	117	16	13
"K_3438 Sør-Fron"	"2009"	3183	28	41	-13	125	120	5	-8
"K_3438 Sør-Fron"	"2010"	3175	46	26	20	144	128	16	37
"K_3438 Sør-Fron"	"2011"	3212	31	44	-13	165	153	12	-4
"K_3438 Sør-Fron"	"2012"	3208	30	51	-21	129	122	7	-15
"K_3438 Sør-Fron"	"2013"	3193	31	41	-10	152	144	8	-2
"K_3438 Sør-Fron"	"2014"	3191	31	35	-4	163	145	18	13
"K_3438 Sør-Fron"	"2015"	3204	23	44	-21	129	159	-30	-50
"K_3438 Sør-Fron"	"2016"	3154	24	37	-13	140	119	21	9
"K_3438 Sør-Fron"	"2017"	3163	21	41	-20	134	131	3	-17
"K_3438 Sør-Fron"	"2018"	3146	28	39	-11	99	107	-8	-19
"K_3438 Sør-Fron"	"2019"	3127	25	28	-3	127	132	-5	-8
"K_3438 Sør-Fron"	"2020"	3119	22	38	-16	105	144	-39	-55
"K_3438 Sør-Fron"	"2021"	3064	24	40	-16	157	141	16	0
"K_3438 Sør-Fron"	"2022"	3064	17	30	-13	635	450	185	176
"K_3438 Sør-Fron"	"2023"	3240	22	27	-5	262	377	-115	-121
"K_3438 Sør-Fron"	"2024"	3119	..	..	..	..	..	..	..
"K_3439 Ringebu"	"1951"	5683	100	43	57	217	247	-30	27
"K_3439 Ringebu"	"1952"	5710	110	43	67	137	187	-50	17
"K_3439 Ringebu"	"1953"	5727	83	50	33	202	243	-41	-8
"K_3439 Ringebu"	"1954"	5719	91	44	47	161	237	-76	-29
"K_3439 Ringebu"	"1955"	5690	90	55	35	200	219	-19	-48
"K_3439 Ringebu"	"1956"	5642	85	46	39	202	259	-57	-18
"K_3439 Ringebu"	"1957"	5624	92	50	42	243	304	-61	-19
"K_3439 Ringebu"	"1958"	5605	87	54	33	201	275	-74	-41
"K_3439 Ringebu"	"1959"	5564	98	50	48	222	257	-35	13
"K_3439 Ringebu"	"1960"	5577	93	54	39	215	317	-102	12
"K_3439 Ringebu"	"1961"	5589	67	56	11	204	301	-97	-86
"K_3439 Ringebu"	"1962"	5503	86	42	44	226	289	-63	-19
"K_3439 Ringebu"	"1963"	5484	92	57	35	185	252	-67	-32
"K_3439 Ringebu"	"1964"	5452	82	55	27	166	197	-31	-4
"K_3439 Ringebu"	"1965"	5448	91	48	43	159	254	-95	-52
"K_3439 Ringebu"	"1966"	5396	76	51	25	198	222	-24	-14
"K_3439 Ringebu"	"1967"	5382	72	55	17	203	202	1	18
"K_3439 Ringebu"	"1968"	5400	75	52	23	166	280	-114	-81
"K_3439 Ringebu"	"1969"	5319	79	65	14	202	263	-61	-49
"K_3439 Ringebu"	"1970"	5270	72	62	10	201	251	-50	-44
"K_3439 Ringebu"	"1971"	5226	67	59	8	236	157	79	88
"K_3439 Ringebu"	"1972"	5314	67	55	12	184	193	-9	3
"K_3439 Ringebu"	"1973"	5317	54	77	-23	219	189	30	8
"K_3439 Ringebu"	"1974"	5325	57	65	-8	200	187	13	1
"K_3439 Ringebu"	"1975"	5326	53	92	-39	250	175	75	35
"K_3439 Ringebu"	"1976"	5361	53	86	-33	193	174	19	-15
"K_3439 Ringebu"	"1977"	5346	53	80	-27	197	193	4	-18
"K_3439 Ringebu"	"1978"	5328	46	60	-14	256	150	106	92
"K_3439 Ringebu"	"1979"	5420	50	49	1	152	176	-24	-14
"K_3439 Ringebu"	"1980"	5406	60	82	-22	224	163	61	38
"K_3439 Ringebu"	"1981"	5444	48	81	-33	171	168	3	-29
"K_3439 Ringebu"	"1982"	5415	51	68	-17	180	185	-5	-22
"K_3439 Ringebu"	"1983"	5393	47	71	-24	133	166	-33	-58
"K_3439 Ringebu"	"1984"	5335	57	84	-27	97	150	-53	-81
"K_3439 Ringebu"	"1985"	5254	63	68	-5	142	159	-17	-19
"K_3439 Ringebu"	"1986"	5235	59	67	-8	110	138	-28	-35
"K_3439 Ringebu"	"1987"	5200	49	70	-21	193	160	33	12
"K_3439 Ringebu"	"1988"	5212	51	64	-13	159	158	1	-9
"K_3439 Ringebu"	"1989"	5203	43	62	-19	166	151	15	-3
"K_3439 Ringebu"	"1990"	5200	55	71	-16	171	174	-3	-18
"K_3439 Ringebu"	"1991"	5182	61	79	-18	172	175	-3	-22
"K_3439 Ringebu"	"1992"	5160	45	87	-42	108	176	-68	-110
"K_3439 Ringebu"	"1993"	5050	50	66	-16	115	128	-13	-29
"K_3439 Ringebu"	"1994"	5021	54	108	-54	147	154	-7	-61
"K_3439 Ringebu"	"1995"	4960	51	74	-23	149	195	-46	-71
"K_3439 Ringebu"	"1996"	4889	53	62	-9	139	159	-20	-26
"K_3439 Ringebu"	"1997"	4863	59	60	-1	121	143	-22	-23
"K_3439 Ringebu"	"1998"	4840	39	70	-31	141	148	-7	-41
"K_3439 Ringebu"	"1999"	4799	52	78	-26	158	180	-22	-47
"K_3439 Ringebu"	"2000"	4752	52	71	-19	179	176	3	-16
"K_3439 Ringebu"	"2001"	4736	41	66	-25	144	163	-19	-44
"K_3439 Ringebu"	"2002"	4692	45	80	-35	171	185	-14	-48
"K_3439 Ringebu"	"2003"	4644	41	57	-16	163	181	-18	-33
"K_3439 Ringebu"	"2004"	4611	43	65	-22	150	155	-5	-25
"K_3439 Ringebu"	"2005"	4586	43	68	-25	181	176	5	-20
"K_3439 Ringebu"	"2006"	4566	38	59	-21	195	183	12	-9
"K_3439 Ringebu"	"2007"	4557	41	73	-32	189	182	7	-25
"K_3439 Ringebu"	"2008"	4532	39	73	-34	161	123	38	5
"K_3439 Ringebu"	"2009"	4537	44	67	-23	204	178	26	3
"K_3439 Ringebu"	"2010"	4540	38	68	-30	228	185	43	16
"K_3439 Ringebu"	"2011"	4556	45	49	-4	231	220	11	5
"K_3439 Ringebu"	"2012"	4561	37	53	-16	133	181	-48	-65
"K_3439 Ringebu"	"2013"	4496	46	54	-8	219	211	8	-1
"K_3439 Ringebu"	"2014"	4495	30	47	-17	195	213	-18	-36
"K_3439 Ringebu"	"2015"	4459	33	54	-21	248	225	23	3
"K_3439 Ringebu"	"2016"	4462	38	41	-3	248	206	42	40
"K_3439 Ringebu"	"2017"	4502	32	51	-19	189	219	-30	-48
"K_3439 Ringebu"	"2018"	4454	33	55	-22	145	152	-7	-29
"K_3439 Ringebu"	"2019"	4425	28	53	-25	164	173	-9	-33
"K_3439 Ringebu"	"2020"	4392	50	40	10	185	180	5	16
"K_3439 Ringebu"	"2021"	4408	41	45	-4	207	225	-18	-23
"K_3439 Ringebu"	"2022"	4385	35	56	-21	218	164	54	31
"K_3439 Ringebu"	"2023"	4416	43	70	-27	232	208	24	-3
"K_3439 Ringebu"	"2024"	4413	..	..	..	..	..	..	..
"K_3440 Øyer"	"1951"	3787	61	29	32	171	181	-10	22
"K_3440 Øyer"	"1952"	3809	63	20	43	154	172	-18	25
"K_3440 Øyer"	"1953"	3834	75	25	50	157	182	-25	25
"K_3440 Øyer"	"1954"	3859	66	30	36	125	213	-88	-52
"K_3440 Øyer"	"1955"	3807	70	34	36	156	167	-11	24
"K_3440 Øyer"	"1956"	3831	82	33	49	219	245	-26	23
"K_3440 Øyer"	"1957"	3854	76	36	40	239	270	-31	9
"K_3440 Øyer"	"1958"	3863	80	35	45	198	200	-2	43
"K_3440 Øyer"	"1959"	3906	60	39	21	160	202	-42	-21
"K_3440 Øyer"	"1960"	3885	68	38	30	226	227	-1	27
"K_3440 Øyer"	"1961"	3912	46	37	9	206	220	-14	-5
"K_3440 Øyer"	"1962"	3907	55	27	28	162	233	-71	-43
"K_3440 Øyer"	"1963"	3864	62	38	24	203	266	-63	-39
"K_3440 Øyer"	"1964"	3825	55	48	7	145	168	-23	-16
"K_3440 Øyer"	"1965"	3809	53	46	7	191	177	14	21
"K_3440 Øyer"	"1966"	3830	66	52	14	166	201	-35	-17
"K_3440 Øyer"	"1967"	3813	66	42	24	171	173	-2	22
"K_3440 Øyer"	"1968"	3835	67	36	31	173	184	-11	21
"K_3440 Øyer"	"1969"	3856	67	34	33	212	147	65	94
"K_3440 Øyer"	"1970"	3950	61	43	18	198	273	-75	-69
"K_3440 Øyer"	"1971"	3881	48	44	4	317	159	158	166
"K_3440 Øyer"	"1972"	4047	55	48	7	306	160	146	150
"K_3440 Øyer"	"1973"	4197	72	49	23	273	191	82	105
"K_3440 Øyer"	"1974"	4302	57	56	1	237	145	92	93
"K_3440 Øyer"	"1975"	4395	51	42	9	187	224	-37	-39
"K_3440 Øyer"	"1976"	4356	50	32	18	180	192	-12	6
"K_3440 Øyer"	"1977"	4362	48	31	17	231	208	23	41
"K_3440 Øyer"	"1978"	4403	45	42	3	205	169	36	39
"K_3440 Øyer"	"1979"	4442	55	56	-1	141	161	-20	-21
"K_3440 Øyer"	"1980"	4421	56	39	17	191	167	24	40
"K_3440 Øyer"	"1981"	4461	49	55	-6	192	189	3	-3
"K_3440 Øyer"	"1982"	4458	36	57	-21	193	155	38	17
"K_3440 Øyer"	"1983"	4475	54	40	14	202	161	41	56
"K_3440 Øyer"	"1984"	4531	50	50	0	166	201	-35	-35
"K_3440 Øyer"	"1985"	4496	43	51	-8	156	145	11	11
"K_3440 Øyer"	"1986"	4507	54	51	3	143	183	-40	-37
"K_3440 Øyer"	"1987"	4470	35	48	-13	323	234	89	78
"K_3440 Øyer"	"1988"	4548	58	55	3	277	394	-117	-118
"K_3440 Øyer"	"1989"	4430	65	45	20	221	148	73	91
"K_3440 Øyer"	"1990"	4521	56	49	7	261	203	58	65
"K_3440 Øyer"	"1991"	4586	54	54	0	218	204	14	15
"K_3440 Øyer"	"1992"	4601	64	63	1	184	162	22	29
"K_3440 Øyer"	"1993"	4630	58	52	6	229	175	54	58
"K_3440 Øyer"	"1994"	4688	67	42	25	385	392	-7	18
"K_3440 Øyer"	"1995"	4706	56	43	13	205	208	-3	9
"K_3440 Øyer"	"1996"	4715	58	44	14	197	175	22	37
"K_3440 Øyer"	"1997"	4752	60	50	10	281	177	104	114
"K_3440 Øyer"	"1998"	4866	57	49	8	205	238	-33	-24
"K_3440 Øyer"	"1999"	4842	53	60	-7	209	186	23	17
"K_3440 Øyer"	"2000"	4859	44	58	-14	244	245	-1	-16
"K_3440 Øyer"	"2001"	4843	51	42	9	263	191	72	81
"K_3440 Øyer"	"2002"	4924	49	43	6	161	199	-38	-33
"K_3440 Øyer"	"2003"	4891	30	49	-19	190	191	-1	-21
"K_3440 Øyer"	"2004"	4870	40	54	-14	185	202	-17	-30
"K_3440 Øyer"	"2005"	4840	49	38	11	205	202	3	14
"K_3440 Øyer"	"2006"	4854	51	58	-7	217	174	43	39
"K_3440 Øyer"	"2007"	4893	46	44	2	271	235	36	36
"K_3440 Øyer"	"2008"	4929	40	60	-20	239	230	9	-12
"K_3440 Øyer"	"2009"	4917	44	40	4	310	229	81	85
"K_3440 Øyer"	"2010"	5002	49	47	2	301	213	88	90
"K_3440 Øyer"	"2011"	5092	45	41	4	252	252	0	3
"K_3440 Øyer"	"2012"	5095	40	57	-17	325	300	25	7
"K_3440 Øyer"	"2013"	5102	42	43	-1	287	299	-12	-12
"K_3440 Øyer"	"2014"	5090	34	46	-12	282	295	-13	-25
"K_3440 Øyer"	"2015"	5065	48	47	1	293	287	6	7
"K_3440 Øyer"	"2016"	5072	56	51	5	249	244	5	10
"K_3440 Øyer"	"2017"	5082	44	41	3	287	242	45	48
"K_3440 Øyer"	"2018"	5130	51	42	9	290	310	-20	-11
"K_3440 Øyer"	"2019"	5119	46	47	-1	239	258	-19	-19
"K_3440 Øyer"	"2020"	5100	45	42	3	279	290	-11	-7
"K_3440 Øyer"	"2021"	5093	41	48	-7	272	292	-20	-26
"K_3440 Øyer"	"2022"	5082	58	51	7	488	416	72	79
"K_3440 Øyer"	"2023"	5161	37	51	-14	280	304	-24	-37
"K_3440 Øyer"	"2024"	5124	..	..	..	..	..	..	..
"K_3441 Gausdal"	"1951"	6749	110	62	48	272	330	-58	-10
"K_3441 Gausdal"	"1952"	6739	122	51	71	238	325	-87	-16
"K_3441 Gausdal"	"1953"	6723	114	68	46	244	283	-39	7
"K_3441 Gausdal"	"1954"	6730	108	47	61	230	344	-114	-53
"K_3441 Gausdal"	"1955"	6677	127	38	89	275	401	-126	5
"K_3441 Gausdal"	"1956"	6682	126	54	72	242	382	-140	-61
"K_3441 Gausdal"	"1957"	6614	125	48	77	379	354	25	102
"K_3441 Gausdal"	"1958"	6716	112	49	63	243	335	-92	-29
"K_3441 Gausdal"	"1959"	6687	108	42	66	259	341	-82	-16
"K_3441 Gausdal"	"1960"	6671	120	54	66	323	465	-142	-64
"K_3441 Gausdal"	"1961"	6607	134	68	66	234	375	-141	-75
"K_3441 Gausdal"	"1962"	6532	91	53	38	325	444	-119	-81
"K_3441 Gausdal"	"1963"	6451	117	78	39	317	440	-123	-84
"K_3441 Gausdal"	"1964"	6367	107	59	48	297	346	-49	-1
"K_3441 Gausdal"	"1965"	6366	117	53	64	321	351	-30	34
"K_3441 Gausdal"	"1966"	6400	119	64	55	258	335	-77	22
"K_3441 Gausdal"	"1967"	6422	107	62	45	293	347	-54	-9
"K_3441 Gausdal"	"1968"	6413	102	71	31	255	299	-44	-14
"K_3441 Gausdal"	"1969"	6399	120	57	63	233	292	-59	2
"K_3441 Gausdal"	"1970"	6401	98	54	44	275	321	-46	-10
"K_3441 Gausdal"	"1971"	6391	98	63	35	254	272	-18	23
"K_3441 Gausdal"	"1972"	6414	109	78	31	302	245	57	90
"K_3441 Gausdal"	"1973"	6504	87	77	10	270	269	1	11
"K_3441 Gausdal"	"1974"	6515	93	66	27	283	239	44	70
"K_3441 Gausdal"	"1975"	6585	73	73	0	250	230	20	18
"K_3441 Gausdal"	"1976"	6603	63	88	-25	217	214	3	-24
"K_3441 Gausdal"	"1977"	6579	72	60	12	198	217	-19	-7
"K_3441 Gausdal"	"1978"	6572	64	71	-7	281	197	84	76
"K_3441 Gausdal"	"1979"	6648	76	70	6	230	194	36	31
"K_3441 Gausdal"	"1980"	6679	58	89	-31	224	203	21	-17
"K_3441 Gausdal"	"1981"	6662	74	80	-6	168	236	-68	-73
"K_3441 Gausdal"	"1982"	6589	66	86	-20	225	224	1	-20
"K_3441 Gausdal"	"1983"	6569	62	72	-10	181	151	30	20
"K_3441 Gausdal"	"1984"	6589	63	66	-3	169	166	3	-4
"K_3441 Gausdal"	"1985"	6585	61	96	-35	181	216	-35	-74
"K_3441 Gausdal"	"1986"	6511	56	86	-30	171	169	2	-28
"K_3441 Gausdal"	"1987"	6483	63	81	-18	195	197	-2	-16
"K_3441 Gausdal"	"1988"	6467	77	86	-9	203	167	36	26
"K_3441 Gausdal"	"1989"	6493	66	76	-10	220	210	10	-1
"K_3441 Gausdal"	"1990"	6492	69	96	-27	219	237	-18	-44
"K_3441 Gausdal"	"1991"	6448	69	85	-16	204	242	-38	-57
"K_3441 Gausdal"	"1992"	6391	72	91	-19	177	218	-41	-54
"K_3441 Gausdal"	"1993"	6337	76	94	-18	164	170	-6	-20
"K_3441 Gausdal"	"1994"	6317	69	72	-3	293	267	26	24
"K_3441 Gausdal"	"1995"	6341	68	65	3	182	264	-82	-79
"K_3441 Gausdal"	"1996"	6262	73	58	15	212	254	-42	-25
"K_3441 Gausdal"	"1997"	6237	69	85	-16	204	203	1	-14
"K_3441 Gausdal"	"1998"	6223	63	80	-17	223	206	17	4
"K_3441 Gausdal"	"1999"	6227	57	72	-15	190	216	-26	-41
"K_3441 Gausdal"	"2000"	6186	73	77	-4	260	242	18	14
"K_3441 Gausdal"	"2001"	6200	66	73	-7	273	274	-1	-8
"K_3441 Gausdal"	"2002"	6192	48	78	-30	250	223	27	-3
"K_3441 Gausdal"	"2003"	6189	61	70	-9	274	269	5	-3
"K_3441 Gausdal"	"2004"	6186	49	74	-25	263	249	14	-11
"K_3441 Gausdal"	"2005"	6175	68	62	6	279	259	20	27
"K_3441 Gausdal"	"2006"	6202	54	69	-15	222	293	-71	-88
"K_3441 Gausdal"	"2007"	6114	47	66	-19	347	313	34	15
"K_3441 Gausdal"	"2008"	6129	64	65	-1	268	303	-35	-38
"K_3441 Gausdal"	"2009"	6091	53	67	-14	282	220	62	51
"K_3441 Gausdal"	"2010"	6142	55	59	-4	247	243	4	-1
"K_3441 Gausdal"	"2011"	6141	54	71	-17	258	220	38	19
"K_3441 Gausdal"	"2012"	6160	54	66	-12	251	258	-7	-19
"K_3441 Gausdal"	"2013"	6141	51	66	-15	315	204	111	96
"K_3441 Gausdal"	"2014"	6237	72	87	-15	227	238	-11	-27
"K_3441 Gausdal"	"2015"	6210	58	69	-11	302	274	28	17
"K_3441 Gausdal"	"2016"	6227	50	59	-9	234	249	-15	-23
"K_3441 Gausdal"	"2017"	6204	45	75	-30	244	270	-26	-56
"K_3441 Gausdal"	"2018"	6148	48	63	-15	271	293	-22	-36
"K_3441 Gausdal"	"2019"	6112	45	64	-19	255	242	13	-6
"K_3441 Gausdal"	"2020"	6106	42	65	-23	208	268	-60	-83
"K_3441 Gausdal"	"2021"	6023	49	52	-3	294	237	57	56
"K_3441 Gausdal"	"2022"	6079	57	63	-6	279	224	55	50
"K_3441 Gausdal"	"2023"	6129	54	60	-6	292	239	53	48
"K_3441 Gausdal"	"2024"	6177	..	..	..	..	..	..	..
"K_3442 Østre Toten"	"1951"	13440	268	122	146	674	715	-41	105
"K_3442 Østre Toten"	"1952"	13545	261	117	144	528	587	-59	85
"K_3442 Østre Toten"	"1953"	13630	249	110	139	564	613	-49	90
"K_3442 Østre Toten"	"1954"	13720	232	128	104	559	584	-25	79
"K_3442 Østre Toten"	"1955"	13799	247	115	132	586	722	-136	51
"K_3442 Østre Toten"	"1956"	13850	251	136	115	524	692	-168	-53
"K_3442 Østre Toten"	"1957"	13797	234	114	120	597	678	-81	39
"K_3442 Østre Toten"	"1958"	13836	236	121	115	577	664	-87	28
"K_3442 Østre Toten"	"1959"	13864	239	124	115	445	636	-191	-76
"K_3442 Østre Toten"	"1960"	13788	238	117	121	510	669	-159	-71
"K_3442 Østre Toten"	"1961"	13717	223	144	79	418	600	-182	-103
"K_3442 Østre Toten"	"1962"	13614	227	132	95	457	593	-136	-41
"K_3442 Østre Toten"	"1963"	13573	208	131	77	440	523	-83	-6
"K_3442 Østre Toten"	"1964"	13567	204	133	71	410	523	-113	-42
"K_3442 Østre Toten"	"1965"	13525	215	140	75	416	514	-98	-23
"K_3442 Østre Toten"	"1966"	13502	227	123	104	469	478	-9	77
"K_3442 Østre Toten"	"1967"	13579	208	135	73	450	570	-120	-47
"K_3442 Østre Toten"	"1968"	13532	205	139	66	454	446	8	74
"K_3442 Østre Toten"	"1969"	13606	209	129	80	479	537	-58	17
"K_3442 Østre Toten"	"1970"	13623	221	145	76	602	582	20	94
"K_3442 Østre Toten"	"1971"	13717	221	153	68	488	447	41	101
"K_3442 Østre Toten"	"1972"	13818	207	152	55	473	463	10	67
"K_3442 Østre Toten"	"1973"	13885	205	175	30	470	480	-10	9
"K_3442 Østre Toten"	"1974"	13894	171	156	15	493	477	16	30
"K_3442 Østre Toten"	"1975"	13924	152	143	9	417	403	14	22
"K_3442 Østre Toten"	"1976"	13946	166	156	10	402	427	-25	-18
"K_3442 Østre Toten"	"1977"	13928	129	154	-25	460	405	55	29
"K_3442 Østre Toten"	"1978"	13957	142	154	-12	447	355	92	81
"K_3442 Østre Toten"	"1979"	14038	137	165	-28	413	420	-7	-33
"K_3442 Østre Toten"	"1980"	14005	132	122	10	539	433	106	118
"K_3442 Østre Toten"	"1981"	14123	132	157	-25	448	426	22	-2
"K_3442 Østre Toten"	"1982"	14121	132	163	-31	405	371	34	3
"K_3442 Østre Toten"	"1983"	14124	137	180	-43	414	376	38	-7
"K_3442 Østre Toten"	"1984"	14117	138	149	-11	403	376	27	14
"K_3442 Østre Toten"	"1985"	14131	161	169	-8	392	404	-12	-17
"K_3442 Østre Toten"	"1986"	14114	137	184	-47	471	426	45	5
"K_3442 Østre Toten"	"1987"	14119	114	181	-67	541	410	131	60
"K_3442 Østre Toten"	"1988"	14179	162	157	5	555	452	103	109
"K_3442 Østre Toten"	"1989"	14288	160	171	-11	496	466	30	15
"K_3442 Østre Toten"	"1990"	14303	181	202	-21	478	446	32	11
"K_3442 Østre Toten"	"1991"	14314	148	168	-20	427	509	-82	-98
"K_3442 Østre Toten"	"1992"	14216	170	176	-6	400	410	-10	-17
"K_3442 Østre Toten"	"1993"	14199	174	173	1	509	517	-8	-12
"K_3442 Østre Toten"	"1994"	14187	170	171	-1	573	503	70	71
"K_3442 Østre Toten"	"1995"	14258	146	189	-43	501	539	-38	-86
"K_3442 Østre Toten"	"1996"	14172	170	165	5	480	582	-102	-96
"K_3442 Østre Toten"	"1997"	14076	135	176	-41	515	512	3	-36
"K_3442 Østre Toten"	"1998"	14040	152	166	-14	516	522	-6	-19
"K_3442 Østre Toten"	"1999"	14021	138	177	-39	638	520	118	82
"K_3442 Østre Toten"	"2000"	14103	150	166	-16	624	563	61	42
"K_3442 Østre Toten"	"2001"	14145	133	178	-45	649	579	70	22
"K_3442 Østre Toten"	"2002"	14167	150	181	-31	581	525	56	482
"K_3442 Østre Toten"	"2003"	14649	139	168	-29	609	570	39	8
"K_3442 Østre Toten"	"2004"	14657	152	184	-32	510	535	-25	-53
"K_3442 Østre Toten"	"2005"	14604	115	162	-47	533	639	-106	-151
"K_3442 Østre Toten"	"2006"	14453	131	171	-40	553	578	-25	-64
"K_3442 Østre Toten"	"2007"	14389	139	148	-9	681	601	80	70
"K_3442 Østre Toten"	"2008"	14459	127	176	-49	618	566	52	5
"K_3442 Østre Toten"	"2009"	14464	142	168	-26	644	565	79	54
"K_3442 Østre Toten"	"2010"	14518	137	180	-43	698	568	130	86
"K_3442 Østre Toten"	"2011"	14604	129	140	-11	723	571	152	143
"K_3442 Østre Toten"	"2012"	14747	147	173	-26	681	635	46	19
"K_3442 Østre Toten"	"2013"	14766	138	168	-30	688	643	45	11
"K_3442 Østre Toten"	"2014"	14777	133	171	-38	708	651	57	19
"K_3442 Østre Toten"	"2015"	14796	142	153	-11	831	712	119	110
"K_3442 Østre Toten"	"2016"	14906	137	162	-25	728	723	5	-19
"K_3442 Østre Toten"	"2017"	14887	133	153	-20	720	700	20	1
"K_3442 Østre Toten"	"2018"	14888	131	173	-42	761	658	103	60
"K_3442 Østre Toten"	"2019"	14948	112	154	-42	723	658	65	25
"K_3442 Østre Toten"	"2020"	14973	125	161	-36	630	696	-66	-102
"K_3442 Østre Toten"	"2021"	14871	114	168	-54	705	695	10	-44
"K_3442 Østre Toten"	"2022"	14827	122	165	-43	800	687	113	69
"K_3442 Østre Toten"	"2023"	14896	131	153	-22	740	776	-36	-56
"K_3442 Østre Toten"	"2024"	14840	..	..	..	..	..	..	..
"K_3443 Vestre Toten"	"1951"	9301	163	56	107	457	407	50	157
"K_3443 Vestre Toten"	"1952"	9458	182	69	113	395	444	-49	64
"K_3443 Vestre Toten"	"1953"	9522	208	70	138	421	381	40	178
"K_3443 Vestre Toten"	"1954"	9700	194	66	128	397	301	96	224
"K_3443 Vestre Toten"	"1955"	9924	178	86	92	382	407	-25	71
"K_3443 Vestre Toten"	"1956"	9995	188	88	100	381	425	-44	56
"K_3443 Vestre Toten"	"1957"	10051	183	78	105	328	429	-101	4
"K_3443 Vestre Toten"	"1958"	10055	171	65	106	294	381	-87	19
"K_3443 Vestre Toten"	"1959"	10074	159	79	80	376	274	102	182
"K_3443 Vestre Toten"	"1960"	10256	164	73	91	405	545	-140	76
"K_3443 Vestre Toten"	"1961"	10332	188	68	120	410	379	31	151
"K_3443 Vestre Toten"	"1962"	10483	161	102	59	450	372	78	137
"K_3443 Vestre Toten"	"1963"	10620	174	129	45	427	388	39	84
"K_3443 Vestre Toten"	"1964"	10803	186	92	94	433	369	64	158
"K_3443 Vestre Toten"	"1965"	10961	179	88	91	372	357	15	106
"K_3443 Vestre Toten"	"1966"	11067	206	84	122	451	379	72	184
"K_3443 Vestre Toten"	"1967"	11251	175	94	81	408	394	14	95
"K_3443 Vestre Toten"	"1968"	11346	226	86	140	463	349	114	271
"K_3443 Vestre Toten"	"1969"	11617	211	106	105	509	491	18	97
"K_3443 Vestre Toten"	"1970"	11714	220	104	116	787	534	253	354
"K_3443 Vestre Toten"	"1971"	12068	206	109	97	605	424	181	271
"K_3443 Vestre Toten"	"1972"	12339	243	113	130	579	479	100	233
"K_3443 Vestre Toten"	"1973"	12572	205	114	91	561	474	87	186
"K_3443 Vestre Toten"	"1974"	12758	221	96	125	692	634	58	182
"K_3443 Vestre Toten"	"1975"	12940	205	117	88	503	501	2	90
"K_3443 Vestre Toten"	"1976"	13030	178	128	50	468	505	-37	13
"K_3443 Vestre Toten"	"1977"	13043	160	114	46	511	456	55	101
"K_3443 Vestre Toten"	"1978"	13144	126	121	5	543	461	82	86
"K_3443 Vestre Toten"	"1979"	13230	141	135	6	556	441	115	119
"K_3443 Vestre Toten"	"1980"	13349	152	136	16	591	542	49	64
"K_3443 Vestre Toten"	"1981"	13413	158	123	35	631	519	112	144
"K_3443 Vestre Toten"	"1982"	13557	135	114	21	503	460	43	67
"K_3443 Vestre Toten"	"1983"	13624	135	131	4	517	486	31	35
"K_3443 Vestre Toten"	"1984"	13659	133	131	2	472	505	-33	-33
"K_3443 Vestre Toten"	"1985"	13626	124	122	2	478	540	-62	-63
"K_3443 Vestre Toten"	"1986"	13563	135	119	16	438	503	-65	-52
"K_3443 Vestre Toten"	"1987"	13511	139	137	2	521	532	-11	-7
"K_3443 Vestre Toten"	"1988"	13504	135	151	-16	519	601	-82	-100
"K_3443 Vestre Toten"	"1989"	13404	137	128	9	498	586	-88	-79
"K_3443 Vestre Toten"	"1990"	13325	155	157	-2	492	457	35	33
"K_3443 Vestre Toten"	"1991"	13358	150	133	17	483	555	-72	-56
"K_3443 Vestre Toten"	"1992"	13302	169	166	3	376	525	-149	-146
"K_3443 Vestre Toten"	"1993"	13156	150	153	-3	471	508	-37	-41
"K_3443 Vestre Toten"	"1994"	13115	155	121	34	462	544	-82	-48
"K_3443 Vestre Toten"	"1995"	13067	148	144	4	514	561	-47	-38
"K_3443 Vestre Toten"	"1996"	13029	131	139	-8	562	551	11	7
"K_3443 Vestre Toten"	"1997"	13036	148	156	-8	591	580	11	4
"K_3443 Vestre Toten"	"1998"	13040	125	159	-34	606	542	64	28
"K_3443 Vestre Toten"	"1999"	13068	155	163	-8	585	581	4	-3
"K_3443 Vestre Toten"	"2000"	13065	166	156	10	676	615	61	73
"K_3443 Vestre Toten"	"2001"	13138	152	151	1	669	638	31	31
"K_3443 Vestre Toten"	"2002"	13169	142	148	-6	551	627	-76	-542
"K_3443 Vestre Toten"	"2003"	12627	147	148	-1	532	561	-29	-30
"K_3443 Vestre Toten"	"2004"	12597	120	135	-15	514	549	-35	-51
"K_3443 Vestre Toten"	"2005"	12546	121	132	-11	578	513	65	53
"K_3443 Vestre Toten"	"2006"	12599	149	125	24	554	566	-12	11
"K_3443 Vestre Toten"	"2007"	12610	107	118	-11	632	597	35	25
"K_3443 Vestre Toten"	"2008"	12635	124	131	-7	590	508	82	79
"K_3443 Vestre Toten"	"2009"	12714	122	127	-5	593	540	53	56
"K_3443 Vestre Toten"	"2010"	12770	124	128	-4	604	567	37	33
"K_3443 Vestre Toten"	"2011"	12803	107	119	-12	716	575	141	125
"K_3443 Vestre Toten"	"2012"	12928	132	146	-14	718	634	84	71
"K_3443 Vestre Toten"	"2013"	12999	114	121	-7	723	641	82	76
"K_3443 Vestre Toten"	"2014"	13075	122	131	-9	725	636	89	77
"K_3443 Vestre Toten"	"2015"	13152	112	130	-18	686	645	41	28
"K_3443 Vestre Toten"	"2016"	13180	109	144	-35	721	688	33	-1
"K_3443 Vestre Toten"	"2017"	13179	124	131	-7	779	639	140	135
"K_3443 Vestre Toten"	"2018"	13314	106	111	-5	757	683	74	70
"K_3443 Vestre Toten"	"2019"	13384	108	122	-14	735	679	56	43
"K_3443 Vestre Toten"	"2020"	13427	109	120	-11	692	648	44	32
"K_3443 Vestre Toten"	"2021"	13459	112	123	-11	787	665	122	113
"K_3443 Vestre Toten"	"2022"	13572	119	141	-22	770	684	86	63
"K_3443 Vestre Toten"	"2023"	13635	116	156	-40	781	681	100	56
"K_3443 Vestre Toten"	"2024"	13691	..	..	..	..	..	..	..
"K_3446 Gran"	"1951"	11858	218	85	133	586	676	-90	43
"K_3446 Gran"	"1952"	11901	215	100	115	448	553	-105	10
"K_3446 Gran"	"1953"	11911	234	110	124	507	607	-100	24
"K_3446 Gran"	"1954"	11935	235	94	141	414	576	-162	-21
"K_3446 Gran"	"1955"	11914	229	106	123	479	614	-135	-3
"K_3446 Gran"	"1956"	11911	220	85	135	393	547	-154	-19
"K_3446 Gran"	"1957"	11892	224	98	126	421	540	-119	7
"K_3446 Gran"	"1958"	11899	223	126	97	465	566	-101	-4
"K_3446 Gran"	"1959"	11895	223	106	117	483	517	-34	83
"K_3446 Gran"	"1960"	11978	211	123	88	566	737	-171	-92
"K_3446 Gran"	"1961"	11886	190	114	76	443	499	-56	20
"K_3446 Gran"	"1962"	11726	181	109	72	399	436	-37	35
"K_3446 Gran"	"1963"	11761	198	134	64	412	496	-84	-20
"K_3446 Gran"	"1964"	11729	198	114	84	394	480	-86	-2
"K_3446 Gran"	"1965"	11727	174	133	41	429	420	9	50
"K_3446 Gran"	"1966"	11777	200	130	70	439	476	-37	22
"K_3446 Gran"	"1967"	11799	191	102	89	429	435	-6	83
"K_3446 Gran"	"1968"	11882	176	116	60	464	435	29	81
"K_3446 Gran"	"1969"	11963	198	125	73	452	440	12	84
"K_3446 Gran"	"1970"	12047	203	124	79	613	649	-36	31
"K_3446 Gran"	"1971"	12078	167	140	27	493	423	70	87
"K_3446 Gran"	"1972"	12165	169	138	31	460	475	-15	46
"K_3446 Gran"	"1973"	12211	154	130	24	459	444	15	39
"K_3446 Gran"	"1974"	12250	165	146	19	529	402	127	145
"K_3446 Gran"	"1975"	12395	161	146	15	396	396	0	14
"K_3446 Gran"	"1976"	12409	130	131	-1	409	416	-7	-11
"K_3446 Gran"	"1977"	12398	110	136	-26	437	429	8	-18
"K_3446 Gran"	"1978"	12380	151	147	4	364	350	14	13
"K_3446 Gran"	"1979"	12393	126	126	0	328	393	-65	-63
"K_3446 Gran"	"1980"	12330	119	117	2	380	381	-1	2
"K_3446 Gran"	"1981"	12332	125	144	-19	426	357	69	48
"K_3446 Gran"	"1982"	12380	117	126	-9	426	360	66	57
"K_3446 Gran"	"1983"	12437	129	137	-8	457	343	114	105
"K_3446 Gran"	"1984"	12542	123	142	-19	334	342	-8	-28
"K_3446 Gran"	"1985"	12514	116	162	-46	346	354	-8	-45
"K_3446 Gran"	"1986"	12469	132	152	-20	427	397	30	17
"K_3446 Gran"	"1987"	12486	134	168	-34	511	367	144	97
"K_3446 Gran"	"1988"	12583	143	136	7	500	489	11	16
"K_3446 Gran"	"1989"	12599	137	193	-56	422	408	14	-38
"K_3446 Gran"	"1990"	12561	161	173	-12	442	362	80	65
"K_3446 Gran"	"1991"	12626	158	161	-3	364	357	7	5
"K_3446 Gran"	"1992"	12631	138	158	-20	334	368	-34	-56
"K_3446 Gran"	"1993"	12575	128	191	-63	361	304	57	-6
"K_3446 Gran"	"1994"	12569	127	156	-29	394	402	-8	-36
"K_3446 Gran"	"1995"	12533	130	179	-49	476	421	55	8
"K_3446 Gran"	"1996"	12541	129	158	-29	465	410	55	29
"K_3446 Gran"	"1997"	12570	126	159	-33	476	379	97	65
"K_3446 Gran"	"1998"	12635	152	181	-29	548	431	117	89
"K_3446 Gran"	"1999"	12724	146	171	-25	544	366	178	153
"K_3446 Gran"	"2000"	12877	161	152	9	532	408	124	134
"K_3446 Gran"	"2001"	13011	142	163	-21	531	484	47	27
"K_3446 Gran"	"2002"	13038	141	176	-35	552	471	81	47
"K_3446 Gran"	"2003"	13085	152	163	-11	486	466	20	10
"K_3446 Gran"	"2004"	13095	121	171	-50	425	451	-26	-85
"K_3446 Gran"	"2005"	13010	134	161	-27	486	411	75	56
"K_3446 Gran"	"2006"	13066	145	155	-10	476	425	51	44
"K_3446 Gran"	"2007"	13110	113	145	-32	590	479	111	79
"K_3446 Gran"	"2008"	13189	132	175	-43	536	462	74	28
"K_3446 Gran"	"2009"	13217	141	164	-23	606	436	170	146
"K_3446 Gran"	"2010"	13363	137	135	2	576	507	69	71
"K_3446 Gran"	"2011"	13434	124	153	-29	644	554	90	59
"K_3446 Gran"	"2012"	13493	127	148	-21	640	560	80	57
"K_3446 Gran"	"2013"	13550	135	171	-36	672	576	96	57
"K_3446 Gran"	"2014"	13607	123	133	-10	609	519	90	78
"K_3446 Gran"	"2015"	13685	134	128	6	580	565	15	10
"K_3446 Gran"	"2016"	13695	135	134	1	590	580	10	12
"K_3446 Gran"	"2017"	13707	110	158	-48	651	541	110	63
"K_3446 Gran"	"2018"	13770	79	136	-57	576	648	-72	-128
"K_3446 Gran"	"2019"	13642	111	147	-36	610	587	23	-12
"K_3446 Gran"	"2020"	13630	94	144	-50	577	553	24	-19
"K_3446 Gran"	"2021"	13611	103	137	-34	595	537	58	22
"K_3446 Gran"	"2022"	13633	91	170	-79	638	619	19	-65
"K_3446 Gran"	"2023"	13568	83	138	-55	705	629	76	25
"K_3446 Gran"	"2024"	13593	..	..	..	..	..	..	..
"K_3447 Søndre Land"	"1951"	6565	116	55	61	338	352	-14	47
"K_3447 Søndre Land"	"1952"	6612	115	69	46	291	335	-44	2
"K_3447 Søndre Land"	"1953"	6614	125	58	67	297	354	-57	10
"K_3447 Søndre Land"	"1954"	6624	102	58	44	239	317	-78	-34
"K_3447 Søndre Land"	"1955"	6590	129	59	70	389	376	13	91
"K_3447 Søndre Land"	"1956"	6681	115	58	57	306	321	-15	42
"K_3447 Søndre Land"	"1957"	6723	122	68	54	359	402	-43	11
"K_3447 Søndre Land"	"1958"	6734	121	61	60	336	382	-46	14
"K_3447 Søndre Land"	"1959"	6748	97	63	34	287	344	-57	-23
"K_3447 Søndre Land"	"1960"	6725	111	73	38	324	442	-118	-90
"K_3447 Søndre Land"	"1961"	6635	95	64	31	308	329	-21	10
"K_3447 Søndre Land"	"1962"	6449	95	69	26	245	355	-110	-84
"K_3447 Søndre Land"	"1963"	6365	103	64	39	244	310	-66	-27
"K_3447 Søndre Land"	"1964"	6338	86	61	25	277	318	-41	-16
"K_3447 Søndre Land"	"1965"	6322	94	70	24	272	312	-40	-16
"K_3447 Søndre Land"	"1966"	6306	86	73	13	274	319	-45	-36
"K_3447 Søndre Land"	"1967"	6270	82	65	17	318	309	9	26
"K_3447 Søndre Land"	"1968"	6296	77	67	10	269	292	-23	-8
"K_3447 Søndre Land"	"1969"	6288	93	70	23	277	300	-23	-4
"K_3447 Søndre Land"	"1970"	6284	71	73	-2	502	438	64	63
"K_3447 Søndre Land"	"1971"	6347	72	83	-11	348	286	62	71
"K_3447 Søndre Land"	"1972"	6418	81	76	5	331	299	32	43
"K_3447 Søndre Land"	"1973"	6461	82	96	-14	312	313	-1	-17
"K_3447 Søndre Land"	"1974"	6444	70	75	-5	249	240	9	3
"K_3447 Søndre Land"	"1975"	6447	81	79	2	235	272	-37	-38
"K_3447 Søndre Land"	"1976"	6409	51	71	-20	261	232	29	9
"K_3447 Søndre Land"	"1977"	6418	68	68	0	255	228	27	24
"K_3447 Søndre Land"	"1978"	6442	70	90	-20	221	214	7	-13
"K_3447 Søndre Land"	"1979"	6429	55	94	-39	238	233	5	-34
"K_3447 Søndre Land"	"1980"	6395	72	87	-15	209	203	6	-9
"K_3447 Søndre Land"	"1981"	6386	62	70	-8	239	282	-43	-51
"K_3447 Søndre Land"	"1982"	6335	61	88	-27	244	223	21	-6
"K_3447 Søndre Land"	"1983"	6329	60	75	-15	241	216	25	10
"K_3447 Søndre Land"	"1984"	6339	58	84	-26	254	214	40	14
"K_3447 Søndre Land"	"1985"	6353	53	90	-37	203	238	-35	-71
"K_3447 Søndre Land"	"1986"	6282	66	86	-20	253	206	47	23
"K_3447 Søndre Land"	"1987"	6305	72	97	-25	320	258	62	36
"K_3447 Søndre Land"	"1988"	6341	67	90	-23	239	215	24	-4
"K_3447 Søndre Land"	"1989"	6337	67	76	-9	239	224	15	7
"K_3447 Søndre Land"	"1990"	6344	72	83	-11	233	262	-29	-39
"K_3447 Søndre Land"	"1991"	6305	66	87	-21	280	267	13	-5
"K_3447 Søndre Land"	"1992"	6300	62	78	-16	234	230	4	-16
"K_3447 Søndre Land"	"1993"	6284	75	83	-8	233	241	-8	-13
"K_3447 Søndre Land"	"1994"	6271	75	94	-19	257	273	-16	-40
"K_3447 Søndre Land"	"1995"	6231	60	74	-14	274	294	-20	-31
"K_3447 Søndre Land"	"1996"	6200	73	79	-6	234	278	-44	-49
"K_3447 Søndre Land"	"1997"	6151	58	93	-35	235	282	-47	-82
"K_3447 Søndre Land"	"1998"	6069	51	82	-31	277	270	7	-21
"K_3447 Søndre Land"	"1999"	6048	83	99	-16	294	253	41	25
"K_3447 Søndre Land"	"2000"	6073	61	99	-38	319	255	64	27
"K_3447 Søndre Land"	"2001"	6100	71	99	-28	300	275	25	-4
"K_3447 Søndre Land"	"2002"	6096	51	83	-32	308	246	62	31
"K_3447 Søndre Land"	"2003"	6127	50	65	-15	256	323	-67	-85
"K_3447 Søndre Land"	"2004"	6042	62	72	-10	289	313	-24	-34
"K_3447 Søndre Land"	"2005"	6008	57	80	-23	293	301	-8	-31
"K_3447 Søndre Land"	"2006"	5977	45	82	-37	268	275	-7	-45
"K_3447 Søndre Land"	"2007"	5932	49	88	-39	280	317	-37	-79
"K_3447 Søndre Land"	"2008"	5853	58	82	-24	251	285	-34	-56
"K_3447 Søndre Land"	"2009"	5797	60	79	-19	306	274	32	14
"K_3447 Søndre Land"	"2010"	5811	33	74	-41	364	296	68	26
"K_3447 Søndre Land"	"2011"	5837	45	88	-43	312	342	-30	-76
"K_3447 Søndre Land"	"2012"	5761	59	73	-14	304	347	-43	-58
"K_3447 Søndre Land"	"2013"	5703	48	80	-32	376	349	27	-2
"K_3447 Søndre Land"	"2014"	5701	60	72	-12	379	296	83	71
"K_3447 Søndre Land"	"2015"	5772	55	76	-21	420	412	8	-14
"K_3447 Søndre Land"	"2016"	5758	46	64	-18	359	384	-25	-41
"K_3447 Søndre Land"	"2017"	5717	51	60	-9	304	360	-56	-67
"K_3447 Søndre Land"	"2018"	5650	47	64	-17	283	293	-10	-27
"K_3447 Søndre Land"	"2019"	5623	57	56	1	279	286	-7	-6
"K_3447 Søndre Land"	"2020"	5617	27	62	-35	297	300	-3	-38
"K_3447 Søndre Land"	"2021"	5579	36	52	-16	301	328	-27	-44
"K_3447 Søndre Land"	"2022"	5535	38	88	-50	320	242	78	29
"K_3447 Søndre Land"	"2023"	5564	46	65	-19	298	255	43	23
"K_3447 Søndre Land"	"2024"	5587	..	..	..	..	..	..	..
"K_3448 Nordre Land"	"1951"	6381	127	57	70	294	306	-12	58
"K_3448 Nordre Land"	"1952"	6439	114	56	58	286	267	19	77
"K_3448 Nordre Land"	"1953"	6516	116	62	54	286	274	12	66
"K_3448 Nordre Land"	"1954"	6582	112	68	44	170	246	-76	-32
"K_3448 Nordre Land"	"1955"	6550	123	63	60	256	293	-37	-42
"K_3448 Nordre Land"	"1956"	6508	117	54	63	239	310	-71	-8
"K_3448 Nordre Land"	"1957"	6500	117	65	52	277	301	-24	28
"K_3448 Nordre Land"	"1958"	6528	100	63	37	210	271	-61	-24
"K_3448 Nordre Land"	"1959"	6504	97	66	31	196	235	-39	-8
"K_3448 Nordre Land"	"1960"	6496	92	61	31	242	313	-71	-12
"K_3448 Nordre Land"	"1961"	6484	122	50	72	215	281	-66	6
"K_3448 Nordre Land"	"1962"	6686	111	66	45	243	266	-23	22
"K_3448 Nordre Land"	"1963"	6708	109	65	44	221	285	-64	-20
"K_3448 Nordre Land"	"1964"	6688	128	61	67	225	224	1	68
"K_3448 Nordre Land"	"1965"	6756	112	57	55	310	256	54	109
"K_3448 Nordre Land"	"1966"	6865	91	72	19	291	255	36	40
"K_3448 Nordre Land"	"1967"	6905	110	68	42	262	273	-11	31
"K_3448 Nordre Land"	"1968"	6936	102	77	25	261	272	-11	5
"K_3448 Nordre Land"	"1969"	6941	115	78	37	318	297	21	58
"K_3448 Nordre Land"	"1970"	6999	103	69	34	353	317	36	66
"K_3448 Nordre Land"	"1971"	7065	105	76	29	287	277	10	32
"K_3448 Nordre Land"	"1972"	7097	91	79	12	284	246	38	58
"K_3448 Nordre Land"	"1973"	7155	88	87	1	298	348	-50	-50
"K_3448 Nordre Land"	"1974"	7105	73	61	12	248	258	-10	3
"K_3448 Nordre Land"	"1975"	7108	80	74	6	263	225	38	35
"K_3448 Nordre Land"	"1976"	7143	60	78	-18	247	209	38	24
"K_3448 Nordre Land"	"1977"	7167	59	74	-15	212	256	-44	-59
"K_3448 Nordre Land"	"1978"	7108	64	80	-16	252	220	32	14
"K_3448 Nordre Land"	"1979"	7122	70	89	-19	238	261	-23	-44
"K_3448 Nordre Land"	"1980"	7078	71	70	1	256	227	29	30
"K_3448 Nordre Land"	"1981"	7108	77	75	2	203	224	-21	-20
"K_3448 Nordre Land"	"1982"	7088	66	85	-19	229	233	-4	-19
"K_3448 Nordre Land"	"1983"	7069	59	95	-36	294	218	76	37
"K_3448 Nordre Land"	"1984"	7106	78	82	-4	203	256	-53	-56
"K_3448 Nordre Land"	"1985"	7050	66	106	-40	238	228	10	-31
"K_3448 Nordre Land"	"1986"	7019	59	98	-39	282	240	42	3
"K_3448 Nordre Land"	"1987"	7022	78	94	-16	261	241	20	5
"K_3448 Nordre Land"	"1988"	7027	77	96	-19	277	269	8	-18
"K_3448 Nordre Land"	"1989"	7009	72	83	-11	249	229	20	19
"K_3448 Nordre Land"	"1990"	7028	84	99	-15	234	207	27	10
"K_3448 Nordre Land"	"1991"	7038	74	79	-5	206	224	-18	-22
"K_3448 Nordre Land"	"1992"	7016	74	88	-14	211	233	-22	-35
"K_3448 Nordre Land"	"1993"	6981	71	88	-17	204	206	-2	-19
"K_3448 Nordre Land"	"1994"	6962	73	76	-3	269	196	73	70
"K_3448 Nordre Land"	"1995"	7032	86	96	-10	249	236	13	6
"K_3448 Nordre Land"	"1996"	7038	73	80	-7	183	206	-23	-28
"K_3448 Nordre Land"	"1997"	7010	64	89	-25	206	239	-33	-58
"K_3448 Nordre Land"	"1998"	6952	82	78	4	242	230	12	15
"K_3448 Nordre Land"	"1999"	6967	58	102	-44	265	238	27	-17
"K_3448 Nordre Land"	"2000"	6950	73	115	-42	245	244	1	-41
"K_3448 Nordre Land"	"2001"	6909	55	91	-36	248	229	19	-17
"K_3448 Nordre Land"	"2002"	6892	55	90	-35	230	208	22	-14
"K_3448 Nordre Land"	"2003"	6878	70	95	-25	265	206	59	38
"K_3448 Nordre Land"	"2004"	6916	61	83	-22	226	272	-46	-69
"K_3448 Nordre Land"	"2005"	6847	55	102	-47	194	253	-59	-110
"K_3448 Nordre Land"	"2006"	6737	57	69	-12	220	224	-4	-17
"K_3448 Nordre Land"	"2007"	6720	58	101	-43	224	262	-38	-84
"K_3448 Nordre Land"	"2008"	6636	63	87	-24	257	188	69	44
"K_3448 Nordre Land"	"2009"	6680	74	90	-16	229	219	10	-8
"K_3448 Nordre Land"	"2010"	6672	63	88	-25	261	193	68	44
"K_3448 Nordre Land"	"2011"	6716	54	87	-33	305	219	86	52
"K_3448 Nordre Land"	"2012"	6768	63	107	-44	250	217	33	-10
"K_3448 Nordre Land"	"2013"	6758	51	111	-60	228	227	1	-58
"K_3448 Nordre Land"	"2014"	6700	66	93	-27	296	229	67	40
"K_3448 Nordre Land"	"2015"	6740	58	89	-31	311	269	42	11
"K_3448 Nordre Land"	"2016"	6751	67	84	-17	309	271	38	22
"K_3448 Nordre Land"	"2017"	6773	49	79	-30	289	283	6	-23
"K_3448 Nordre Land"	"2018"	6750	56	92	-36	205	248	-43	-79
"K_3448 Nordre Land"	"2019"	6671	61	78	-17	221	242	-21	-38
"K_3448 Nordre Land"	"2020"	6633	38	78	-40	262	274	-12	-52
"K_3448 Nordre Land"	"2021"	6581	52	93	-41	312	273	39	-4
"K_3448 Nordre Land"	"2022"	6577	46	95	-49	273	274	-1	-50
"K_3448 Nordre Land"	"2023"	6527	47	98	-51	293	260	33	-17
"K_3448 Nordre Land"	"2024"	6510	..	..	..	..	..	..	..
"K_3449 Sør-Aurdal"	"1951"	4103	86	35	51	123	143	-20	31
"K_3449 Sør-Aurdal"	"1952"	4134	80	28	52	82	97	-15	37
"K_3449 Sør-Aurdal"	"1953"	4171	72	41	31	90	147	-57	-26
"K_3449 Sør-Aurdal"	"1954"	4145	69	39	30	90	98	-8	22
"K_3449 Sør-Aurdal"	"1955"	4167	82	46	36	82	155	-73	-48
"K_3449 Sør-Aurdal"	"1956"	4119	48	28	20	133	106	27	47
"K_3449 Sør-Aurdal"	"1957"	4166	71	47	24	94	178	-84	-60
"K_3449 Sør-Aurdal"	"1958"	4106	61	46	15	123	116	7	22
"K_3449 Sør-Aurdal"	"1959"	4128	69	39	30	91	150	-59	-29
"K_3449 Sør-Aurdal"	"1960"	4099	57	33	24	129	175	-46	-34
"K_3449 Sør-Aurdal"	"1961"	4065	62	54	8	120	171	-51	-43
"K_3449 Sør-Aurdal"	"1962"	4022	72	55	17	145	172	-27	-10
"K_3449 Sør-Aurdal"	"1963"	4012	59	47	12	99	196	-97	-85
"K_3449 Sør-Aurdal"	"1964"	3927	57	39	18	113	147	-34	-16
"K_3449 Sør-Aurdal"	"1965"	3911	60	53	7	115	172	-57	-50
"K_3449 Sør-Aurdal"	"1966"	3861	44	40	4	118	139	-21	-23
"K_3449 Sør-Aurdal"	"1967"	3838	50	38	12	107	134	-27	-15
"K_3449 Sør-Aurdal"	"1968"	3823	39	43	-4	109	148	-39	-41
"K_3449 Sør-Aurdal"	"1969"	3782	51	56	-5	143	150	-7	-12
"K_3449 Sør-Aurdal"	"1970"	3770	34	52	-18	212	187	25	6
"K_3449 Sør-Aurdal"	"1971"	3776	37	32	5	182	139	43	50
"K_3449 Sør-Aurdal"	"1972"	3826	61	55	6	121	133	-12	-14
"K_3449 Sør-Aurdal"	"1973"	3812	38	49	-11	135	111	24	12
"K_3449 Sør-Aurdal"	"1974"	3824	51	47	4	154	149	5	9
"K_3449 Sør-Aurdal"	"1975"	3833	34	53	-19	125	184	-59	-80
"K_3449 Sør-Aurdal"	"1976"	3753	31	50	-19	129	132	-3	-22
"K_3449 Sør-Aurdal"	"1977"	3731	42	49	-7	125	112	13	6
"K_3449 Sør-Aurdal"	"1978"	3737	33	54	-21	96	109	-13	-34
"K_3449 Sør-Aurdal"	"1979"	3703	30	43	-13	134	125	9	-5
"K_3449 Sør-Aurdal"	"1980"	3698	41	38	3	154	118	36	39
"K_3449 Sør-Aurdal"	"1981"	3737	41	48	-7	160	111	49	42
"K_3449 Sør-Aurdal"	"1982"	3779	28	55	-27	115	125	-10	-37
"K_3449 Sør-Aurdal"	"1983"	3742	33	59	-26	121	126	-5	-31
"K_3449 Sør-Aurdal"	"1984"	3711	32	48	-16	102	121	-19	-35
"K_3449 Sør-Aurdal"	"1985"	3676	27	44	-17	107	104	3	-13
"K_3449 Sør-Aurdal"	"1986"	3663	37	60	-23	101	122	-21	-45
"K_3449 Sør-Aurdal"	"1987"	3618	37	56	-19	137	119	18	-5
"K_3449 Sør-Aurdal"	"1988"	3613	50	57	-7	78	88	-10	-14
"K_3449 Sør-Aurdal"	"1989"	3599	34	60	-26	122	129	-7	-31
"K_3449 Sør-Aurdal"	"1990"	3568	50	53	-3	106	122	-16	-19
"K_3449 Sør-Aurdal"	"1991"	3549	25	52	-27	115	87	28	2
"K_3449 Sør-Aurdal"	"1992"	3551	42	54	-12	78	87	-9	-21
"K_3449 Sør-Aurdal"	"1993"	3530	49	56	-7	109	82	27	20
"K_3449 Sør-Aurdal"	"1994"	3550	45	55	-10	102	83	19	7
"K_3449 Sør-Aurdal"	"1995"	3557	41	66	-25	90	137	-47	-71
"K_3449 Sør-Aurdal"	"1996"	3486	44	57	-13	103	121	-18	-31
"K_3449 Sør-Aurdal"	"1997"	3455	45	54	-9	102	105	-3	-12
"K_3449 Sør-Aurdal"	"1998"	3443	39	51	-12	89	110	-21	-33
"K_3449 Sør-Aurdal"	"1999"	3410	46	63	-17	130	134	-4	-21
"K_3449 Sør-Aurdal"	"2000"	3389	41	50	-9	122	135	-13	-22
"K_3449 Sør-Aurdal"	"2001"	3367	32	51	-19	112	109	3	-15
"K_3449 Sør-Aurdal"	"2002"	3352	36	42	-6	107	127	-20	-26
"K_3449 Sør-Aurdal"	"2003"	3326	42	72	-30	105	149	-44	-75
"K_3449 Sør-Aurdal"	"2004"	3251	32	42	-10	132	109	23	14
"K_3449 Sør-Aurdal"	"2005"	3265	27	42	-15	114	124	-10	-22
"K_3449 Sør-Aurdal"	"2006"	3243	31	43	-12	79	119	-40	-49
"K_3449 Sør-Aurdal"	"2007"	3194	27	35	-8	121	132	-11	-18
"K_3449 Sør-Aurdal"	"2008"	3176	34	39	-5	122	88	34	28
"K_3449 Sør-Aurdal"	"2009"	3204	34	52	-18	112	109	3	-18
"K_3449 Sør-Aurdal"	"2010"	3186	17	32	-15	125	133	-8	-22
"K_3449 Sør-Aurdal"	"2011"	3164	35	48	-13	129	126	3	-10
"K_3449 Sør-Aurdal"	"2012"	3154	25	40	-15	134	126	8	-7
"K_3449 Sør-Aurdal"	"2013"	3147	23	36	-13	132	133	-1	-14
"K_3449 Sør-Aurdal"	"2014"	3133	30	42	-12	154	181	-27	-39
"K_3449 Sør-Aurdal"	"2015"	3094	33	41	-8	112	144	-32	-36
"K_3449 Sør-Aurdal"	"2016"	3058	30	36	-6	127	153	-26	-32
"K_3449 Sør-Aurdal"	"2017"	3026	20	38	-18	136	130	6	-12
"K_3449 Sør-Aurdal"	"2018"	3014	21	27	-6	128	156	-28	-33
"K_3449 Sør-Aurdal"	"2019"	2981	21	48	-27	111	111	0	-27
"K_3449 Sør-Aurdal"	"2020"	2954	8	44	-36	128	142	-14	-50
"K_3449 Sør-Aurdal"	"2021"	2904	10	38	-28	156	143	13	-15
"K_3449 Sør-Aurdal"	"2022"	2889	26	34	-8	131	146	-15	-23
"K_3449 Sør-Aurdal"	"2023"	2866	23	41	-18	140	155	-15	-30
"K_3449 Sør-Aurdal"	"2024"	2836	..	..	..	..	..	..	..
"K_3450 Etnedal"	"1951"	2093	31	13	18	41	162	-121	-103
"K_3450 Etnedal"	"1952"	1990	26	21	5	76	74	2	7
"K_3450 Etnedal"	"1953"	1997	24	16	8	79	77	2	10
"K_3450 Etnedal"	"1954"	2007	32	21	11	49	92	-43	-32
"K_3450 Etnedal"	"1955"	1975	24	14	10	46	59	-13	96
"K_3450 Etnedal"	"1956"	2071	24	14	10	52	93	-41	-31
"K_3450 Etnedal"	"1957"	2040	31	19	12	51	92	-41	-29
"K_3450 Etnedal"	"1958"	2011	22	18	4	64	78	-14	-10
"K_3450 Etnedal"	"1959"	2001	28	23	5	42	84	-42	-37
"K_3450 Etnedal"	"1960"	1964	22	23	-1	88	108	-20	-34
"K_3450 Etnedal"	"1961"	1930	35	24	11	52	85	-33	-22
"K_3450 Etnedal"	"1962"	1908	27	19	8	104	119	-15	-7
"K_3450 Etnedal"	"1963"	1901	37	16	21	63	66	-3	18
"K_3450 Etnedal"	"1964"	1919	27	16	11	60	71	-11	0
"K_3450 Etnedal"	"1965"	1919	24	27	-3	86	109	-23	-26
"K_3450 Etnedal"	"1966"	1893	32	15	17	47	76	-29	-23
"K_3450 Etnedal"	"1967"	1870	25	21	4	72	101	-29	-25
"K_3450 Etnedal"	"1968"	1845	24	20	4	90	112	-22	-16
"K_3450 Etnedal"	"1969"	1829	32	14	18	84	91	-7	8
"K_3450 Etnedal"	"1970"	1837	24	18	6	68	128	-60	-52
"K_3450 Etnedal"	"1971"	1785	11	23	-12	79	80	-1	-16
"K_3450 Etnedal"	"1972"	1769	18	18	0	89	82	7	6
"K_3450 Etnedal"	"1973"	1775	12	27	-15	72	66	6	-9
"K_3450 Etnedal"	"1974"	1766	21	21	0	82	75	7	8
"K_3450 Etnedal"	"1975"	1774	19	25	-6	72	74	-2	-8
"K_3450 Etnedal"	"1976"	1766	14	24	-10	62	55	7	-2
"K_3450 Etnedal"	"1977"	1764	11	22	-11	69	74	-5	-17
"K_3450 Etnedal"	"1978"	1747	22	33	-11	54	55	-1	-11
"K_3450 Etnedal"	"1979"	1736	13	43	-30	68	42	26	-4
"K_3450 Etnedal"	"1980"	1732	16	19	-3	45	68	-23	-25
"K_3450 Etnedal"	"1981"	1707	7	25	-18	53	54	-1	-19
"K_3450 Etnedal"	"1982"	1688	13	26	-13	64	61	3	-10
"K_3450 Etnedal"	"1983"	1678	17	26	-9	77	36	41	32
"K_3450 Etnedal"	"1984"	1710	20	14	6	39	52	-13	-8
"K_3450 Etnedal"	"1985"	1702	15	28	-13	61	64	-3	-12
"K_3450 Etnedal"	"1986"	1690	7	27	-20	32	47	-15	-33
"K_3450 Etnedal"	"1987"	1657	8	25	-17	53	78	-25	-41
"K_3450 Etnedal"	"1988"	1616	17	23	-6	45	52	-7	-14
"K_3450 Etnedal"	"1989"	1602	14	26	-12	56	67	-11	-22
"K_3450 Etnedal"	"1990"	1580	18	31	-13	52	54	-2	-15
"K_3450 Etnedal"	"1991"	1565	14	26	-12	44	59	-15	-29
"K_3450 Etnedal"	"1992"	1536	13	26	-13	46	61	-15	-27
"K_3450 Etnedal"	"1993"	1509	14	21	-7	54	44	10	3
"K_3450 Etnedal"	"1994"	1512	17	28	-11	47	47	0	-11
"K_3450 Etnedal"	"1995"	1501	12	26	-14	47	74	-27	-40
"K_3450 Etnedal"	"1996"	1461	22	32	-10	41	60	-19	-30
"K_3450 Etnedal"	"1997"	1431	9	24	-15	59	65	-6	-21
"K_3450 Etnedal"	"1998"	1410	20	27	-7	56	56	0	-7
"K_3450 Etnedal"	"1999"	1403	12	24	-12	64	54	10	-2
"K_3450 Etnedal"	"2000"	1401	21	28	-7	75	51	24	17
"K_3450 Etnedal"	"2001"	1418	16	17	-1	53	44	9	13
"K_3450 Etnedal"	"2002"	1431	15	16	-1	59	61	-2	-4
"K_3450 Etnedal"	"2003"	1427	9	20	-11	55	61	-6	-17
"K_3450 Etnedal"	"2004"	1410	7	22	-15	49	49	0	-13
"K_3450 Etnedal"	"2005"	1397	14	25	-11	62	63	-1	-8
"K_3450 Etnedal"	"2006"	1389	13	22	-9	68	54	14	5
"K_3450 Etnedal"	"2007"	1394	13	23	-10	36	34	2	-6
"K_3450 Etnedal"	"2008"	1388	10	17	-7	57	58	-1	-8
"K_3450 Etnedal"	"2009"	1380	18	19	-1	67	57	10	9
"K_3450 Etnedal"	"2010"	1389	14	22	-8	80	73	7	-1
"K_3450 Etnedal"	"2011"	1388	8	26	-18	133	95	38	20
"K_3450 Etnedal"	"2012"	1408	9	21	-12	127	124	3	-9
"K_3450 Etnedal"	"2013"	1399	8	20	-12	146	125	21	9
"K_3450 Etnedal"	"2014"	1408	7	19	-12	136	130	6	-6
"K_3450 Etnedal"	"2015"	1402	16	19	-3	52	130	-78	-81
"K_3450 Etnedal"	"2016"	1321	14	15	-1	105	74	31	30
"K_3450 Etnedal"	"2017"	1351	7	13	-6	61	54	7	1
"K_3450 Etnedal"	"2018"	1352	9	22	-13	39	73	-34	-47
"K_3450 Etnedal"	"2019"	1305	4	22	-18	48	56	-8	-26
"K_3450 Etnedal"	"2020"	1279	2	13	-11	63	76	-13	-22
"K_3450 Etnedal"	"2021"	1257	7	11	-4	90	84	6	-1
"K_3450 Etnedal"	"2022"	1256	10	26	-16	79	80	-1	-17
"K_3450 Etnedal"	"2023"	1239	13	18	-5	187	55	132	127
"K_3450 Etnedal"	"2024"	1366	..	..	..	..	..	..	..
"K_3451 Nord-Aurdal"	"1951"	5715	101	52	49	304	286	18	67
"K_3451 Nord-Aurdal"	"1952"	5782	96	44	52	166	232	-66	-14
"K_3451 Nord-Aurdal"	"1953"	5768	88	37	51	186	236	-50	1
"K_3451 Nord-Aurdal"	"1954"	5769	71	74	-3	199	220	-21	-24
"K_3451 Nord-Aurdal"	"1955"	5745	74	48	26	177	196	-19	-82
"K_3451 Nord-Aurdal"	"1956"	5663	92	64	28	225	235	-10	18
"K_3451 Nord-Aurdal"	"1957"	5681	78	47	31	257	279	-22	9
"K_3451 Nord-Aurdal"	"1958"	5690	103	63	40	194	224	-30	10
"K_3451 Nord-Aurdal"	"1959"	5700	84	37	47	243	283	-40	7
"K_3451 Nord-Aurdal"	"1960"	5707	77	49	28	227	326	-99	-59
"K_3451 Nord-Aurdal"	"1961"	5648	82	34	48	200	210	-10	38
"K_3451 Nord-Aurdal"	"1962"	5686	80	63	17	226	264	-38	-21
"K_3451 Nord-Aurdal"	"1963"	5665	75	71	4	232	246	-14	-10
"K_3451 Nord-Aurdal"	"1964"	5655	87	57	30	249	214	35	65
"K_3451 Nord-Aurdal"	"1965"	5720	95	66	29	275	233	42	71
"K_3451 Nord-Aurdal"	"1966"	5791	87	69	18	337	271	66	72
"K_3451 Nord-Aurdal"	"1967"	5863	102	52	50	305	337	-32	18
"K_3451 Nord-Aurdal"	"1968"	5881	63	56	7	369	373	-4	-3
"K_3451 Nord-Aurdal"	"1969"	5878	94	57	37	324	416	-92	-49
"K_3451 Nord-Aurdal"	"1970"	5829	73	46	27	433	401	32	51
"K_3451 Nord-Aurdal"	"1971"	5880	96	59	37	358	319	39	76
"K_3451 Nord-Aurdal"	"1972"	5956	74	70	4	333	291	42	51
"K_3451 Nord-Aurdal"	"1973"	6007	70	75	-5	346	274	72	64
"K_3451 Nord-Aurdal"	"1974"	6071	79	82	-3	375	306	69	62
"K_3451 Nord-Aurdal"	"1975"	6133	97	70	27	332	325	7	33
"K_3451 Nord-Aurdal"	"1976"	6166	77	79	-2	334	272	62	60
"K_3451 Nord-Aurdal"	"1977"	6226	70	64	6	364	283	81	85
"K_3451 Nord-Aurdal"	"1978"	6311	58	72	-14	308	242	66	49
"K_3451 Nord-Aurdal"	"1979"	6360	71	81	-10	290	310	-20	-27
"K_3451 Nord-Aurdal"	"1980"	6333	68	61	7	363	301	62	68
"K_3451 Nord-Aurdal"	"1981"	6401	72	67	5	406	311	95	102
"K_3451 Nord-Aurdal"	"1982"	6503	74	78	-4	384	293	91	87
"K_3451 Nord-Aurdal"	"1983"	6590	68	89	-21	314	306	8	-14
"K_3451 Nord-Aurdal"	"1984"	6576	75	67	8	270	270	0	10
"K_3451 Nord-Aurdal"	"1985"	6586	59	69	-10	305	321	-16	-26
"K_3451 Nord-Aurdal"	"1986"	6560	60	74	-14	316	319	-3	-19
"K_3451 Nord-Aurdal"	"1987"	6541	72	76	-4	416	334	82	86
"K_3451 Nord-Aurdal"	"1988"	6627	83	74	9	330	339	-9	5
"K_3451 Nord-Aurdal"	"1989"	6632	72	85	-13	258	296	-38	-59
"K_3451 Nord-Aurdal"	"1990"	6573	79	98	-19	290	335	-45	-58
"K_3451 Nord-Aurdal"	"1991"	6515	74	98	-24	288	263	25	5
"K_3451 Nord-Aurdal"	"1992"	6520	68	73	-5	285	270	15	6
"K_3451 Nord-Aurdal"	"1993"	6526	66	82	-16	333	241	92	75
"K_3451 Nord-Aurdal"	"1994"	6601	75	87	-12	278	313	-35	-49
"K_3451 Nord-Aurdal"	"1995"	6552	62	96	-34	345	291	54	18
"K_3451 Nord-Aurdal"	"1996"	6570	55	67	-12	266	312	-46	-56
"K_3451 Nord-Aurdal"	"1997"	6514	71	85	-14	318	311	7	-10
"K_3451 Nord-Aurdal"	"1998"	6504	69	76	-7	342	314	28	23
"K_3451 Nord-Aurdal"	"1999"	6527	75	103	-28	341	280	61	33
"K_3451 Nord-Aurdal"	"2000"	6560	66	87	-21	306	305	1	-19
"K_3451 Nord-Aurdal"	"2001"	6541	71	77	-6	312	304	8	-3
"K_3451 Nord-Aurdal"	"2002"	6538	65	83	-18	306	259	47	29
"K_3451 Nord-Aurdal"	"2003"	6567	73	87	-14	298	311	-13	-28
"K_3451 Nord-Aurdal"	"2004"	6539	60	84	-24	264	336	-72	-97
"K_3451 Nord-Aurdal"	"2005"	6442	55	86	-31	289	283	6	-17
"K_3451 Nord-Aurdal"	"2006"	6425	65	75	-10	261	292	-31	-37
"K_3451 Nord-Aurdal"	"2007"	6388	74	60	14	326	293	33	48
"K_3451 Nord-Aurdal"	"2008"	6436	65	61	4	324	313	11	15
"K_3451 Nord-Aurdal"	"2009"	6451	65	80	-15	267	288	-21	-36
"K_3451 Nord-Aurdal"	"2010"	6415	65	72	-7	290	296	-6	-13
"K_3451 Nord-Aurdal"	"2011"	6402	58	60	-2	353	324	29	26
"K_3451 Nord-Aurdal"	"2012"	6428	60	77	-17	299	312	-13	-32
"K_3451 Nord-Aurdal"	"2013"	6396	48	90	-42	353	288	65	21
"K_3451 Nord-Aurdal"	"2014"	6417	60	62	-2	396	345	51	49
"K_3451 Nord-Aurdal"	"2015"	6466	62	60	2	344	356	-12	-8
"K_3451 Nord-Aurdal"	"2016"	6458	55	65	-10	351	310	41	32
"K_3451 Nord-Aurdal"	"2017"	6490	59	85	-26	316	336	-20	-47
"K_3451 Nord-Aurdal"	"2018"	6443	47	67	-20	279	287	-8	-25
"K_3451 Nord-Aurdal"	"2019"	6418	57	68	-11	288	282	6	-5
"K_3451 Nord-Aurdal"	"2020"	6413	53	62	-9	257	303	-46	-53
"K_3451 Nord-Aurdal"	"2021"	6360	43	60	-17	315	303	12	-6
"K_3451 Nord-Aurdal"	"2022"	6354	63	75	-12	403	345	58	47
"K_3451 Nord-Aurdal"	"2023"	6401	53	77	-24	463	277	186	161
"K_3451 Nord-Aurdal"	"2024"	6562	..	..	..	..	..	..	..
"K_3452 Vestre Slidre"	"1951"	2518	52	22	30	82	101	-19	11
"K_3452 Vestre Slidre"	"1952"	2529	47	18	29	42	41	1	30
"K_3452 Vestre Slidre"	"1953"	2559	28	28	0	55	65	-10	-10
"K_3452 Vestre Slidre"	"1954"	2549	45	31	14	63	78	-15	-1
"K_3452 Vestre Slidre"	"1955"	2548	37	16	21	54	78	-24	-16
"K_3452 Vestre Slidre"	"1956"	2532	42	19	23	61	103	-42	-19
"K_3452 Vestre Slidre"	"1957"	2513	35	33	2	91	74	17	19
"K_3452 Vestre Slidre"	"1958"	2532	39	17	22	56	67	-11	11
"K_3452 Vestre Slidre"	"1959"	2543	32	29	3	63	117	-54	-51
"K_3452 Vestre Slidre"	"1960"	2492	36	31	5	63	103	-40	-28
"K_3452 Vestre Slidre"	"1961"	2464	48	26	22	49	51	-2	20
"K_3452 Vestre Slidre"	"1962"	2484	41	20	21	55	79	-24	-3
"K_3452 Vestre Slidre"	"1963"	2481	46	30	16	37	81	-44	-28
"K_3452 Vestre Slidre"	"1964"	2453	35	32	3	57	53	4	7
"K_3452 Vestre Slidre"	"1965"	2460	44	29	15	80	107	-27	-12
"K_3452 Vestre Slidre"	"1966"	2448	28	32	-4	45	78	-33	-58
"K_3452 Vestre Slidre"	"1967"	2390	29	32	-3	70	74	-4	-7
"K_3452 Vestre Slidre"	"1968"	2383	35	24	11	79	62	17	24
"K_3452 Vestre Slidre"	"1969"	2407	33	39	-6	69	78	-9	-14
"K_3452 Vestre Slidre"	"1970"	2393	31	31	0	73	100	-27	-32
"K_3452 Vestre Slidre"	"1971"	2361	30	32	-2	66	49	17	15
"K_3452 Vestre Slidre"	"1972"	2376	40	35	5	87	90	-3	5
"K_3452 Vestre Slidre"	"1973"	2381	30	30	0	81	72	9	8
"K_3452 Vestre Slidre"	"1974"	2389	27	27	0	108	83	25	23
"K_3452 Vestre Slidre"	"1975"	2412	30	29	1	78	63	15	18
"K_3452 Vestre Slidre"	"1976"	2430	23	37	-14	93	74	19	5
"K_3452 Vestre Slidre"	"1977"	2435	28	31	-3	84	73	11	8
"K_3452 Vestre Slidre"	"1978"	2443	25	44	-19	121	98	23	4
"K_3452 Vestre Slidre"	"1979"	2447	20	35	-15	99	88	11	-5
"K_3452 Vestre Slidre"	"1980"	2442	29	15	14	100	91	9	23
"K_3452 Vestre Slidre"	"1981"	2465	19	27	-8	57	83	-26	-34
"K_3452 Vestre Slidre"	"1982"	2431	29	30	-1	108	70	38	37
"K_3452 Vestre Slidre"	"1983"	2468	22	33	-11	76	67	9	-2
"K_3452 Vestre Slidre"	"1984"	2466	13	28	-15	74	68	6	-8
"K_3452 Vestre Slidre"	"1985"	2458	30	40	-10	91	66	25	12
"K_3452 Vestre Slidre"	"1986"	2470	19	51	-32	37	70	-33	-66
"K_3452 Vestre Slidre"	"1987"	2404	27	44	-17	287	122	165	144
"K_3452 Vestre Slidre"	"1988"	2548	22	51	-29	269	259	10	-32
"K_3452 Vestre Slidre"	"1989"	2516	32	30	2	249	242	7	9
"K_3452 Vestre Slidre"	"1990"	2525	31	41	-10	236	222	14	4
"K_3452 Vestre Slidre"	"1991"	2529	31	38	-7	305	251	54	47
"K_3452 Vestre Slidre"	"1992"	2576	38	25	13	184	251	-67	-53
"K_3452 Vestre Slidre"	"1993"	2523	31	30	1	191	163	28	28
"K_3452 Vestre Slidre"	"1994"	2551	32	32	0	123	215	-92	-93
"K_3452 Vestre Slidre"	"1995"	2458	27	39	-12	158	217	-59	-71
"K_3452 Vestre Slidre"	"1996"	2387	20	28	-8	150	183	-33	-44
"K_3452 Vestre Slidre"	"1997"	2343	26	35	-9	109	128	-19	-29
"K_3452 Vestre Slidre"	"1998"	2314	21	42	-21	153	171	-18	-42
"K_3452 Vestre Slidre"	"1999"	2272	28	44	-16	164	138	26	10
"K_3452 Vestre Slidre"	"2000"	2282	24	36	-12	151	126	25	13
"K_3452 Vestre Slidre"	"2001"	2295	26	30	-4	140	163	-23	-26
"K_3452 Vestre Slidre"	"2002"	2269	22	33	-11	129	106	23	13
"K_3452 Vestre Slidre"	"2003"	2282	31	33	-2	124	101	23	22
"K_3452 Vestre Slidre"	"2004"	2304	21	28	-7	116	168	-52	-59
"K_3452 Vestre Slidre"	"2005"	2245	20	26	-6	102	125	-23	-28
"K_3452 Vestre Slidre"	"2006"	2217	20	24	-4	98	101	-3	-5
"K_3452 Vestre Slidre"	"2007"	2212	28	25	3	117	117	0	5
"K_3452 Vestre Slidre"	"2008"	2217	20	35	-15	130	139	-9	-23
"K_3452 Vestre Slidre"	"2009"	2194	29	20	9	127	106	21	31
"K_3452 Vestre Slidre"	"2010"	2225	18	23	-5	104	107	-3	-8
"K_3452 Vestre Slidre"	"2011"	2217	21	19	2	142	129	13	15
"K_3452 Vestre Slidre"	"2012"	2232	18	28	-10	140	143	-3	-13
"K_3452 Vestre Slidre"	"2013"	2219	23	30	-7	108	131	-23	-32
"K_3452 Vestre Slidre"	"2014"	2187	12	22	-10	121	118	3	-7
"K_3452 Vestre Slidre"	"2015"	2180	16	22	-6	94	100	-6	-12
"K_3452 Vestre Slidre"	"2016"	2168	15	27	-12	102	144	-42	-54
"K_3452 Vestre Slidre"	"2017"	2114	13	19	-6	121	90	31	25
"K_3452 Vestre Slidre"	"2018"	2139	12	25	-13	129	120	9	-4
"K_3452 Vestre Slidre"	"2019"	2135	20	29	-9	118	120	-2	-10
"K_3452 Vestre Slidre"	"2020"	2125	18	22	-4	127	118	9	6
"K_3452 Vestre Slidre"	"2021"	2120	13	27	-14	114	108	6	-9
"K_3452 Vestre Slidre"	"2022"	2111	15	34	-19	129	128	1	-20
"K_3452 Vestre Slidre"	"2023"	2091	22	22	0	135	116	19	21
"K_3452 Vestre Slidre"	"2024"	2112	..	..	..	..	..	..	..
"K_3453 Øystre Slidre"	"1951"	2886	55	18	37	65	103	-38	-1
"K_3453 Øystre Slidre"	"1952"	2885	34	30	4	40	63	-23	-19
"K_3453 Øystre Slidre"	"1953"	2866	37	27	10	79	95	-16	-6
"K_3453 Øystre Slidre"	"1954"	2860	43	30	13	61	69	-8	5
"K_3453 Øystre Slidre"	"1955"	2865	41	20	21	77	88	-11	27
"K_3453 Øystre Slidre"	"1956"	2892	36	26	10	59	87	-28	-18
"K_3453 Øystre Slidre"	"1957"	2874	36	28	8	83	127	-44	-36
"K_3453 Øystre Slidre"	"1958"	2838	40	25	15	69	86	-17	-2
"K_3453 Øystre Slidre"	"1959"	2836	37	32	5	71	119	-48	-43
"K_3453 Øystre Slidre"	"1960"	2793	37	28	9	98	114	-16	-3
"K_3453 Øystre Slidre"	"1961"	2790	30	22	8	48	122	-74	-66
"K_3453 Øystre Slidre"	"1962"	2724	32	36	-4	78	80	-2	-6
"K_3453 Øystre Slidre"	"1963"	2718	42	43	-1	76	98	-22	-23
"K_3453 Øystre Slidre"	"1964"	2695	47	30	17	66	74	-8	9
"K_3453 Øystre Slidre"	"1965"	2704	39	35	4	103	94	9	13
"K_3453 Øystre Slidre"	"1966"	2717	45	38	7	129	124	5	1
"K_3453 Øystre Slidre"	"1967"	2718	38	29	9	106	105	1	10
"K_3453 Øystre Slidre"	"1968"	2728	50	28	22	133	142	-9	18
"K_3453 Øystre Slidre"	"1969"	2746	47	40	7	116	128	-12	-2
"K_3453 Øystre Slidre"	"1970"	2744	31	30	1	171	157	14	18
"K_3453 Øystre Slidre"	"1971"	2762	34	36	-2	170	113	57	55
"K_3453 Øystre Slidre"	"1972"	2817	30	27	3	148	155	-7	-5
"K_3453 Øystre Slidre"	"1973"	2812	38	35	3	153	119	34	36
"K_3453 Øystre Slidre"	"1974"	2848	37	33	4	188	164	24	28
"K_3453 Øystre Slidre"	"1975"	2876	36	45	-9	173	133	40	25
"K_3453 Øystre Slidre"	"1976"	2901	33	44	-11	172	140	32	24
"K_3453 Øystre Slidre"	"1977"	2925	35	37	-2	197	134	63	57
"K_3453 Øystre Slidre"	"1978"	2982	29	41	-12	191	170	21	8
"K_3453 Øystre Slidre"	"1979"	2990	26	43	-17	216	169	47	27
"K_3453 Øystre Slidre"	"1980"	3017	43	34	9	167	165	2	9
"K_3453 Øystre Slidre"	"1981"	3026	31	27	4	171	131	40	42
"K_3453 Øystre Slidre"	"1982"	3068	31	35	-4	150	139	11	7
"K_3453 Øystre Slidre"	"1983"	3075	34	39	-5	125	93	32	26
"K_3453 Øystre Slidre"	"1984"	3101	26	26	0	129	162	-33	-35
"K_3453 Øystre Slidre"	"1985"	3066	27	49	-22	135	105	30	8
"K_3453 Øystre Slidre"	"1986"	3074	34	39	-5	134	119	15	8
"K_3453 Øystre Slidre"	"1987"	3082	40	36	4	149	144	5	10
"K_3453 Øystre Slidre"	"1988"	3092	34	34	0	158	151	7	8
"K_3453 Øystre Slidre"	"1989"	3100	52	41	11	169	152	17	20
"K_3453 Øystre Slidre"	"1990"	3120	44	47	-3	131	140	-9	-13
"K_3453 Øystre Slidre"	"1991"	3107	43	40	3	126	122	4	10
"K_3453 Øystre Slidre"	"1992"	3117	47	43	4	104	97	7	8
"K_3453 Øystre Slidre"	"1993"	3125	31	37	-6	132	149	-17	-25
"K_3453 Øystre Slidre"	"1994"	3100	33	41	-8	137	142	-5	-12
"K_3453 Øystre Slidre"	"1995"	3088	37	40	-3	144	138	6	6
"K_3453 Øystre Slidre"	"1996"	3094	39	37	2	130	138	-8	-5
"K_3453 Øystre Slidre"	"1997"	3089	38	42	-4	126	139	-13	-16
"K_3453 Øystre Slidre"	"1998"	3073	42	38	4	114	146	-32	-26
"K_3453 Øystre Slidre"	"1999"	3047	39	42	-3	144	128	16	13
"K_3453 Øystre Slidre"	"2000"	3060	32	24	8	143	137	6	15
"K_3453 Øystre Slidre"	"2001"	3075	26	38	-12	163	165	-2	-14
"K_3453 Øystre Slidre"	"2002"	3061	32	32	0	139	108	31	28
"K_3453 Øystre Slidre"	"2003"	3089	30	26	4	128	107	21	27
"K_3453 Øystre Slidre"	"2004"	3116	28	26	2	111	115	-4	-2
"K_3453 Øystre Slidre"	"2005"	3114	36	34	2	139	117	22	23
"K_3453 Øystre Slidre"	"2006"	3137	33	37	-4	160	126	34	29
"K_3453 Øystre Slidre"	"2007"	3166	30	26	4	132	124	8	10
"K_3453 Øystre Slidre"	"2008"	3176	30	34	-4	153	145	8	5
"K_3453 Øystre Slidre"	"2009"	3181	42	25	17	161	142	19	35
"K_3453 Øystre Slidre"	"2010"	3216	28	40	-12	137	170	-33	-45
"K_3453 Øystre Slidre"	"2011"	3171	37	27	10	136	142	-6	3
"K_3453 Øystre Slidre"	"2012"	3174	18	24	-6	159	130	29	23
"K_3453 Øystre Slidre"	"2013"	3197	31	41	-10	134	115	19	9
"K_3453 Øystre Slidre"	"2014"	3206	22	35	-13	149	144	5	-7
"K_3453 Øystre Slidre"	"2015"	3199	23	32	-9	165	135	30	21
"K_3453 Øystre Slidre"	"2016"	3220	41	31	10	153	135	18	28
"K_3453 Øystre Slidre"	"2017"	3248	26	32	-6	143	164	-21	-27
"K_3453 Øystre Slidre"	"2018"	3221	20	33	-13	130	133	-3	-13
"K_3453 Øystre Slidre"	"2019"	3208	34	30	4	143	126	17	21
"K_3453 Øystre Slidre"	"2020"	3229	32	34	-2	161	161	0	-4
"K_3453 Øystre Slidre"	"2021"	3236	25	29	-4	177	158	19	16
"K_3453 Øystre Slidre"	"2022"	3252	25	34	-9	209	162	47	39
"K_3453 Øystre Slidre"	"2023"	3291	15	35	-20	225	199	26	7
"K_3453 Øystre Slidre"	"2024"	3298	..	..	..	..	..	..	..
"K_3454 Vang"	"1951"	1954	31	24	7	39	75	-36	-29
"K_3454 Vang"	"1952"	1925	36	20	16	38	41	-3	13
"K_3454 Vang"	"1953"	1938	38	18	20	30	40	-10	10
"K_3454 Vang"	"1954"	1948	35	19	16	32	33	-1	15
"K_3454 Vang"	"1955"	1963	32	18	14	41	47	-6	14
"K_3454 Vang"	"1956"	1977	41	18	23	59	48	11	34
"K_3454 Vang"	"1957"	2011	29	19	10	67	79	-12	-2
"K_3454 Vang"	"1958"	2009	29	19	10	41	83	-42	-32
"K_3454 Vang"	"1959"	1977	36	26	10	50	56	-6	4
"K_3454 Vang"	"1960"	1981	23	17	6	71	77	-6	-22
"K_3454 Vang"	"1961"	1959	24	19	5	33	66	-33	-28
"K_3454 Vang"	"1962"	1931	21	29	-8	52	67	-15	-23
"K_3454 Vang"	"1963"	1908	22	40	-18	52	71	-19	-37
"K_3454 Vang"	"1964"	1871	27	18	9	64	75	-11	-2
"K_3454 Vang"	"1965"	1869	28	23	5	70	104	-34	-29
"K_3454 Vang"	"1966"	1840	12	30	-18	66	70	-4	-46
"K_3454 Vang"	"1967"	1794	24	18	6	63	77	-14	-8
"K_3454 Vang"	"1968"	1786	11	20	-9	64	71	-7	-14
"K_3454 Vang"	"1969"	1772	32	18	14	87	112	-25	-10
"K_3454 Vang"	"1970"	1762	17	23	-6	121	128	-7	0
"K_3454 Vang"	"1971"	1762	27	14	13	144	104	40	50
"K_3454 Vang"	"1972"	1812	32	25	7	120	101	19	27
"K_3454 Vang"	"1973"	1839	26	25	1	98	133	-35	-36
"K_3454 Vang"	"1974"	1803	19	18	1	83	114	-31	-29
"K_3454 Vang"	"1975"	1774	18	16	2	84	110	-26	-23
"K_3454 Vang"	"1976"	1751	15	25	-10	72	76	-4	-14
"K_3454 Vang"	"1977"	1737	13	31	-18	105	74	31	14
"K_3454 Vang"	"1978"	1751	13	19	-6	96	100	-4	-9
"K_3454 Vang"	"1979"	1742	20	27	-7	82	81	1	-6
"K_3454 Vang"	"1980"	1736	20	15	5	90	80	10	15
"K_3454 Vang"	"1981"	1751	28	24	4	104	89	15	22
"K_3454 Vang"	"1982"	1773	18	22	-4	84	92	-8	-12
"K_3454 Vang"	"1983"	1761	21	18	3	66	87	-21	-18
"K_3454 Vang"	"1984"	1743	27	26	1	87	69	18	19
"K_3454 Vang"	"1985"	1762	19	18	1	70	81	-11	-10
"K_3454 Vang"	"1986"	1752	24	28	-4	73	73	0	-4
"K_3454 Vang"	"1987"	1748	15	21	-6	296	96	200	199
"K_3454 Vang"	"1988"	1947	29	31	-2	363	402	-39	-50
"K_3454 Vang"	"1989"	1897	20	17	3	152	230	-78	-80
"K_3454 Vang"	"1990"	1817	15	30	-15	41	59	-18	-33
"K_3454 Vang"	"1991"	1784	25	31	-6	83	122	-39	-47
"K_3454 Vang"	"1992"	1737	29	24	5	48	64	-16	-9
"K_3454 Vang"	"1993"	1728	28	21	7	66	54	12	17
"K_3454 Vang"	"1994"	1745	23	21	2	43	79	-36	-34
"K_3454 Vang"	"1995"	1711	13	20	-7	42	59	-17	-22
"K_3454 Vang"	"1996"	1689	15	22	-7	64	76	-12	-18
"K_3454 Vang"	"1997"	1671	14	22	-8	50	67	-17	-25
"K_3454 Vang"	"1998"	1646	18	21	-3	59	70	-11	-13
"K_3454 Vang"	"1999"	1633	11	27	-16	142	84	58	42
"K_3454 Vang"	"2000"	1675	11	24	-13	136	121	15	2
"K_3454 Vang"	"2001"	1677	11	24	-13	112	135	-23	-36
"K_3454 Vang"	"2002"	1641	14	26	-12	118	110	8	-5
"K_3454 Vang"	"2003"	1636	16	21	-5	89	104	-15	-20
"K_3454 Vang"	"2004"	1616	19	21	-2	99	100	-1	-3
"K_3454 Vang"	"2005"	1613	13	18	-5	103	90	13	11
"K_3454 Vang"	"2006"	1624	19	15	4	83	121	-38	-33
"K_3454 Vang"	"2007"	1591	17	28	-11	100	98	2	-9
"K_3454 Vang"	"2008"	1582	15	24	-9	92	83	9	1
"K_3454 Vang"	"2009"	1583	13	15	-2	95	85	10	7
"K_3454 Vang"	"2010"	1590	18	24	-6	116	109	7	1
"K_3454 Vang"	"2011"	1591	12	16	-4	124	94	30	26
"K_3454 Vang"	"2012"	1617	17	26	-9	90	101	-11	-20
"K_3454 Vang"	"2013"	1597	10	15	-5	122	111	11	5
"K_3454 Vang"	"2014"	1602	13	23	-10	131	104	27	17
"K_3454 Vang"	"2015"	1619	11	18	-7	155	177	-22	-29
"K_3454 Vang"	"2016"	1590	10	30	-20	186	160	26	6
"K_3454 Vang"	"2017"	1596	16	13	3	177	177	0	5
"K_3454 Vang"	"2018"	1601	17	13	4	136	131	5	9
"K_3454 Vang"	"2019"	1610	9	19	-10	116	138	-22	-32
"K_3454 Vang"	"2020"	1578	12	16	-4	134	135	-1	-5
"K_3454 Vang"	"2021"	1573	13	17	-4	143	125	18	14
"K_3454 Vang"	"2022"	1587	19	17	2	276	231	45	49
"K_3454 Vang"	"2023"	1636	17	16	1	393	383	10	9
"K_3454 Vang"	"2024"	1645	..	..	..	..	..	..	..
"K_3901 Horten"	"1951"	16875	276	160	116	1517	967	550	666
"K_3901 Horten"	"1952"	17541	304	165	139	1222	933	289	428
"K_3901 Horten"	"1953"	17969	314	163	151	1256	1053	203	354
"K_3901 Horten"	"1954"	18323	344	152	192	1865	1732	133	325
"K_3901 Horten"	"1955"	18648	276	162	114	1221	1163	58	135
"K_3901 Horten"	"1956"	18783	332	164	168	1259	1253	6	174
"K_3901 Horten"	"1957"	18957	348	152	196	1282	1290	-8	188
"K_3901 Horten"	"1958"	19145	314	175	139	1232	1206	26	165
"K_3901 Horten"	"1959"	19310	326	165	161	1217	1188	29	190
"K_3901 Horten"	"1960"	19500	353	170	183	1341	1261	80	309
"K_3901 Horten"	"1961"	19809	347	205	142	1391	1403	-12	130
"K_3901 Horten"	"1962"	19939	329	186	143	1503	1538	-35	108
"K_3901 Horten"	"1963"	20047	359	210	149	1358	1744	-386	-237
"K_3901 Horten"	"1964"	19810	357	183	174	1144	1333	-189	-15
"K_3901 Horten"	"1965"	19921	366	174	192	1396	1331	65	257
"K_3901 Horten"	"1966"	20178	334	215	119	1420	1519	-99	8
"K_3901 Horten"	"1967"	20186	355	188	167	1527	1395	132	299
"K_3901 Horten"	"1968"	20485	347	217	130	1547	1316	231	369
"K_3901 Horten"	"1969"	20854	377	231	146	1770	1580	190	338
"K_3901 Horten"	"1970"	21192	371	208	163	1850	1801	49	216
"K_3901 Horten"	"1971"	21408	372	201	171	1429	1369	60	197
"K_3901 Horten"	"1972"	21605	367	232	135	1650	1592	58	208
"K_3901 Horten"	"1973"	21813	339	236	103	1701	1713	-12	104
"K_3901 Horten"	"1974"	21917	307	235	72	1848	1700	148	206
"K_3901 Horten"	"1975"	22123	286	221	65	1626	1625	1	52
"K_3901 Horten"	"1976"	22175	280	205	75	1313	1503	-190	-109
"K_3901 Horten"	"1977"	22066	221	218	3	1242	1278	-36	-36
"K_3901 Horten"	"1978"	22030	206	254	-48	1185	1227	-42	-93
"K_3901 Horten"	"1979"	21937	219	246	-27	1228	1375	-147	-177
"K_3901 Horten"	"1980"	21760	222	236	-14	1352	1407	-55	-64
"K_3901 Horten"	"1981"	21696	247	256	-9	1375	1407	-32	-38
"K_3901 Horten"	"1982"	21658	219	240	-21	1429	1349	80	17
"K_3901 Horten"	"1983"	21675	240	227	13	1376	1276	100	116
"K_3901 Horten"	"1984"	21791	232	257	-25	1419	1279	140	122
"K_3901 Horten"	"1985"	21913	239	257	-18	1437	1343	94	71
"K_3901 Horten"	"1986"	21984	278	252	26	1409	1330	79	108
"K_3901 Horten"	"1987"	22092	252	245	7	1596	1461	135	142
"K_3901 Horten"	"1988"	22228	271	246	25	1096	984	112	125
"K_3901 Horten"	"1989"	22353	276	249	27	1095	958	137	154
"K_3901 Horten"	"1990"	22507	311	268	43	937	943	-6	43
"K_3901 Horten"	"1991"	22550	299	277	22	982	858	124	135
"K_3901 Horten"	"1992"	22685	307	232	75	918	881	37	110
"K_3901 Horten"	"1993"	22795	259	277	-18	980	947	33	10
"K_3901 Horten"	"1994"	22805	326	257	69	1044	974	70	140
"K_3901 Horten"	"1995"	22945	287	251	36	1188	1015	173	211
"K_3901 Horten"	"1996"	23156	268	247	21	1073	1020	53	72
"K_3901 Horten"	"1997"	23228	326	243	83	1158	990	168	251
"K_3901 Horten"	"1998"	23479	238	221	17	1213	1123	90	103
"K_3901 Horten"	"1999"	23582	286	262	24	1175	1014	161	182
"K_3901 Horten"	"2000"	23764	255	235	20	1227	960	267	285
"K_3901 Horten"	"2001"	24049	284	231	53	1343	1148	195	253
"K_3901 Horten"	"2002"	24302	243	259	-16	1322	1052	270	255
"K_3901 Horten"	"2003"	24557	302	263	39	1139	1070	69	114
"K_3901 Horten"	"2004"	24671	295	291	4	1160	1066	94	97
"K_3901 Horten"	"2005"	24768	253	233	20	1162	1067	95	103
"K_3901 Horten"	"2006"	24871	241	258	-17	1276	1120	156	140
"K_3901 Horten"	"2007"	25011	278	259	19	1332	1261	71	87
"K_3901 Horten"	"2008"	25098	259	247	12	1450	1090	360	373
"K_3901 Horten"	"2009"	25471	282	237	45	1319	1164	155	207
"K_3901 Horten"	"2010"	25678	279	245	34	1496	1171	325	358
"K_3901 Horten"	"2011"	26036	284	221	63	1548	1345	203	271
"K_3901 Horten"	"2012"	26307	257	218	39	1603	1354	249	288
"K_3901 Horten"	"2013"	26595	258	243	15	1559	1418	141	156
"K_3901 Horten"	"2014"	26751	265	220	45	1499	1392	107	152
"K_3901 Horten"	"2015"	26903	260	258	2	1724	1453	271	275
"K_3901 Horten"	"2016"	27178	241	261	-20	1583	1544	39	24
"K_3901 Horten"	"2017"	27202	224	253	-29	1577	1436	141	115
"K_3901 Horten"	"2018"	27317	197	228	-31	1545	1495	50	18
"K_3901 Horten"	"2019"	27334	203	262	-59	1497	1433	64	7
"K_3901 Horten"	"2020"	27351	203	235	-32	1583	1398	185	159
"K_3901 Horten"	"2021"	27510	220	260	-40	1592	1561	31	-8
"K_3901 Horten"	"2022"	27502	209	286	-77	1650	1401	249	180
"K_3901 Horten"	"2023"	27682	214	248	-34	1844	1560	284	257
"K_3901 Horten"	"2024"	27939	..	..	..	..	..	..	..
"K_3903 Holmestrand"	"1951"	12755	220	104	116	1018	927	91	207
"K_3903 Holmestrand"	"1952"	12962	232	108	124	810	732	78	202
"K_3903 Holmestrand"	"1953"	13164	229	116	113	907	817	90	203
"K_3903 Holmestrand"	"1954"	13367	225	101	124	779	754	25	149
"K_3903 Holmestrand"	"1955"	13516	226	123	103	731	819	-88	106
"K_3903 Holmestrand"	"1956"	13622	251	140	111	903	829	74	185
"K_3903 Holmestrand"	"1957"	13807	239	127	112	737	803	-66	46
"K_3903 Holmestrand"	"1958"	13853	222	132	90	574	633	-59	31
"K_3903 Holmestrand"	"1959"	13884	223	134	89	563	611	-48	41
"K_3903 Holmestrand"	"1960"	13925	205	139	66	750	678	72	18
"K_3903 Holmestrand"	"1961"	13943	222	141	81	785	702	83	164
"K_3903 Holmestrand"	"1962"	14107	249	166	83	830	787	43	126
"K_3903 Holmestrand"	"1963"	14233	227	162	65	805	687	118	183
"K_3903 Holmestrand"	"1964"	14416	235	154	81	702	661	41	122
"K_3903 Holmestrand"	"1965"	14538	240	150	90	739	692	47	137
"K_3903 Holmestrand"	"1966"	14544	240	121	119	804	693	111	77
"K_3903 Holmestrand"	"1967"	14621	243	143	100	713	716	-3	97
"K_3903 Holmestrand"	"1968"	14718	245	170	75	874	731	143	221
"K_3903 Holmestrand"	"1969"	14939	244	148	96	1016	797	219	305
"K_3903 Holmestrand"	"1970"	15244	224	167	57	1254	1005	249	275
"K_3903 Holmestrand"	"1971"	15519	253	174	79	1024	783	241	310
"K_3903 Holmestrand"	"1972"	15829	267	138	129	1018	839	179	309
"K_3903 Holmestrand"	"1973"	16138	244	149	95	1095	960	135	210
"K_3903 Holmestrand"	"1974"	16348	228	173	55	908	902	6	52
"K_3903 Holmestrand"	"1975"	16400	195	178	17	975	887	88	86
"K_3903 Holmestrand"	"1976"	16486	210	189	21	1103	702	401	420
"K_3903 Holmestrand"	"1977"	16906	211	161	50	824	749	75	127
"K_3903 Holmestrand"	"1978"	17033	184	148	36	862	764	98	133
"K_3903 Holmestrand"	"1979"	17166	211	163	48	970	871	99	160
"K_3903 Holmestrand"	"1980"	17326	195	179	16	890	915	-25	-20
"K_3903 Holmestrand"	"1981"	17306	170	173	-3	903	777	126	126
"K_3903 Holmestrand"	"1982"	17432	191	176	15	1118	807	311	328
"K_3903 Holmestrand"	"1983"	17760	227	179	48	1112	1003	109	160
"K_3903 Holmestrand"	"1984"	17920	231	173	58	1134	895	239	296
"K_3903 Holmestrand"	"1985"	18216	216	184	32	1029	878	151	196
"K_3903 Holmestrand"	"1986"	18412	228	194	34	946	978	-32	8
"K_3903 Holmestrand"	"1987"	18420	218	202	16	1082	947	135	149
"K_3903 Holmestrand"	"1988"	18569	230	198	32	1137	1026	111	145
"K_3903 Holmestrand"	"1989"	18714	240	204	36	1011	969	42	75
"K_3903 Holmestrand"	"1990"	18789	261	207	54	1031	1023	8	64
"K_3903 Holmestrand"	"1991"	18853	241	210	31	917	995	-78	-37
"K_3903 Holmestrand"	"1992"	18816	228	183	45	877	893	-16	25
"K_3903 Holmestrand"	"1993"	18841	240	195	45	1023	1023	0	53
"K_3903 Holmestrand"	"1994"	18894	218	204	14	1184	1156	28	41
"K_3903 Holmestrand"	"1995"	18935	240	170	70	1001	1066	-65	7
"K_3903 Holmestrand"	"1996"	18942	231	169	62	1080	1008	72	135
"K_3903 Holmestrand"	"1997"	19077	214	192	22	1120	983	137	160
"K_3903 Holmestrand"	"1998"	19237	207	191	16	1193	1013	180	190
"K_3903 Holmestrand"	"1999"	19427	234	218	16	1295	1084	211	225
"K_3903 Holmestrand"	"2000"	19652	230	216	14	1263	1098	165	180
"K_3903 Holmestrand"	"2001"	19832	210	187	23	1236	1101	135	151
"K_3903 Holmestrand"	"2002"	19983	204	213	-9	1164	1055	109	97
"K_3903 Holmestrand"	"2003"	20080	235	204	31	1178	1157	21	57
"K_3903 Holmestrand"	"2004"	20137	228	166	62	1233	1085	148	205
"K_3903 Holmestrand"	"2005"	20342	241	177	64	1108	1036	72	131
"K_3903 Holmestrand"	"2006"	20473	222	209	13	1364	1199	165	179
"K_3903 Holmestrand"	"2007"	20652	226	186	40	1358	1122	236	273
"K_3903 Holmestrand"	"2008"	20925	235	215	20	1325	1033	292	311
"K_3903 Holmestrand"	"2009"	21236	229	194	35	1220	1063	157	196
"K_3903 Holmestrand"	"2010"	21432	229	176	53	1476	1207	269	322
"K_3903 Holmestrand"	"2011"	21754	219	221	-2	1450	1225	225	225
"K_3903 Holmestrand"	"2012"	21979	221	206	15	1556	1303	253	266
"K_3903 Holmestrand"	"2013"	22245	218	190	28	1555	1248	307	338
"K_3903 Holmestrand"	"2014"	22583	243	184	59	1575	1292	283	341
"K_3903 Holmestrand"	"2015"	22924	213	202	11	1503	1239	264	277
"K_3903 Holmestrand"	"2016"	23201	251	197	54	1634	1358	276	332
"K_3903 Holmestrand"	"2017"	23533	231	211	20	1749	1359	390	405
"K_3903 Holmestrand"	"2018"	23938	233	210	23	1662	1349	313	337
"K_3903 Holmestrand"	"2019"	24275	212	175	37	1541	1302	239	276
"K_3903 Holmestrand"	"2020"	24699	226	199	27	1510	1230	280	312
"K_3903 Holmestrand"	"2021"	25011	218	201	17	2011	1360	651	670
"K_3903 Holmestrand"	"2022"	25681	242	225	17	1730	1222	508	525
"K_3903 Holmestrand"	"2023"	26206	273	237	36	2092	1463	629	666
"K_3903 Holmestrand"	"2024"	26872	..	..	..	..	..	..	..
"K_3905 Tønsberg"	"1951"	30823	552	278	274	1818	1852	-34	240
"K_3905 Tønsberg"	"1952"	31063	529	278	251	1856	1920	-64	187
"K_3905 Tønsberg"	"1953"	31250	548	288	260	2112	1969	143	403
"K_3905 Tønsberg"	"1954"	31653	561	297	264	2021	1917	104	368
"K_3905 Tønsberg"	"1955"	32021	561	254	307	2124	2064	60	280
"K_3905 Tønsberg"	"1956"	32301	580	313	267	1921	2069	-148	119
"K_3905 Tønsberg"	"1957"	32420	543	294	249	2029	1953	76	325
"K_3905 Tønsberg"	"1958"	32745	570	318	252	2074	1967	107	359
"K_3905 Tønsberg"	"1959"	33104	552	311	241	2310	1777	533	774
"K_3905 Tønsberg"	"1960"	33878	586	321	265	2555	2431	124	492
"K_3905 Tønsberg"	"1961"	34370	570	320	250	2385	2398	-13	237
"K_3905 Tønsberg"	"1962"	34607	607	340	267	2225	2247	-22	245
"K_3905 Tønsberg"	"1963"	34852	585	384	201	2179	2347	-168	33
"K_3905 Tønsberg"	"1964"	34885	575	325	250	2293	2237	56	306
"K_3905 Tønsberg"	"1965"	35065	598	378	220	2384	2268	116	336
"K_3905 Tønsberg"	"1966"	35401	625	367	258	2275	2362	-87	110
"K_3905 Tønsberg"	"1967"	35514	556	364	192	2598	2530	68	260
"K_3905 Tønsberg"	"1968"	35774	584	364	220	2580	2532	48	282
"K_3905 Tønsberg"	"1969"	36056	590	376	214	2722	2631	91	318
"K_3905 Tønsberg"	"1970"	36374	535	357	178	2994	3010	-16	125
"K_3905 Tønsberg"	"1971"	36499	536	394	142	2522	2501	21	164
"K_3905 Tønsberg"	"1972"	36663	539	387	152	2489	2544	-55	110
"K_3905 Tønsberg"	"1973"	36773	479	371	108	2519	2722	-203	-107
"K_3905 Tønsberg"	"1974"	36666	457	404	53	2863	2792	71	114
"K_3905 Tønsberg"	"1975"	36780	434	398	36	2677	2631	46	71
"K_3905 Tønsberg"	"1976"	36851	460	402	58	2725	2688	37	97
"K_3905 Tønsberg"	"1977"	36948	411	381	30	2559	2459	100	118
"K_3905 Tønsberg"	"1978"	37066	472	436	36	2385	2483	-98	-63
"K_3905 Tønsberg"	"1979"	37003	477	391	86	2564	2582	-18	69
"K_3905 Tønsberg"	"1980"	37072	422	375	47	2509	2452	57	97
"K_3905 Tønsberg"	"1981"	37169	423	341	82	2544	2533	11	100
"K_3905 Tønsberg"	"1982"	37269	385	414	-29	2671	2643	28	-5
"K_3905 Tønsberg"	"1983"	37264	409	427	-18	2581	2442	139	119
"K_3905 Tønsberg"	"1984"	37383	402	435	-33	2794	2728	66	28
"K_3905 Tønsberg"	"1985"	37411	413	435	-22	2965	2583	382	350
"K_3905 Tønsberg"	"1986"	37761	430	467	-37	2888	2647	241	187
"K_3905 Tønsberg"	"1987"	37948	444	434	10	2857	2732	125	129
"K_3905 Tønsberg"	"1988"	38077	475	450	25	2554	2397	157	191
"K_3905 Tønsberg"	"1989"	38268	511	438	73	2678	2405	273	342
"K_3905 Tønsberg"	"1990"	38610	486	436	50	2625	2354	271	328
"K_3905 Tønsberg"	"1991"	38938	470	417	53	2491	2257	234	281
"K_3905 Tønsberg"	"1992"	39219	524	448	76	2698	2190	508	593
"K_3905 Tønsberg"	"1993"	39812	500	501	-1	2689	2307	382	368
"K_3905 Tønsberg"	"1994"	40180	500	441	59	2818	2616	202	264
"K_3905 Tønsberg"	"1995"	40444	495	475	20	2930	2627	303	312
"K_3905 Tønsberg"	"1996"	40756	501	412	89	3011	2589	422	509
"K_3905 Tønsberg"	"1997"	41265	545	465	80	3158	2688	470	548
"K_3905 Tønsberg"	"1998"	41813	511	476	35	3357	2782	575	620
"K_3905 Tønsberg"	"1999"	42433	504	500	4	3281	3067	214	219
"K_3905 Tønsberg"	"2000"	42652	552	433	119	3360	2948	412	531
"K_3905 Tønsberg"	"2001"	43183	545	422	123	3359	3166	193	315
"K_3905 Tønsberg"	"2002"	43498	454	438	16	3240	3001	239	269
"K_3905 Tønsberg"	"2003"	43767	488	437	51	3389	2962	427	473
"K_3905 Tønsberg"	"2004"	44240	471	479	-8	3230	2824	406	394
"K_3905 Tønsberg"	"2005"	44634	539	414	125	3330	2925	405	528
"K_3905 Tønsberg"	"2006"	45162	532	391	141	3719	3194	525	652
"K_3905 Tønsberg"	"2007"	45814	566	446	120	4028	3129	899	1022
"K_3905 Tønsberg"	"2008"	46836	560	462	98	3520	3001	519	605
"K_3905 Tønsberg"	"2009"	47441	537	449	88	3498	2958	540	636
"K_3905 Tønsberg"	"2010"	48077	558	422	136	3650	3285	365	502
"K_3905 Tønsberg"	"2011"	48579	575	425	150	4109	3227	882	1034
"K_3905 Tønsberg"	"2012"	49613	546	425	121	3822	3321	501	620
"K_3905 Tønsberg"	"2013"	50233	580	421	159	3853	3560	293	461
"K_3905 Tønsberg"	"2014"	50694	536	487	49	4028	3598	430	479
"K_3905 Tønsberg"	"2015"	51173	546	415	131	3961	3635	326	464
"K_3905 Tønsberg"	"2016"	51637	545	439	106	4014	3570	444	556
"K_3905 Tønsberg"	"2017"	54408	531	420	111	4211	3752	459	571
"K_3905 Tønsberg"	"2018"	54981	546	433	113	4208	3600	608	723
"K_3905 Tønsberg"	"2019"	55706	531	453	78	4280	3612	668	745
"K_3905 Tønsberg"	"2020"	56293	562	437	125	3890	3289	601	733
"K_3905 Tønsberg"	"2021"	57026	542	438	104	4165	3490	675	768
"K_3905 Tønsberg"	"2022"	57794	495	514	-19	4149	3341	808	767
"K_3905 Tønsberg"	"2023"	58561	493	470	23	4026	3439	587	613
"K_3905 Tønsberg"	"2024"	59174	..	..	..	..	..	..	..
"K_3907 Sandefjord"	"1951"	33635	605	276	329	1667	1569	98	427
"K_3907 Sandefjord"	"1952"	34062	662	278	384	1471	1582	-111	273
"K_3907 Sandefjord"	"1953"	34335	711	279	432	1806	1702	104	536
"K_3907 Sandefjord"	"1954"	34871	663	292	371	1719	1609	110	481
"K_3907 Sandefjord"	"1955"	35352	641	289	352	1806	1697	109	455
"K_3907 Sandefjord"	"1956"	35807	694	313	381	2194	1961	233	614
"K_3907 Sandefjord"	"1957"	36421	649	322	327	1870	1890	-20	307
"K_3907 Sandefjord"	"1958"	36728	679	320	359	1927	1956	-29	330
"K_3907 Sandefjord"	"1959"	37058	710	339	371	1895	1785	110	481
"K_3907 Sandefjord"	"1960"	37539	733	338	395	2200	2032	168	658
"K_3907 Sandefjord"	"1961"	38197	647	312	335	2047	2082	-35	300
"K_3907 Sandefjord"	"1962"	38497	622	346	276	2002	2014	-12	264
"K_3907 Sandefjord"	"1963"	38761	724	402	322	2127	2208	-81	241
"K_3907 Sandefjord"	"1964"	38837	695	366	329	2000	2010	-10	319
"K_3907 Sandefjord"	"1965"	39156	698	326	372	2181	2104	77	449
"K_3907 Sandefjord"	"1966"	39605	678	351	327	2224	2047	177	421
"K_3907 Sandefjord"	"1967"	40023	725	390	335	2405	2176	229	564
"K_3907 Sandefjord"	"1968"	40587	702	376	326	1787	1552	235	570
"K_3907 Sandefjord"	"1969"	41157	676	381	295	1886	1677	209	525
"K_3907 Sandefjord"	"1970"	41682	705	386	319	2335	1943	392	706
"K_3907 Sandefjord"	"1971"	42388	688	415	273	2009	1607	402	664
"K_3907 Sandefjord"	"1972"	43052	715	454	261	1897	1628	269	542
"K_3907 Sandefjord"	"1973"	43594	614	427	187	1956	1675	281	454
"K_3907 Sandefjord"	"1974"	44048	595	428	167	1850	1857	-7	146
"K_3907 Sandefjord"	"1975"	44194	607	433	174	1842	1686	156	319
"K_3907 Sandefjord"	"1976"	44513	564	448	116	1746	1632	114	232
"K_3907 Sandefjord"	"1977"	44745	509	463	46	2018	1612	406	447
"K_3907 Sandefjord"	"1978"	45192	557	447	110	1981	1483	498	611
"K_3907 Sandefjord"	"1979"	45803	552	502	50	2093	1578	515	544
"K_3907 Sandefjord"	"1980"	46347	554	469	85	1949	1656	293	371
"K_3907 Sandefjord"	"1981"	46718	520	476	44	2030	1704	326	366
"K_3907 Sandefjord"	"1982"	47084	545	483	62	1881	1602	279	333
"K_3907 Sandefjord"	"1983"	47417	564	467	97	1786	1812	-26	72
"K_3907 Sandefjord"	"1984"	47489	529	451	78	1953	1839	114	190
"K_3907 Sandefjord"	"1985"	47679	501	491	10	2089	1821	268	257
"K_3907 Sandefjord"	"1986"	47936	582	505	77	2239	1890	349	440
"K_3907 Sandefjord"	"1987"	48376	596	518	78	2187	2017	170	243
"K_3907 Sandefjord"	"1988"	48619	642	493	149	2312	2018	294	441
"K_3907 Sandefjord"	"1989"	49060	624	483	141	2037	2157	-120	22
"K_3907 Sandefjord"	"1990"	49082	621	520	101	2323	1988	335	436
"K_3907 Sandefjord"	"1991"	49518	628	500	128	2184	2005	179	309
"K_3907 Sandefjord"	"1992"	49827	665	498	167	2075	1935	140	295
"K_3907 Sandefjord"	"1993"	50122	636	518	118	2313	2167	146	267
"K_3907 Sandefjord"	"1994"	50389	643	518	125	2424	2189	235	362
"K_3907 Sandefjord"	"1995"	50751	655	531	124	2549	2267	282	401
"K_3907 Sandefjord"	"1996"	51152	667	476	191	2520	2329	191	382
"K_3907 Sandefjord"	"1997"	51534	638	513	125	2811	2213	598	726
"K_3907 Sandefjord"	"1998"	52260	647	571	76	2901	2416	485	564
"K_3907 Sandefjord"	"1999"	52824	637	546	91	2983	2344	639	728
"K_3907 Sandefjord"	"2000"	53552	631	566	65	3135	2574	561	624
"K_3907 Sandefjord"	"2001"	54176	594	588	6	3207	2662	545	541
"K_3907 Sandefjord"	"2002"	54717	619	542	77	3385	2602	783	863
"K_3907 Sandefjord"	"2003"	55580	597	529	68	3026	2661	365	428
"K_3907 Sandefjord"	"2004"	56008	596	519	77	2949	2645	304	378
"K_3907 Sandefjord"	"2005"	56386	647	562	85	3186	2831	355	443
"K_3907 Sandefjord"	"2006"	56829	653	535	118	3071	2743	328	450
"K_3907 Sandefjord"	"2007"	57279	590	497	93	3456	2772	684	771
"K_3907 Sandefjord"	"2008"	58050	621	526	95	3394	2791	603	711
"K_3907 Sandefjord"	"2009"	58761	663	561	102	3404	2854	550	653
"K_3907 Sandefjord"	"2010"	59414	618	479	139	3750	3141	609	735
"K_3907 Sandefjord"	"2011"	60149	629	518	111	3968	3432	536	627
"K_3907 Sandefjord"	"2012"	60776	618	499	119	3881	3204	677	797
"K_3907 Sandefjord"	"2013"	61573	622	555	67	3857	3290	567	631
"K_3907 Sandefjord"	"2014"	62204	613	543	70	3738	3368	370	443
"K_3907 Sandefjord"	"2015"	62647	651	520	131	3819	3199	620	767
"K_3907 Sandefjord"	"2016"	63414	620	522	98	3986	3259	727	827
"K_3907 Sandefjord"	"2017"	62019	600	520	80	3582	3076	506	603
"K_3907 Sandefjord"	"2018"	62615	599	529	70	3445	2859	586	663
"K_3907 Sandefjord"	"2019"	63271	561	504	57	3447	3019	428	493
"K_3907 Sandefjord"	"2020"	63764	543	517	26	3483	2929	554	581
"K_3907 Sandefjord"	"2021"	64345	575	547	28	3614	3057	557	598
"K_3907 Sandefjord"	"2022"	64943	521	565	-44	3573	2896	677	631
"K_3907 Sandefjord"	"2023"	65574	523	611	-88	3505	2765	740	657
"K_3907 Sandefjord"	"2024"	66231	..	..	..	..	..	..	..
"K_3909 Larvik"	"1951"	31402	577	263	314	1356	1392	-36	278
"K_3909 Larvik"	"1952"	31680	595	276	319	1485	1251	234	553
"K_3909 Larvik"	"1953"	32233	625	306	319	1398	1460	-62	257
"K_3909 Larvik"	"1954"	32490	580	312	268	1389	1431	-42	226
"K_3909 Larvik"	"1955"	32716	605	302	303	1596	1694	-98	243
"K_3909 Larvik"	"1956"	32959	571	296	275	1593	1718	-125	150
"K_3909 Larvik"	"1957"	33109	557	306	251	1753	1758	-5	246
"K_3909 Larvik"	"1958"	33355	602	348	254	1481	1573	-92	162
"K_3909 Larvik"	"1959"	33517	592	323	269	1555	1552	3	272
"K_3909 Larvik"	"1960"	33789	572	324	248	1787	1812	-25	338
"K_3909 Larvik"	"1961"	34127	534	333	201	1877	1745	132	333
"K_3909 Larvik"	"1962"	34460	513	363	150	1752	1687	65	215
"K_3909 Larvik"	"1963"	34675	498	359	139	1733	1840	-107	32
"K_3909 Larvik"	"1964"	34604	514	295	219	1589	1642	-53	166
"K_3909 Larvik"	"1965"	34770	551	348	203	1808	1675	133	336
"K_3909 Larvik"	"1966"	35106	552	397	155	1977	1853	124	279
"K_3909 Larvik"	"1967"	35385	510	371	139	1969	1877	92	231
"K_3909 Larvik"	"1968"	35616	502	386	116	2033	1850	183	315
"K_3909 Larvik"	"1969"	35931	550	380	170	1915	1928	-13	155
"K_3909 Larvik"	"1970"	36086	545	387	158	2378	2208	170	313
"K_3909 Larvik"	"1971"	36399	545	415	130	2233	2105	128	255
"K_3909 Larvik"	"1972"	36654	566	396	170	1989	2047	-58	113
"K_3909 Larvik"	"1973"	36767	493	414	79	2305	2116	189	265
"K_3909 Larvik"	"1974"	37032	470	427	43	2441	2157	284	320
"K_3909 Larvik"	"1975"	37352	522	420	102	2511	2434	77	176
"K_3909 Larvik"	"1976"	37528	429	456	-27	2130	2133	-3	-32
"K_3909 Larvik"	"1977"	37496	434	441	-7	2391	2204	187	182
"K_3909 Larvik"	"1978"	37678	411	427	-16	2369	2259	110	101
"K_3909 Larvik"	"1979"	37779	439	435	4	1951	1960	-9	-9
"K_3909 Larvik"	"1980"	37770	413	434	-21	2412	2224	188	166
"K_3909 Larvik"	"1981"	37936	424	418	6	2319	2048	271	280
"K_3909 Larvik"	"1982"	38216	447	419	28	2473	2184	289	314
"K_3909 Larvik"	"1983"	38530	392	401	-9	2408	2139	269	254
"K_3909 Larvik"	"1984"	38784	463	423	40	2671	2523	148	192
"K_3909 Larvik"	"1985"	38976	430	452	-22	2306	2178	128	133
"K_3909 Larvik"	"1986"	39109	459	467	-8	2717	2404	313	289
"K_3909 Larvik"	"1987"	39398	447	456	-9	2779	2295	484	476
"K_3909 Larvik"	"1988"	39883	477	461	16	1489	1212	277	294
"K_3909 Larvik"	"1989"	40177	521	450	71	1393	1223	170	248
"K_3909 Larvik"	"1990"	40425	496	479	17	1339	1159	180	202
"K_3909 Larvik"	"1991"	40627	536	409	127	1392	1193	199	326
"K_3909 Larvik"	"1992"	40953	471	475	-4	1318	1188	130	136
"K_3909 Larvik"	"1993"	41089	504	487	17	1309	1208	101	116
"K_3909 Larvik"	"1994"	41205	474	427	47	1405	1306	99	156
"K_3909 Larvik"	"1995"	41361	508	514	-6	1428	1360	68	65
"K_3909 Larvik"	"1996"	41426	514	448	66	1439	1234	205	274
"K_3909 Larvik"	"1997"	41700	495	462	33	1617	1273	344	378
"K_3909 Larvik"	"1998"	42078	455	476	-21	1622	1265	357	338
"K_3909 Larvik"	"1999"	42416	488	467	21	1678	1347	331	349
"K_3909 Larvik"	"2000"	42765	494	472	22	1782	1481	301	327
"K_3909 Larvik"	"2001"	43092	457	481	-24	1665	1544	121	89
"K_3909 Larvik"	"2002"	43181	422	444	-22	1660	1538	122	102
"K_3909 Larvik"	"2003"	43283	441	429	12	1618	1537	81	93
"K_3909 Larvik"	"2004"	43376	446	403	43	1651	1508	143	185
"K_3909 Larvik"	"2005"	43561	448	431	17	1665	1589	76	95
"K_3909 Larvik"	"2006"	43656	478	443	35	1726	1638	88	128
"K_3909 Larvik"	"2007"	43784	422	481	-59	1871	1491	380	322
"K_3909 Larvik"	"2008"	44106	496	458	38	1750	1393	357	397
"K_3909 Larvik"	"2009"	44503	501	444	57	1715	1451	264	318
"K_3909 Larvik"	"2010"	44821	455	445	10	1860	1649	211	237
"K_3909 Larvik"	"2011"	45058	480	424	56	2029	1787	242	302
"K_3909 Larvik"	"2012"	45360	419	457	-38	1835	1590	245	207
"K_3909 Larvik"	"2013"	45567	411	447	-36	1928	1746	182	151
"K_3909 Larvik"	"2014"	45718	381	416	-35	2106	1817	289	251
"K_3909 Larvik"	"2015"	45969	438	416	22	2131	1785	346	372
"K_3909 Larvik"	"2016"	46341	424	447	-23	2078	1837	241	216
"K_3909 Larvik"	"2017"	46557	416	439	-23	2350	2092	258	244
"K_3909 Larvik"	"2018"	46801	397	441	-44	2259	1920	339	306
"K_3909 Larvik"	"2019"	47107	452	371	81	1948	1932	16	97
"K_3909 Larvik"	"2020"	47204	363	412	-49	2134	1789	345	295
"K_3909 Larvik"	"2021"	47499	404	463	-59	2232	1892	340	278
"K_3909 Larvik"	"2022"	47777	353	517	-164	2453	1820	633	469
"K_3909 Larvik"	"2023"	48246	366	448	-82	2521	1974	547	469
"K_3909 Larvik"	"2024"	48715	..	..	..	..	..	..	..
"K_3911 Færder"	"1951"	14129	255	133	122	713	666	47	169
"K_3911 Færder"	"1952"	14298	269	120	149	794	718	76	225
"K_3911 Færder"	"1953"	14523	244	135	109	868	825	43	152
"K_3911 Færder"	"1954"	14675	288	138	150	792	763	29	179
"K_3911 Færder"	"1955"	14854	270	141	129	1004	944	60	333
"K_3911 Færder"	"1956"	15187	263	150	113	969	947	22	135
"K_3911 Færder"	"1957"	15322	290	145	145	988	901	87	232
"K_3911 Færder"	"1958"	15554	281	143	138	944	852	92	230
"K_3911 Færder"	"1959"	15784	292	156	136	908	787	121	257
"K_3911 Færder"	"1960"	16041	282	179	103	1159	996	163	194
"K_3911 Færder"	"1961"	16235	316	172	144	1189	961	228	372
"K_3911 Færder"	"1962"	16607	283	152	131	1083	985	98	229
"K_3911 Færder"	"1963"	16836	286	191	95	1114	1041	73	168
"K_3911 Færder"	"1964"	17169	259	164	95	1095	1051	44	139
"K_3911 Færder"	"1965"	17308	285	178	107	1024	1033	-9	98
"K_3911 Færder"	"1966"	17406	284	190	94	1179	1014	165	282
"K_3911 Færder"	"1967"	17688	302	159	143	1252	994	258	401
"K_3911 Færder"	"1968"	18089	271	185	86	1296	1058	238	299
"K_3911 Færder"	"1969"	18388	275	171	104	1308	1203	105	217
"K_3911 Færder"	"1970"	18605	254	221	33	1486	1298	188	209
"K_3911 Færder"	"1971"	18814	257	215	42	1312	1096	216	251
"K_3911 Færder"	"1972"	19065	273	195	78	1173	1177	-4	78
"K_3911 Færder"	"1973"	19143	243	195	48	1369	1229	140	186
"K_3911 Færder"	"1974"	19329	236	223	13	1377	1274	103	110
"K_3911 Færder"	"1975"	19439	216	228	-12	1264	1154	110	93
"K_3911 Færder"	"1976"	19532	229	213	16	1377	1047	330	344
"K_3911 Færder"	"1977"	19876	216	203	13	1298	1157	141	151
"K_3911 Færder"	"1978"	20027	234	224	10	1288	1136	152	162
"K_3911 Færder"	"1979"	20189	210	218	-8	1215	1099	116	108
"K_3911 Færder"	"1980"	20297	197	223	-26	1340	1189	151	123
"K_3911 Færder"	"1981"	20420	207	215	-8	1291	1113	178	173
"K_3911 Færder"	"1982"	20593	204	202	2	1238	1223	15	16
"K_3911 Færder"	"1983"	20609	196	226	-30	1272	1265	7	-25
"K_3911 Færder"	"1984"	20584	193	225	-32	1338	1113	225	195
"K_3911 Færder"	"1985"	20779	206	271	-65	1336	1218	118	61
"K_3911 Færder"	"1986"	20840	221	224	-3	1444	1249	195	196
"K_3911 Færder"	"1987"	21036	258	246	12	1629	1310	319	336
"K_3911 Færder"	"1988"	21372	273	228	45	1650	1377	273	310
"K_3911 Færder"	"1989"	21682	272	233	39	1578	1423	155	182
"K_3911 Færder"	"1990"	21864	269	231	38	1389	1352	37	70
"K_3911 Færder"	"1991"	21934	257	221	36	1399	1268	131	168
"K_3911 Færder"	"1992"	22102	263	209	54	1329	1216	113	161
"K_3911 Færder"	"1993"	22263	239	234	5	1516	1295	221	228
"K_3911 Færder"	"1994"	22491	258	248	10	1630	1310	320	325
"K_3911 Færder"	"1995"	22816	228	256	-28	1674	1501	173	140
"K_3911 Færder"	"1996"	22956	257	251	6	1676	1411	265	273
"K_3911 Færder"	"1997"	23229	278	238	40	1935	1533	402	439
"K_3911 Færder"	"1998"	23668	242	249	-7	1754	1567	187	165
"K_3911 Færder"	"1999"	23833	264	247	17	1827	1571	256	273
"K_3911 Færder"	"2000"	24106	261	238	23	1835	1682	153	176
"K_3911 Færder"	"2001"	24282	231	237	-6	1917	1868	49	48
"K_3911 Færder"	"2002"	24330	226	222	4	1810	1671	139	138
"K_3911 Færder"	"2003"	24468	233	212	21	1707	1582	125	135
"K_3911 Færder"	"2004"	24603	248	209	39	1600	1640	-40	1
"K_3911 Færder"	"2005"	24604	192	235	-43	1700	1616	84	44
"K_3911 Færder"	"2006"	24648	255	251	4	1711	1578	133	150
"K_3911 Færder"	"2007"	24798	221	227	-6	1730	1568	162	157
"K_3911 Færder"	"2008"	24955	258	245	13	1719	1422	297	308
"K_3911 Færder"	"2009"	25263	206	253	-47	1720	1552	168	135
"K_3911 Færder"	"2010"	25398	253	239	14	1795	1571	224	237
"K_3911 Færder"	"2011"	25635	237	256	-19	1910	1714	196	173
"K_3911 Færder"	"2012"	25808	244	241	3	1936	1780	156	157
"K_3911 Færder"	"2013"	25965	212	232	-20	2015	1634	381	365
"K_3911 Færder"	"2014"	26330	207	214	-7	1891	1772	119	115
"K_3911 Færder"	"2015"	26445	237	236	1	2001	1859	142	147
"K_3911 Færder"	"2016"	26592	224	222	2	1879	1799	80	84
"K_3911 Færder"	"2017"	26676	218	229	-11	1920	1857	63	58
"K_3911 Færder"	"2018"	26734	245	226	19	1548	1606	-58	-34
"K_3911 Færder"	"2019"	26700	206	251	-45	1630	1556	74	30
"K_3911 Færder"	"2020"	26730	230	237	-7	1848	1616	232	227
"K_3911 Færder"	"2021"	26957	217	231	-14	1839	1620	219	208
"K_3911 Færder"	"2022"	27165	207	267	-60	1771	1588	183	121
"K_3911 Færder"	"2023"	27286	172	248	-76	1905	1616	289	215
"K_3911 Færder"	"2024"	27501	..	..	..	..	..	..	..
"K_4001 Porsgrunn"	"1951"	20098	409	184	225	1133	846	287	512
"K_4001 Porsgrunn"	"1952"	20610	391	174	217	1267	877	390	607
"K_4001 Porsgrunn"	"1953"	21217	400	182	218	1311	1101	210	428
"K_4001 Porsgrunn"	"1954"	21645	396	185	211	1462	1065	397	608
"K_4001 Porsgrunn"	"1955"	22253	435	199	236	1470	1089	381	919
"K_4001 Porsgrunn"	"1956"	23172	424	166	258	1608	1307	301	559
"K_4001 Porsgrunn"	"1957"	23731	430	202	228	1709	1311	398	626
"K_4001 Porsgrunn"	"1958"	24357	449	209	240	1474	1274	200	440
"K_4001 Porsgrunn"	"1959"	24797	407	182	225	1331	1255	76	301
"K_4001 Porsgrunn"	"1960"	25098	380	196	184	1628	1369	259	85
"K_4001 Porsgrunn"	"1961"	25183	405	223	182	1556	1348	208	390
"K_4001 Porsgrunn"	"1962"	25573	422	211	211	1610	1447	163	374
"K_4001 Porsgrunn"	"1963"	25947	427	266	161	1740	1469	271	432
"K_4001 Porsgrunn"	"1964"	26466	468	254	214	1676	1191	485	699
"K_4001 Porsgrunn"	"1965"	27165	499	271	228	1671	1517	154	382
"K_4001 Porsgrunn"	"1966"	27547	512	260	252	1932	1531	401	606
"K_4001 Porsgrunn"	"1967"	28153	524	280	244	1389	1637	-248	-4
"K_4001 Porsgrunn"	"1968"	31703	523	264	259	1487	1837	-350	-90
"K_4001 Porsgrunn"	"1969"	31613	525	282	243	1559	1833	-274	-26
"K_4001 Porsgrunn"	"1970"	31587	482	313	169	1747	1935	-188	-21
"K_4001 Porsgrunn"	"1971"	31566	504	334	170	1562	1637	-75	89
"K_4001 Porsgrunn"	"1972"	31655	493	323	170	1374	1561	-187	-7
"K_4001 Porsgrunn"	"1973"	31648	453	307	146	1433	1642	-209	-73
"K_4001 Porsgrunn"	"1974"	31575	456	270	186	1548	1754	-206	-28
"K_4001 Porsgrunn"	"1975"	31547	388	311	77	1643	1544	99	162
"K_4001 Porsgrunn"	"1976"	31709	390	286	104	1610	1709	-99	1
"K_4001 Porsgrunn"	"1977"	31710	348	284	64	1550	1721	-171	-94
"K_4001 Porsgrunn"	"1978"	31616	360	324	36	1654	1732	-78	-39
"K_4001 Porsgrunn"	"1979"	31577	389	323	66	1417	1671	-254	-199
"K_4001 Porsgrunn"	"1980"	31378	339	299	40	1543	1717	-174	-135
"K_4001 Porsgrunn"	"1981"	31243	370	365	5	1463	1608	-145	-141
"K_4001 Porsgrunn"	"1982"	31102	369	336	33	1549	1433	116	149
"K_4001 Porsgrunn"	"1983"	31251	330	370	-40	1565	1454	111	70
"K_4001 Porsgrunn"	"1984"	31321	363	337	26	1576	1518	58	81
"K_4001 Porsgrunn"	"1985"	31402	371	357	14	1449	1546	-97	-85
"K_4001 Porsgrunn"	"1986"	31317	362	321	41	1530	1585	-55	-23
"K_4001 Porsgrunn"	"1987"	31294	367	342	25	1586	1663	-77	-45
"K_4001 Porsgrunn"	"1988"	31249	376	368	8	1596	1612	-16	-11
"K_4001 Porsgrunn"	"1989"	31238	406	363	43	1436	1515	-79	-29
"K_4001 Porsgrunn"	"1990"	31209	433	355	78	1480	1507	-27	51
"K_4001 Porsgrunn"	"1991"	31260	424	388	36	1350	1486	-136	-109
"K_4001 Porsgrunn"	"1992"	31151	397	381	16	1422	1389	33	63
"K_4001 Porsgrunn"	"1993"	31214	377	333	44	1474	1410	64	110
"K_4001 Porsgrunn"	"1994"	31324	415	340	75	1580	1343	237	327
"K_4001 Porsgrunn"	"1995"	31651	373	362	11	1576	1431	145	151
"K_4001 Porsgrunn"	"1996"	31802	435	357	78	1504	1424	80	157
"K_4001 Porsgrunn"	"1997"	31959	386	356	30	1759	1377	382	412
"K_4001 Porsgrunn"	"1998"	32371	388	362	26	1679	1513	166	192
"K_4001 Porsgrunn"	"1999"	32563	411	360	51	1798	1521	277	329
"K_4001 Porsgrunn"	"2000"	32892	404	364	40	1696	1482	214	254
"K_4001 Porsgrunn"	"2001"	33146	374	376	-2	1649	1672	-23	-24
"K_4001 Porsgrunn"	"2002"	33122	331	389	-58	1687	1539	148	82
"K_4001 Porsgrunn"	"2003"	33204	357	387	-30	1633	1485	148	119
"K_4001 Porsgrunn"	"2004"	33323	360	344	16	1719	1653	66	84
"K_4001 Porsgrunn"	"2005"	33407	351	348	3	1665	1532	133	143
"K_4001 Porsgrunn"	"2006"	33550	346	369	-23	2052	1597	455	427
"K_4001 Porsgrunn"	"2007"	33977	359	381	-22	1945	1710	235	209
"K_4001 Porsgrunn"	"2008"	34186	372	397	-25	1815	1598	217	191
"K_4001 Porsgrunn"	"2009"	34377	371	373	-2	1795	1549	246	246
"K_4001 Porsgrunn"	"2010"	34623	384	357	27	2154	1761	393	420
"K_4001 Porsgrunn"	"2011"	35043	329	353	-24	2169	1966	203	176
"K_4001 Porsgrunn"	"2012"	35219	351	360	-9	2043	1857	186	173
"K_4001 Porsgrunn"	"2013"	35392	324	337	-13	2113	1969	144	124
"K_4001 Porsgrunn"	"2014"	35516	362	351	11	2108	1879	229	239
"K_4001 Porsgrunn"	"2015"	35755	340	334	6	2045	1859	186	200
"K_4001 Porsgrunn"	"2016"	35955	353	332	21	2130	1907	223	243
"K_4001 Porsgrunn"	"2017"	36198	315	349	-34	2091	2160	-69	-107
"K_4001 Porsgrunn"	"2018"	36091	321	361	-40	2009	1842	167	133
"K_4001 Porsgrunn"	"2019"	36224	308	333	-25	2021	1820	201	173
"K_4001 Porsgrunn"	"2020"	36397	289	360	-71	2233	2034	199	129
"K_4001 Porsgrunn"	"2021"	36526	309	316	-7	2209	2112	97	98
"K_4001 Porsgrunn"	"2022"	36624	309	367	-58	2761	2265	496	432
"K_4001 Porsgrunn"	"2023"	37056	297	362	-65	3017	2825	192	137
"K_4001 Porsgrunn"	"2024"	37193	..	..	..	..	..	..	..
"K_4003 Skien"	"1951"	36969	650	351	299	1916	1695	221	520
"K_4003 Skien"	"1952"	37489	708	315	393	2122	1772	350	743
"K_4003 Skien"	"1953"	38232	724	316	408	2288	1890	398	806
"K_4003 Skien"	"1954"	39038	702	354	348	2097	1834	263	611
"K_4003 Skien"	"1955"	39649	682	327	355	2344	2019	325	694
"K_4003 Skien"	"1956"	40343	763	324	439	2529	2130	399	838
"K_4003 Skien"	"1957"	41181	731	363	368	2536	2285	251	619
"K_4003 Skien"	"1958"	41800	724	383	341	2440	2258	182	523
"K_4003 Skien"	"1959"	42323	686	361	325	2304	2216	88	413
"K_4003 Skien"	"1960"	42736	654	418	236	2297	2190	107	298
"K_4003 Skien"	"1961"	43034	671	406	265	2519	2141	378	643
"K_4003 Skien"	"1962"	43677	705	459	246	2526	2114	412	658
"K_4003 Skien"	"1963"	44335	704	472	232	2526	2282	244	476
"K_4003 Skien"	"1964"	45070	721	452	269	1636	1497	139	408
"K_4003 Skien"	"1965"	45478	828	441	387	2119	1305	814	1201
"K_4003 Skien"	"1966"	46679	830	448	382	1930	1677	253	664
"K_4003 Skien"	"1967"	47343	795	473	322	2013	1824	189	511
"K_4003 Skien"	"1968"	44300	743	442	301	2004	1774	230	565
"K_4003 Skien"	"1969"	44865	788	495	293	2140	1877	263	531
"K_4003 Skien"	"1970"	45396	731	477	254	2220	2386	-166	75
"K_4003 Skien"	"1971"	45471	748	467	281	2031	1860	171	463
"K_4003 Skien"	"1972"	45934	738	459	279	1753	1924	-171	103
"K_4003 Skien"	"1973"	46037	666	511	155	1900	2055	-155	9
"K_4003 Skien"	"1974"	46046	691	497	194	2202	1782	420	611
"K_4003 Skien"	"1975"	46657	654	537	117	2218	1876	342	446
"K_4003 Skien"	"1976"	47103	611	510	101	2072	1929	143	242
"K_4003 Skien"	"1977"	47345	602	442	160	2053	2050	3	162
"K_4003 Skien"	"1978"	47507	574	465	109	2096	2180	-84	23
"K_4003 Skien"	"1979"	47530	566	488	78	1884	2061	-177	-95
"K_4003 Skien"	"1980"	47435	525	523	2	1893	2039	-146	-148
"K_4003 Skien"	"1981"	47287	546	508	38	1692	1846	-154	-120
"K_4003 Skien"	"1982"	47167	524	550	-26	1489	1901	-412	-437
"K_4003 Skien"	"1983"	46730	510	493	17	1922	1974	-52	-37
"K_4003 Skien"	"1984"	46693	500	507	-7	1918	1953	-35	-37
"K_4003 Skien"	"1985"	46656	563	544	19	2028	1678	350	364
"K_4003 Skien"	"1986"	47020	543	523	20	1952	1731	221	238
"K_4003 Skien"	"1987"	47258	581	564	17	2015	1762	253	273
"K_4003 Skien"	"1988"	47531	652	563	89	1991	2057	-66	22
"K_4003 Skien"	"1989"	47553	599	535	64	1977	1909	68	126
"K_4003 Skien"	"1990"	47679	617	571	46	1923	1778	145	189
"K_4003 Skien"	"1991"	47868	619	537	82	2025	1773	252	324
"K_4003 Skien"	"1992"	48192	601	523	78	1858	1752	106	192
"K_4003 Skien"	"1993"	48384	588	572	16	1773	1883	-110	-97
"K_4003 Skien"	"1994"	48287	608	521	87	1831	1875	-44	32
"K_4003 Skien"	"1995"	48319	615	549	66	1899	1784	115	176
"K_4003 Skien"	"1996"	48495	600	462	138	2014	1798	216	352
"K_4003 Skien"	"1997"	48847	594	557	37	1984	1833	151	188
"K_4003 Skien"	"1998"	49035	586	528	58	2128	1723	405	463
"K_4003 Skien"	"1999"	49498	560	539	21	1922	1850	72	94
"K_4003 Skien"	"2000"	49592	571	585	-14	2043	1881	162	148
"K_4003 Skien"	"2001"	49740	556	563	-7	2078	1876	202	196
"K_4003 Skien"	"2002"	49936	543	512	31	2184	1879	305	336
"K_4003 Skien"	"2003"	50272	575	538	37	2123	1921	202	235
"K_4003 Skien"	"2004"	50507	554	502	52	2069	1942	127	169
"K_4003 Skien"	"2005"	50676	542	506	36	1977	1918	59	85
"K_4003 Skien"	"2006"	50761	530	496	34	2072	2173	-101	-65
"K_4003 Skien"	"2007"	50696	526	532	-6	2250	2079	171	168
"K_4003 Skien"	"2008"	50864	568	537	31	2350	1894	456	495
"K_4003 Skien"	"2009"	51359	533	518	15	2350	2051	299	309
"K_4003 Skien"	"2010"	51668	572	495	77	2368	2034	334	409
"K_4003 Skien"	"2011"	52077	570	456	114	2573	2257	316	432
"K_4003 Skien"	"2012"	52509	593	530	63	2613	2167	446	506
"K_4003 Skien"	"2013"	53015	552	489	63	2620	2269	351	424
"K_4003 Skien"	"2014"	53439	562	453	109	2566	2375	191	306
"K_4003 Skien"	"2015"	53745	516	517	-1	2664	2458	206	207
"K_4003 Skien"	"2016"	53952	541	451	90	2612	2349	263	364
"K_4003 Skien"	"2017"	54316	524	474	50	2657	2516	141	194
"K_4003 Skien"	"2018"	54510	523	450	73	2430	2365	65	135
"K_4003 Skien"	"2019"	54645	508	464	44	2410	2165	245	297
"K_4003 Skien"	"2020"	54942	496	491	5	2541	2345	196	202
"K_4003 Skien"	"2021"	55144	530	501	29	2703	2350	353	369
"K_4003 Skien"	"2022"	55513	479	537	-58	2767	2290	477	411
"K_4003 Skien"	"2023"	55924	484	540	-56	3358	2617	741	695
"K_4003 Skien"	"2024"	56619	..	..	..	..	..	..	..
"K_4005 Notodden"	"1951"	12740	229	98	131	691	596	95	226
"K_4005 Notodden"	"1952"	12966	222	86	136	628	581	47	183
"K_4005 Notodden"	"1953"	13149	237	100	137	569	576	-7	130
"K_4005 Notodden"	"1954"	13279	231	91	140	504	574	-70	70
"K_4005 Notodden"	"1955"	13349	238	105	133	540	614	-74	95
"K_4005 Notodden"	"1956"	13444	260	111	149	543	632	-89	60
"K_4005 Notodden"	"1957"	13504	217	99	118	539	567	-28	90
"K_4005 Notodden"	"1958"	13594	230	107	123	483	513	-30	93
"K_4005 Notodden"	"1959"	13687	241	135	106	462	592	-130	-24
"K_4005 Notodden"	"1960"	13663	208	141	67	813	709	104	175
"K_4005 Notodden"	"1961"	13838	218	124	94	716	608	108	202
"K_4005 Notodden"	"1962"	14040	190	104	86	614	683	-69	17
"K_4005 Notodden"	"1963"	14057	202	125	77	646	684	-38	39
"K_4005 Notodden"	"1964"	13503	229	122	107	454	431	23	130
"K_4005 Notodden"	"1965"	13633	221	136	85	487	444	43	128
"K_4005 Notodden"	"1966"	13761	187	108	79	391	511	-120	-87
"K_4005 Notodden"	"1967"	13674	214	141	73	473	571	-98	-25
"K_4005 Notodden"	"1968"	13649	165	109	56	389	516	-127	-79
"K_4005 Notodden"	"1969"	13570	177	160	17	417	576	-159	-145
"K_4005 Notodden"	"1970"	13425	194	147	47	535	683	-148	-105
"K_4005 Notodden"	"1971"	13320	163	164	-1	433	565	-132	-143
"K_4005 Notodden"	"1972"	13177	156	148	8	471	530	-59	-40
"K_4005 Notodden"	"1973"	13137	137	120	17	401	551	-150	-131
"K_4005 Notodden"	"1974"	13006	165	141	24	553	543	10	21
"K_4005 Notodden"	"1975"	13027	164	162	2	502	552	-50	-60
"K_4005 Notodden"	"1976"	12967	138	138	0	526	477	49	49
"K_4005 Notodden"	"1977"	13016	160	137	23	459	522	-63	-46
"K_4005 Notodden"	"1978"	12970	157	147	10	471	479	-8	3
"K_4005 Notodden"	"1979"	12973	143	153	-10	427	493	-66	-78
"K_4005 Notodden"	"1980"	12895	127	146	-19	481	498	-17	-40
"K_4005 Notodden"	"1981"	12855	140	129	11	414	460	-46	-34
"K_4005 Notodden"	"1982"	12821	128	128	0	399	426	-27	-25
"K_4005 Notodden"	"1983"	12796	141	142	-1	353	428	-75	-77
"K_4005 Notodden"	"1984"	12719	121	159	-38	381	441	-60	-97
"K_4005 Notodden"	"1985"	12622	163	162	1	419	418	1	3
"K_4005 Notodden"	"1986"	12625	121	157	-36	381	477	-96	-134
"K_4005 Notodden"	"1987"	12491	137	156	-19	410	392	18	3
"K_4005 Notodden"	"1988"	12494	165	176	-11	449	417	32	20
"K_4005 Notodden"	"1989"	12514	142	154	-12	485	500	-15	-31
"K_4005 Notodden"	"1990"	12483	145	166	-21	437	474	-37	-57
"K_4005 Notodden"	"1991"	12426	143	174	-31	371	384	-13	-45
"K_4005 Notodden"	"1992"	12381	131	175	-44	384	400	-16	-59
"K_4005 Notodden"	"1993"	12322	133	169	-36	365	384	-19	-59
"K_4005 Notodden"	"1994"	12263	136	158	-22	393	453	-60	-79
"K_4005 Notodden"	"1995"	12184	150	139	11	440	451	-11	2
"K_4005 Notodden"	"1996"	12186	136	164	-28	441	428	13	-15
"K_4005 Notodden"	"1997"	12171	124	169	-45	442	419	23	-22
"K_4005 Notodden"	"1998"	12149	114	155	-41	496	404	92	54
"K_4005 Notodden"	"1999"	12203	141	164	-23	523	430	93	69
"K_4005 Notodden"	"2000"	12272	132	149	-17	479	478	1	-16
"K_4005 Notodden"	"2001"	12256	146	164	-18	544	448	96	84
"K_4005 Notodden"	"2002"	12340	150	142	8	500	447	53	62
"K_4005 Notodden"	"2003"	12402	110	142	-32	415	464	-49	-80
"K_4005 Notodden"	"2004"	12322	120	150	-30	506	448	58	37
"K_4005 Notodden"	"2005"	12359	129	164	-35	416	440	-24	-45
"K_4005 Notodden"	"2006"	12314	125	164	-39	440	497	-57	-93
"K_4005 Notodden"	"2007"	12221	121	154	-33	531	483	48	11
"K_4005 Notodden"	"2008"	12232	129	129	0	490	406	84	81
"K_4005 Notodden"	"2009"	12313	121	150	-29	565	459	106	77
"K_4005 Notodden"	"2010"	12390	130	151	-21	537	514	23	6
"K_4005 Notodden"	"2011"	12396	126	140	-14	558	474	84	73
"K_4005 Notodden"	"2012"	12469	124	158	-34	516	452	64	28
"K_4005 Notodden"	"2013"	12497	129	136	-7	624	500	124	112
"K_4005 Notodden"	"2014"	12609	117	180	-63	586	533	53	-10
"K_4005 Notodden"	"2015"	12599	125	160	-35	602	449	153	118
"K_4005 Notodden"	"2016"	12717	137	134	3	600	565	35	40
"K_4005 Notodden"	"2017"	12757	111	133	-22	545	616	-71	-93
"K_4005 Notodden"	"2018"	12664	123	130	-7	600	579	21	18
"K_4005 Notodden"	"2019"	12682	115	142	-27	506	556	-50	-75
"K_4005 Notodden"	"2020"	13049	85	150	-65	517	506	11	-55
"K_4005 Notodden"	"2021"	12994	95	130	-35	650	578	72	35
"K_4005 Notodden"	"2022"	13029	95	144	-49	645	596	49	-4
"K_4005 Notodden"	"2023"	13025	116	147	-31	924	654	270	241
"K_4005 Notodden"	"2024"	13266	..	..	..	..	..	..	..
"K_4010 Siljan"	"1951"	1336	22	3	19	72	70	2	21
"K_4010 Siljan"	"1952"	1357	29	5	24	57	57	0	24
"K_4010 Siljan"	"1953"	1381	32	6	26	51	60	-9	17
"K_4010 Siljan"	"1954"	1398	33	11	22	46	65	-19	3
"K_4010 Siljan"	"1955"	1401	24	17	7	59	67	-8	-19
"K_4010 Siljan"	"1956"	1382	28	20	8	78	76	2	10
"K_4010 Siljan"	"1957"	1392	24	9	15	68	58	10	25
"K_4010 Siljan"	"1958"	1417	27	12	15	39	76	-37	-22
"K_4010 Siljan"	"1959"	1395	30	18	12	80	68	12	24
"K_4010 Siljan"	"1960"	1419	23	17	6	47	47	0	1
"K_4010 Siljan"	"1961"	1420	21	10	11	60	81	-21	-10
"K_4010 Siljan"	"1962"	1410	22	18	4	74	88	-14	-10
"K_4010 Siljan"	"1963"	1400	19	14	5	82	75	7	12
"K_4010 Siljan"	"1964"	1428	27	16	11	88	105	-17	-6
"K_4010 Siljan"	"1965"	1422	24	16	8	66	61	5	13
"K_4010 Siljan"	"1966"	1435	28	13	15	78	79	-1	-7
"K_4010 Siljan"	"1967"	1428	29	13	16	125	55	70	86
"K_4010 Siljan"	"1968"	1514	14	10	4	113	60	53	56
"K_4010 Siljan"	"1969"	1570	32	24	8	84	50	34	43
"K_4010 Siljan"	"1970"	1613	23	15	8	77	81	-4	11
"K_4010 Siljan"	"1971"	1624	15	16	-1	54	66	-12	-15
"K_4010 Siljan"	"1972"	1609	21	13	8	54	62	-8	2
"K_4010 Siljan"	"1973"	1611	21	12	9	86	71	15	24
"K_4010 Siljan"	"1974"	1635	23	20	3	85	72	13	16
"K_4010 Siljan"	"1975"	1651	26	15	11	98	59	39	51
"K_4010 Siljan"	"1976"	1702	15	20	-5	89	82	7	3
"K_4010 Siljan"	"1977"	1705	29	16	13	153	44	109	122
"K_4010 Siljan"	"1978"	1827	34	18	16	124	66	58	71
"K_4010 Siljan"	"1979"	1898	20	17	3	94	56	38	43
"K_4010 Siljan"	"1980"	1941	23	13	10	81	44	37	46
"K_4010 Siljan"	"1981"	1987	26	23	3	103	71	32	36
"K_4010 Siljan"	"1982"	2023	29	18	11	113	88	25	36
"K_4010 Siljan"	"1983"	2059	31	11	20	107	102	5	24
"K_4010 Siljan"	"1984"	2083	19	21	-2	93	80	13	13
"K_4010 Siljan"	"1985"	2096	23	16	7	86	64	22	28
"K_4010 Siljan"	"1986"	2124	17	11	6	93	89	4	9
"K_4010 Siljan"	"1987"	2133	25	15	10	101	64	37	47
"K_4010 Siljan"	"1988"	2180	39	20	19	132	131	1	20
"K_4010 Siljan"	"1989"	2200	28	23	5	102	119	-17	-13
"K_4010 Siljan"	"1990"	2187	35	13	22	87	78	9	30
"K_4010 Siljan"	"1991"	2217	22	18	4	106	85	21	25
"K_4010 Siljan"	"1992"	2242	26	12	14	94	73	21	35
"K_4010 Siljan"	"1993"	2277	31	18	13	86	98	-12	1
"K_4010 Siljan"	"1994"	2278	23	17	6	104	110	-6	0
"K_4010 Siljan"	"1995"	2278	24	19	5	87	117	-30	-24
"K_4010 Siljan"	"1996"	2254	35	15	20	97	98	-1	20
"K_4010 Siljan"	"1997"	2274	15	22	-7	103	100	3	-4
"K_4010 Siljan"	"1998"	2270	19	16	3	83	92	-9	-4
"K_4010 Siljan"	"1999"	2266	24	25	-1	108	104	4	3
"K_4010 Siljan"	"2000"	2269	23	15	8	140	99	41	49
"K_4010 Siljan"	"2001"	2318	20	15	5	115	108	7	10
"K_4010 Siljan"	"2002"	2328	20	18	2	139	125	14	15
"K_4010 Siljan"	"2003"	2343	15	24	-9	133	118	15	6
"K_4010 Siljan"	"2004"	2349	22	14	8	93	78	15	23
"K_4010 Siljan"	"2005"	2372	24	19	5	117	132	-15	-10
"K_4010 Siljan"	"2006"	2362	23	20	3	135	138	-3	0
"K_4010 Siljan"	"2007"	2362	23	20	3	140	127	13	18
"K_4010 Siljan"	"2008"	2380	36	20	16	143	135	8	24
"K_4010 Siljan"	"2009"	2404	17	14	3	134	128	6	8
"K_4010 Siljan"	"2010"	2412	24	21	3	151	149	2	7
"K_4010 Siljan"	"2011"	2419	26	17	9	177	174	3	13
"K_4010 Siljan"	"2012"	2432	27	15	12	133	150	-17	-6
"K_4010 Siljan"	"2013"	2426	22	15	7	120	148	-28	-22
"K_4010 Siljan"	"2014"	2404	14	18	-4	148	187	-39	-43
"K_4010 Siljan"	"2015"	2361	23	21	2	128	157	-29	-26
"K_4010 Siljan"	"2016"	2335	21	17	4	148	129	19	22
"K_4010 Siljan"	"2017"	2357	16	13	3	125	134	-9	-6
"K_4010 Siljan"	"2018"	2351	20	11	9	124	155	-31	-22
"K_4010 Siljan"	"2019"	2329	19	16	3	142	134	8	11
"K_4010 Siljan"	"2020"	2340	17	19	-2	136	127	9	7
"K_4010 Siljan"	"2021"	2347	22	22	0	132	130	2	2
"K_4010 Siljan"	"2022"	2349	20	27	-7	161	128	33	26
"K_4010 Siljan"	"2023"	2375	21	16	5	123	121	2	7
"K_4010 Siljan"	"2024"	2382	..	..	..	..	..	..	..
"K_4012 Bamble"	"1951"	7515	126	53	73	270	274	-4	69
"K_4012 Bamble"	"1952"	7584	120	72	48	285	264	21	69
"K_4012 Bamble"	"1953"	7653	130	71	59	352	376	-24	35
"K_4012 Bamble"	"1954"	7688	119	78	41	327	393	-66	-25
"K_4012 Bamble"	"1955"	7663	158	60	98	315	335	-20	71
"K_4012 Bamble"	"1956"	7734	153	78	75	370	361	9	84
"K_4012 Bamble"	"1957"	7818	143	86	57	411	386	25	82
"K_4012 Bamble"	"1958"	7900	119	74	45	310	337	-27	18
"K_4012 Bamble"	"1959"	7918	131	85	46	339	352	-13	33
"K_4012 Bamble"	"1960"	7951	116	89	27	334	333	1	22
"K_4012 Bamble"	"1961"	7973	124	87	37	407	302	105	142
"K_4012 Bamble"	"1962"	8115	129	94	35	398	382	16	51
"K_4012 Bamble"	"1963"	8166	151	113	38	333	295	38	76
"K_4012 Bamble"	"1964"	8242	158	93	65	341	294	47	112
"K_4012 Bamble"	"1965"	8354	137	92	45	342	351	-9	36
"K_4012 Bamble"	"1966"	8390	172	113	59	436	276	160	185
"K_4012 Bamble"	"1967"	8575	166	92	74	441	297	144	218
"K_4012 Bamble"	"1968"	8793	167	96	71	482	359	123	199
"K_4012 Bamble"	"1969"	8992	179	113	66	492	345	147	216
"K_4012 Bamble"	"1970"	9208	164	100	64	605	482	123	185
"K_4012 Bamble"	"1971"	9393	197	95	102	508	320	188	287
"K_4012 Bamble"	"1972"	9680	163	117	46	401	341	60	113
"K_4012 Bamble"	"1973"	9793	169	97	72	389	369	20	92
"K_4012 Bamble"	"1974"	9885	132	89	43	459	434	25	62
"K_4012 Bamble"	"1975"	9947	146	103	43	586	478	108	145
"K_4012 Bamble"	"1976"	10092	148	90	58	1123	495	628	686
"K_4012 Bamble"	"1977"	10778	156	91	65	1174	550	624	674
"K_4012 Bamble"	"1978"	11452	137	105	32	854	664	190	223
"K_4012 Bamble"	"1979"	11675	150	126	24	835	513	322	344
"K_4012 Bamble"	"1980"	12019	162	112	50	892	488	404	448
"K_4012 Bamble"	"1981"	12467	149	107	42	724	579	145	189
"K_4012 Bamble"	"1982"	12656	191	109	82	658	568	90	172
"K_4012 Bamble"	"1983"	12828	162	121	41	691	655	36	74
"K_4012 Bamble"	"1984"	12902	180	116	64	743	548	195	260
"K_4012 Bamble"	"1985"	13162	148	109	39	680	555	125	169
"K_4012 Bamble"	"1986"	13331	165	111	54	668	664	4	53
"K_4012 Bamble"	"1987"	13384	199	113	86	728	538	190	277
"K_4012 Bamble"	"1988"	13661	206	115	91	674	640	34	132
"K_4012 Bamble"	"1989"	13793	192	117	75	555	624	-69	4
"K_4012 Bamble"	"1990"	13797	202	150	52	637	689	-52	-5
"K_4012 Bamble"	"1991"	13792	190	109	81	636	563	73	169
"K_4012 Bamble"	"1992"	13961	211	94	117	554	578	-24	79
"K_4012 Bamble"	"1993"	14040	181	115	66	579	614	-35	43
"K_4012 Bamble"	"1994"	14083	169	112	57	551	660	-109	-57
"K_4012 Bamble"	"1995"	14026	182	132	50	581	657	-76	-23
"K_4012 Bamble"	"1996"	14003	181	112	69	644	682	-38	32
"K_4012 Bamble"	"1997"	14035	170	124	46	636	648	-12	35
"K_4012 Bamble"	"1998"	14070	164	119	45	616	619	-3	41
"K_4012 Bamble"	"1999"	14111	154	124	30	617	617	0	31
"K_4012 Bamble"	"2000"	14142	178	115	63	678	660	18	82
"K_4012 Bamble"	"2001"	14224	166	119	47	606	716	-110	-65
"K_4012 Bamble"	"2002"	14159	150	117	33	625	649	-24	11
"K_4012 Bamble"	"2003"	14170	151	119	32	513	553	-40	-7
"K_4012 Bamble"	"2004"	14163	142	101	41	527	576	-49	-9
"K_4012 Bamble"	"2005"	14154	143	118	25	617	690	-73	-50
"K_4012 Bamble"	"2006"	14104	143	109	34	625	703	-78	-43
"K_4012 Bamble"	"2007"	14061	163	125	38	681	674	7	48
"K_4012 Bamble"	"2008"	14109	135	116	19	601	631	-30	-12
"K_4012 Bamble"	"2009"	14097	123	115	8	608	606	2	10
"K_4012 Bamble"	"2010"	14107	129	125	4	623	706	-83	-77
"K_4012 Bamble"	"2011"	14030	152	116	36	700	660	40	76
"K_4012 Bamble"	"2012"	14106	117	121	-4	638	616	22	23
"K_4012 Bamble"	"2013"	14129	128	111	17	682	635	47	64
"K_4012 Bamble"	"2014"	14193	124	113	11	629	693	-64	-53
"K_4012 Bamble"	"2015"	14140	107	110	-3	633	681	-48	-52
"K_4012 Bamble"	"2016"	14088	134	122	12	687	650	37	50
"K_4012 Bamble"	"2017"	14138	135	125	10	715	680	35	45
"K_4012 Bamble"	"2018"	14183	121	116	5	554	653	-99	-94
"K_4012 Bamble"	"2019"	14089	129	145	-16	645	657	-12	-28
"K_4012 Bamble"	"2020"	14061	114	122	-8	588	628	-40	-47
"K_4012 Bamble"	"2021"	14014	101	125	-24	696	628	68	42
"K_4012 Bamble"	"2022"	14056	107	136	-29	709	560	149	116
"K_4012 Bamble"	"2023"	14172	110	112	-2	716	622	94	97
"K_4012 Bamble"	"2024"	14269	..	..	..	..	..	..	..
"K_4014 Kragerø"	"1951"	10172	187	116	71	382	456	-71	0
"K_4014 Kragerø"	"1952"	10172	163	109	54	269	394	-113	-59
"K_4014 Kragerø"	"1953"	10113	189	101	88	368	437	-49	39
"K_4014 Kragerø"	"1954"	10152	161	136	25	350	372	-28	-3
"K_4014 Kragerø"	"1955"	10149	148	100	48	397	397	-3	238
"K_4014 Kragerø"	"1956"	10387	161	99	62	475	479	-10	52
"K_4014 Kragerø"	"1957"	10439	145	134	11	440	463	7	18
"K_4014 Kragerø"	"1958"	10457	160	103	57	443	520	-77	-20
"K_4014 Kragerø"	"1959"	10437	162	117	45	379	411	-32	13
"K_4014 Kragerø"	"1960"	10450	134	126	8	269	360	-91	-265
"K_4014 Kragerø"	"1961"	10185	130	129	1	259	324	-65	-64
"K_4014 Kragerø"	"1962"	10121	152	134	18	307	329	-22	-4
"K_4014 Kragerø"	"1963"	10117	139	149	-10	273	289	-16	-26
"K_4014 Kragerø"	"1964"	10091	143	132	11	249	279	-30	-19
"K_4014 Kragerø"	"1965"	10072	165	133	32	296	297	-1	31
"K_4014 Kragerø"	"1966"	10103	162	123	39	259	308	-49	30
"K_4014 Kragerø"	"1967"	10133	148	132	16	300	332	-32	-16
"K_4014 Kragerø"	"1968"	10117	174	133	41	295	314	-19	4
"K_4014 Kragerø"	"1969"	10121	160	127	33	280	308	-28	5
"K_4014 Kragerø"	"1970"	10126	159	158	1	372	385	-13	-18
"K_4014 Kragerø"	"1971"	10108	154	141	13	368	314	54	67
"K_4014 Kragerø"	"1972"	10175	161	96	65	366	340	26	104
"K_4014 Kragerø"	"1973"	10279	133	130	3	451	332	119	120
"K_4014 Kragerø"	"1974"	10399	166	115	51	431	360	71	116
"K_4014 Kragerø"	"1975"	10515	134	148	-14	402	384	18	1
"K_4014 Kragerø"	"1976"	10516	133	137	-4	389	299	90	85
"K_4014 Kragerø"	"1977"	10601	131	118	13	381	334	47	56
"K_4014 Kragerø"	"1978"	10657	142	130	12	411	330	81	94
"K_4014 Kragerø"	"1979"	10751	133	123	10	356	330	26	34
"K_4014 Kragerø"	"1980"	10785	133	125	8	345	330	15	23
"K_4014 Kragerø"	"1981"	10808	109	154	-45	340	301	39	-6
"K_4014 Kragerø"	"1982"	10802	127	138	-11	321	316	5	-6
"K_4014 Kragerø"	"1983"	10796	129	136	-7	382	292	90	79
"K_4014 Kragerø"	"1984"	10875	99	117	-18	359	311	48	29
"K_4014 Kragerø"	"1985"	10904	103	136	-33	346	357	-11	-49
"K_4014 Kragerø"	"1986"	10855	116	145	-29	367	340	27	0
"K_4014 Kragerø"	"1987"	10855	123	149	-26	400	358	42	15
"K_4014 Kragerø"	"1988"	10870	104	139	-35	364	399	-35	-79
"K_4014 Kragerø"	"1989"	10791	138	137	1	363	383	-20	-11
"K_4014 Kragerø"	"1990"	10780	120	130	-10	379	331	48	32
"K_4014 Kragerø"	"1991"	10812	127	118	9	358	409	-51	-43
"K_4014 Kragerø"	"1992"	10769	125	144	-19	570	313	257	242
"K_4014 Kragerø"	"1993"	11011	144	145	-1	362	443	-81	-81
"K_4014 Kragerø"	"1994"	10930	116	132	-16	400	458	-58	-75
"K_4014 Kragerø"	"1995"	10855	139	124	15	356	424	-68	-49
"K_4014 Kragerø"	"1996"	10806	107	162	-55	338	351	-13	-64
"K_4014 Kragerø"	"1997"	10742	125	146	-21	368	352	16	-4
"K_4014 Kragerø"	"1998"	10738	94	139	-45	374	436	-62	-108
"K_4014 Kragerø"	"1999"	10630	105	159	-54	433	353	80	26
"K_4014 Kragerø"	"2000"	10656	119	143	-24	397	409	-12	-36
"K_4014 Kragerø"	"2001"	10620	95	135	-40	358	329	29	-10
"K_4014 Kragerø"	"2002"	10610	86	126	-40	344	352	-8	-51
"K_4014 Kragerø"	"2003"	10559	98	110	-12	397	360	37	25
"K_4014 Kragerø"	"2004"	10584	90	116	-26	348	377	-29	-55
"K_4014 Kragerø"	"2005"	10529	90	112	-22	363	391	-28	-52
"K_4014 Kragerø"	"2006"	10477	97	122	-25	390	360	30	4
"K_4014 Kragerø"	"2007"	10481	109	116	-7	492	352	140	133
"K_4014 Kragerø"	"2008"	10614	99	123	-24	383	353	30	6
"K_4014 Kragerø"	"2009"	10620	100	104	-4	377	369	8	0
"K_4014 Kragerø"	"2010"	10620	95	98	-3	432	357	75	75
"K_4014 Kragerø"	"2011"	10695	88	124	-36	390	339	51	15
"K_4014 Kragerø"	"2012"	10710	80	130	-50	448	405	43	-10
"K_4014 Kragerø"	"2013"	10700	86	124	-38	436	480	-44	-79
"K_4014 Kragerø"	"2014"	10621	91	95	-4	446	429	17	15
"K_4014 Kragerø"	"2015"	10636	90	110	-20	415	427	-12	-29
"K_4014 Kragerø"	"2016"	10607	80	105	-25	414	412	2	-21
"K_4014 Kragerø"	"2017"	10586	72	106	-34	421	465	-44	-80
"K_4014 Kragerø"	"2018"	10506	63	129	-66	380	415	-35	-100
"K_4014 Kragerø"	"2019"	10406	82	112	-30	413	409	4	-26
"K_4014 Kragerø"	"2020"	10380	83	91	-8	462	421	41	36
"K_4014 Kragerø"	"2021"	10416	73	113	-40	421	440	-19	-65
"K_4014 Kragerø"	"2022"	10351	74	128	-54	537	422	115	62
"K_4014 Kragerø"	"2023"	10413	65	134	-69	463	362	101	32
"K_4014 Kragerø"	"2024"	10445	..	..	..	..	..	..	..
"K_4016 Drangedal"	"1951"	4977	84	43	41	161	209	-48	-7
"K_4016 Drangedal"	"1952"	4970	89	51	38	134	216	-82	-44
"K_4016 Drangedal"	"1953"	4926	91	45	46	158	249	-91	-45
"K_4016 Drangedal"	"1954"	4881	87	49	38	104	218	-114	-76
"K_4016 Drangedal"	"1955"	4805	84	55	29	179	238	-59	-8
"K_4016 Drangedal"	"1956"	4797	109	46	63	119	206	-87	-24
"K_4016 Drangedal"	"1957"	4773	85	43	42	166	229	-63	-21
"K_4016 Drangedal"	"1958"	4752	68	47	21	111	214	-103	-82
"K_4016 Drangedal"	"1959"	4670	65	44	21	119	181	-62	-41
"K_4016 Drangedal"	"1960"	4629	75	45	30	162	223	-61	3
"K_4016 Drangedal"	"1961"	4632	64	53	11	99	148	-49	-38
"K_4016 Drangedal"	"1962"	4594	63	44	19	156	184	-28	-9
"K_4016 Drangedal"	"1963"	4585	74	51	23	133	138	-5	18
"K_4016 Drangedal"	"1964"	4603	57	66	-9	108	148	-40	-49
"K_4016 Drangedal"	"1965"	4554	54	49	5	100	183	-83	-78
"K_4016 Drangedal"	"1966"	4476	68	46	22	105	176	-71	-40
"K_4016 Drangedal"	"1967"	4436	65	60	5	145	170	-25	-20
"K_4016 Drangedal"	"1968"	4416	52	51	1	124	162	-38	-42
"K_4016 Drangedal"	"1969"	4374	65	54	11	210	131	79	88
"K_4016 Drangedal"	"1970"	4462	76	54	22	236	167	69	88
"K_4016 Drangedal"	"1971"	4550	75	47	28	182	156	26	52
"K_4016 Drangedal"	"1972"	4602	76	51	25	142	215	-73	-48
"K_4016 Drangedal"	"1973"	4554	64	56	8	140	189	-49	-42
"K_4016 Drangedal"	"1974"	4512	55	47	8	129	163	-34	-27
"K_4016 Drangedal"	"1975"	4485	67	69	-2	157	135	22	19
"K_4016 Drangedal"	"1976"	4504	59	62	-3	138	143	-5	1
"K_4016 Drangedal"	"1977"	4505	46	51	-5	141	146	-5	-11
"K_4016 Drangedal"	"1978"	4494	53	50	3	151	145	6	8
"K_4016 Drangedal"	"1979"	4502	57	48	9	161	112	49	53
"K_4016 Drangedal"	"1980"	4555	52	57	-5	144	135	9	3
"K_4016 Drangedal"	"1981"	4558	44	74	-30	165	138	27	-2
"K_4016 Drangedal"	"1982"	4556	54	53	1	136	128	8	13
"K_4016 Drangedal"	"1983"	4569	44	55	-11	125	123	2	-7
"K_4016 Drangedal"	"1984"	4562	52	57	-5	99	124	-25	-31
"K_4016 Drangedal"	"1985"	4531	50	47	3	121	134	-13	-10
"K_4016 Drangedal"	"1986"	4521	42	50	-8	116	125	-9	-17
"K_4016 Drangedal"	"1987"	4504	48	60	-12	102	119	-17	-28
"K_4016 Drangedal"	"1988"	4476	43	73	-30	119	112	7	-23
"K_4016 Drangedal"	"1989"	4453	47	54	-7	122	104	18	10
"K_4016 Drangedal"	"1990"	4463	45	71	-26	89	126	-37	-63
"K_4016 Drangedal"	"1991"	4400	56	62	-6	96	100	-4	-11
"K_4016 Drangedal"	"1992"	4389	50	56	-6	110	122	-12	-18
"K_4016 Drangedal"	"1993"	4371	40	67	-27	70	126	-56	-82
"K_4016 Drangedal"	"1994"	4289	50	58	-8	129	138	-9	-18
"K_4016 Drangedal"	"1995"	4271	47	64	-17	100	128	-28	-45
"K_4016 Drangedal"	"1996"	4226	41	40	1	117	149	-32	-25
"K_4016 Drangedal"	"1997"	4201	42	60	-18	110	144	-34	-52
"K_4016 Drangedal"	"1998"	4149	57	55	2	141	132	9	10
"K_4016 Drangedal"	"1999"	4159	44	52	-8	125	101	24	16
"K_4016 Drangedal"	"2000"	4175	41	66	-25	174	124	50	25
"K_4016 Drangedal"	"2001"	4200	51	55	-4	116	116	0	-4
"K_4016 Drangedal"	"2002"	4196	45	59	-14	149	147	2	-12
"K_4016 Drangedal"	"2003"	4184	41	43	-2	127	136	-9	-9
"K_4016 Drangedal"	"2004"	4175	37	51	-14	128	143	-15	-32
"K_4016 Drangedal"	"2005"	4143	45	49	-4	157	132	25	20
"K_4016 Drangedal"	"2006"	4163	28	52	-24	151	156	-5	-27
"K_4016 Drangedal"	"2007"	4136	45	55	-10	152	167	-15	-25
"K_4016 Drangedal"	"2008"	4111	31	55	-24	172	121	51	27
"K_4016 Drangedal"	"2009"	4138	37	34	3	146	130	16	21
"K_4016 Drangedal"	"2010"	4159	32	64	-32	143	148	-5	-35
"K_4016 Drangedal"	"2011"	4124	49	42	7	143	148	-5	2
"K_4016 Drangedal"	"2012"	4126	38	52	-14	158	131	27	13
"K_4016 Drangedal"	"2013"	4139	39	49	-10	172	166	6	-4
"K_4016 Drangedal"	"2014"	4135	34	59	-25	159	158	1	-24
"K_4016 Drangedal"	"2015"	4111	27	45	-18	192	151	41	25
"K_4016 Drangedal"	"2016"	4136	32	44	-12	146	121	25	12
"K_4016 Drangedal"	"2017"	4148	36	54	-18	137	162	-25	-43
"K_4016 Drangedal"	"2018"	4105	40	56	-16	159	168	-9	-25
"K_4016 Drangedal"	"2019"	4080	20	48	-28	158	150	8	-20
"K_4016 Drangedal"	"2020"	4060	35	56	-21	158	126	32	11
"K_4016 Drangedal"	"2021"	4071	29	53	-24	179	131	48	22
"K_4016 Drangedal"	"2022"	4093	40	53	-13	169	157	12	-2
"K_4016 Drangedal"	"2023"	4091	38	56	-18	166	154	12	-5
"K_4016 Drangedal"	"2024"	4086	..	..	..	..	..	..	..
"K_4018 Nome"	"1951"	7408	131	67	64	291	378	-87	-23
"K_4018 Nome"	"1952"	7385	122	70	52	306	315	-9	43
"K_4018 Nome"	"1953"	7428	130	66	64	313	382	-69	-5
"K_4018 Nome"	"1954"	7423	128	82	46	266	370	-104	-58
"K_4018 Nome"	"1955"	7365	136	75	61	347	322	25	109
"K_4018 Nome"	"1956"	7474	113	65	48	310	360	-50	-2
"K_4018 Nome"	"1957"	7472	136	68	68	320	365	-45	23
"K_4018 Nome"	"1958"	7495	112	79	33	263	351	-88	-55
"K_4018 Nome"	"1959"	7440	110	72	38	309	360	-51	-13
"K_4018 Nome"	"1960"	7427	95	82	13	421	423	-2	-22
"K_4018 Nome"	"1961"	7405	101	81	20	317	336	-19	1
"K_4018 Nome"	"1962"	7406	106	97	9	351	350	1	10
"K_4018 Nome"	"1963"	7416	116	86	30	309	323	-14	16
"K_4018 Nome"	"1964"	7173	94	56	38	273	279	-6	32
"K_4018 Nome"	"1965"	7205	100	72	28	223	263	-40	-12
"K_4018 Nome"	"1966"	7193	100	58	42	289	294	-5	12
"K_4018 Nome"	"1967"	7205	117	78	39	245	294	-49	-10
"K_4018 Nome"	"1968"	7195	90	85	5	247	278	-31	-29
"K_4018 Nome"	"1969"	7166	91	87	4	249	294	-45	-40
"K_4018 Nome"	"1970"	7126	81	93	-12	462	317	145	126
"K_4018 Nome"	"1971"	7252	95	84	11	340	277	63	74
"K_4018 Nome"	"1972"	7326	93	104	-11	341	356	-15	-22
"K_4018 Nome"	"1973"	7304	80	106	-26	222	288	-66	-98
"K_4018 Nome"	"1974"	7206	69	86	-17	291	242	49	33
"K_4018 Nome"	"1975"	7239	68	72	-4	278	256	22	16
"K_4018 Nome"	"1976"	7255	76	89	-13	297	251	46	32
"K_4018 Nome"	"1977"	7287	84	100	-16	260	228	32	16
"K_4018 Nome"	"1978"	7303	62	100	-38	266	235	31	-7
"K_4018 Nome"	"1979"	7296	65	108	-43	226	213	13	-30
"K_4018 Nome"	"1980"	7266	60	104	-44	268	211	57	11
"K_4018 Nome"	"1981"	7277	54	119	-65	203	206	-3	-67
"K_4018 Nome"	"1982"	7210	85	106	-21	208	234	-26	-47
"K_4018 Nome"	"1983"	7163	69	93	-24	205	175	30	7
"K_4018 Nome"	"1984"	7170	56	78	-22	185	213	-28	-53
"K_4018 Nome"	"1985"	7117	63	109	-46	221	191	30	-13
"K_4018 Nome"	"1986"	7104	78	90	-12	217	217	0	-11
"K_4018 Nome"	"1987"	7093	63	105	-42	199	221	-22	-64
"K_4018 Nome"	"1988"	7029	59	126	-67	254	227	27	-43
"K_4018 Nome"	"1989"	6986	73	100	-27	231	235	-4	-32
"K_4018 Nome"	"1990"	6954	74	71	3	208	332	-124	-116
"K_4018 Nome"	"1991"	6838	74	93	-19	202	276	-74	-95
"K_4018 Nome"	"1992"	6743	72	104	-32	210	256	-46	-76
"K_4018 Nome"	"1993"	6667	60	109	-49	390	298	92	44
"K_4018 Nome"	"1994"	6711	68	91	-23	266	292	-26	-50
"K_4018 Nome"	"1995"	6661	84	109	-25	302	351	-49	-74
"K_4018 Nome"	"1996"	6587	69	103	-34	272	254	18	-14
"K_4018 Nome"	"1997"	6573	61	116	-55	289	247	42	-12
"K_4018 Nome"	"1998"	6561	69	93	-24	380	285	95	70
"K_4018 Nome"	"1999"	6631	75	90	-15	320	287	33	17
"K_4018 Nome"	"2000"	6648	55	84	-29	340	307	33	4
"K_4018 Nome"	"2001"	6652	67	86	-19	321	307	14	-6
"K_4018 Nome"	"2002"	6646	67	86	-19	253	301	-48	-67
"K_4018 Nome"	"2003"	6579	74	63	11	300	285	15	27
"K_4018 Nome"	"2004"	6606	68	77	-9	263	294	-31	-41
"K_4018 Nome"	"2005"	6565	67	79	-12	277	261	16	6
"K_4018 Nome"	"2006"	6571	60	77	-17	313	291	22	5
"K_4018 Nome"	"2007"	6576	64	84	-20	409	366	43	25
"K_4018 Nome"	"2008"	6601	53	75	-22	323	344	-21	-44
"K_4018 Nome"	"2009"	6557	62	84	-22	293	300	-7	-30
"K_4018 Nome"	"2010"	6527	66	60	6	340	323	17	34
"K_4018 Nome"	"2011"	6561	54	67	-13	358	326	32	18
"K_4018 Nome"	"2012"	6579	69	72	-3	393	345	48	46
"K_4018 Nome"	"2013"	6625	64	72	-8	353	321	32	18
"K_4018 Nome"	"2014"	6643	52	68	-16	347	344	3	-13
"K_4018 Nome"	"2015"	6630	51	84	-33	307	373	-66	-96
"K_4018 Nome"	"2016"	6534	65	79	-14	379	310	69	51
"K_4018 Nome"	"2017"	6585	62	81	-19	421	380	41	24
"K_4018 Nome"	"2018"	6609	46	68	-22	340	388	-48	-71
"K_4018 Nome"	"2019"	6538	44	71	-27	348	344	4	-23
"K_4018 Nome"	"2020"	6515	57	76	-19	321	328	-7	-27
"K_4018 Nome"	"2021"	6488	54	53	1	383	378	5	6
"K_4018 Nome"	"2022"	6494	49	88	-39	468	359	109	65
"K_4018 Nome"	"2023"	6559	46	86	-40	485	463	22	-20
"K_4018 Nome"	"2024"	6539	..	..	..	..	..	..	..
"K_4020 Midt-Telemark"	"1951"	7826	137	68	69	447	490	-43	26
"K_4020 Midt-Telemark"	"1952"	7852	137	70	67	350	470	-120	-53
"K_4020 Midt-Telemark"	"1953"	7799	138	63	75	364	480	-116	-41
"K_4020 Midt-Telemark"	"1954"	7758	106	59	47	317	435	-118	-71
"K_4020 Midt-Telemark"	"1955"	7687	139	72	67	378	466	-88	-70
"K_4020 Midt-Telemark"	"1956"	7617	135	72	63	356	460	-104	-41
"K_4020 Midt-Telemark"	"1957"	7576	127	52	75	393	476	-83	-8
"K_4020 Midt-Telemark"	"1958"	7568	118	76	42	348	362	-14	28
"K_4020 Midt-Telemark"	"1959"	7596	123	71	52	286	387	-101	-49
"K_4020 Midt-Telemark"	"1960"	7547	115	80	35	404	484	-80	33
"K_4020 Midt-Telemark"	"1961"	7580	112	70	42	343	370	-27	15
"K_4020 Midt-Telemark"	"1962"	7595	99	112	-13	380	358	22	9
"K_4020 Midt-Telemark"	"1963"	7604	117	84	33	324	353	-29	4
"K_4020 Midt-Telemark"	"1964"	7608	89	80	9	351	339	12	21
"K_4020 Midt-Telemark"	"1965"	7629	116	76	40	308	333	-25	15
"K_4020 Midt-Telemark"	"1966"	7644	98	81	17	298	330	-32	-15
"K_4020 Midt-Telemark"	"1967"	7629	113	96	17	353	303	50	67
"K_4020 Midt-Telemark"	"1968"	7696	107	64	43	404	327	77	109
"K_4020 Midt-Telemark"	"1969"	7805	112	89	23	308	304	4	28
"K_4020 Midt-Telemark"	"1970"	7833	113	98	15	379	440	-61	-44
"K_4020 Midt-Telemark"	"1971"	7789	96	112	-16	383	317	66	47
"K_4020 Midt-Telemark"	"1972"	7836	114	102	12	374	339	35	45
"K_4020 Midt-Telemark"	"1973"	7881	97	80	17	384	358	26	44
"K_4020 Midt-Telemark"	"1974"	7925	109	106	3	403	327	76	73
"K_4020 Midt-Telemark"	"1975"	7998	85	98	-13	438	323	115	101
"K_4020 Midt-Telemark"	"1976"	8099	89	82	7	442	352	90	90
"K_4020 Midt-Telemark"	"1977"	8189	90	103	-13	475	350	125	117
"K_4020 Midt-Telemark"	"1978"	8306	103	85	18	466	405	61	77
"K_4020 Midt-Telemark"	"1979"	8383	99	103	-4	483	389	94	91
"K_4020 Midt-Telemark"	"1980"	8474	129	101	28	469	412	57	83
"K_4020 Midt-Telemark"	"1981"	8557	98	99	-1	489	384	105	104
"K_4020 Midt-Telemark"	"1982"	8661	95	72	23	446	402	44	72
"K_4020 Midt-Telemark"	"1983"	8733	111	96	15	475	387	88	100
"K_4020 Midt-Telemark"	"1984"	8833	106	88	18	458	406	52	69
"K_4020 Midt-Telemark"	"1985"	8902	110	105	5	350	412	-62	-57
"K_4020 Midt-Telemark"	"1986"	8845	108	102	6	413	343	70	76
"K_4020 Midt-Telemark"	"1987"	8921	107	91	16	455	357	98	114
"K_4020 Midt-Telemark"	"1988"	9035	110	118	-8	500	414	86	78
"K_4020 Midt-Telemark"	"1989"	9113	111	126	-15	446	454	-8	-24
"K_4020 Midt-Telemark"	"1990"	9089	103	108	-5	480	469	11	8
"K_4020 Midt-Telemark"	"1991"	9097	105	89	16	443	429	14	35
"K_4020 Midt-Telemark"	"1992"	9132	113	108	5	427	417	10	7
"K_4020 Midt-Telemark"	"1993"	9139	93	110	-17	448	433	15	-3
"K_4020 Midt-Telemark"	"1994"	9136	101	96	5	508	469	39	46
"K_4020 Midt-Telemark"	"1995"	9182	86	104	-18	518	475	43	29
"K_4020 Midt-Telemark"	"1996"	9211	99	105	-6	514	516	-2	-10
"K_4020 Midt-Telemark"	"1997"	9201	109	106	3	558	516	42	45
"K_4020 Midt-Telemark"	"1998"	9246	98	105	-7	616	490	126	121
"K_4020 Midt-Telemark"	"1999"	9367	99	106	-7	574	558	16	8
"K_4020 Midt-Telemark"	"2000"	9375	97	120	-23	605	492	113	92
"K_4020 Midt-Telemark"	"2001"	9467	89	106	-17	615	546	69	52
"K_4020 Midt-Telemark"	"2002"	9519	102	99	3	579	518	61	64
"K_4020 Midt-Telemark"	"2003"	9583	107	112	-5	518	571	-53	-59
"K_4020 Midt-Telemark"	"2004"	9524	95	100	-5	602	543	59	48
"K_4020 Midt-Telemark"	"2005"	9572	94	108	-14	598	551	47	26
"K_4020 Midt-Telemark"	"2006"	9598	109	98	11	554	556	-2	12
"K_4020 Midt-Telemark"	"2007"	9610	98	90	8	625	544	81	92
"K_4020 Midt-Telemark"	"2008"	9702	105	69	36	557	502	55	90
"K_4020 Midt-Telemark"	"2009"	9792	104	94	10	644	579	65	73
"K_4020 Midt-Telemark"	"2010"	9865	122	88	34	713	599	114	152
"K_4020 Midt-Telemark"	"2011"	10017	99	96	3	772	711	61	63
"K_4020 Midt-Telemark"	"2012"	10080	119	98	21	691	635	56	80
"K_4020 Midt-Telemark"	"2013"	10160	113	106	7	695	703	-8	-1
"K_4020 Midt-Telemark"	"2014"	10159	111	78	33	759	626	133	164
"K_4020 Midt-Telemark"	"2015"	10323	90	97	-7	812	689	123	116
"K_4020 Midt-Telemark"	"2016"	10439	115	110	5	861	741	120	126
"K_4020 Midt-Telemark"	"2017"	10565	99	110	-11	1008	742	266	254
"K_4020 Midt-Telemark"	"2018"	10819	96	97	-1	968	864	104	104
"K_4020 Midt-Telemark"	"2019"	10923	85	84	1	790	829	-39	-37
"K_4020 Midt-Telemark"	"2020"	10444	90	72	18	662	665	-3	17
"K_4020 Midt-Telemark"	"2021"	10461	88	87	1	765	686	79	78
"K_4020 Midt-Telemark"	"2022"	10539	90	107	-17	867	660	207	196
"K_4020 Midt-Telemark"	"2023"	10735	98	99	-1	802	632	170	169
"K_4020 Midt-Telemark"	"2024"	10904	..	..	..	..	..	..	..
"K_4022 Seljord"	"1951"	3045	53	32	21	149	182	-33	-12
"K_4022 Seljord"	"1952"	3033	57	28	29	98	168	-70	-41
"K_4022 Seljord"	"1953"	2992	42	33	9	140	206	-66	-57
"K_4022 Seljord"	"1954"	2935	57	28	29	135	175	-40	-11
"K_4022 Seljord"	"1955"	2924	32	23	9	121	230	-109	-58
"K_4022 Seljord"	"1956"	2866	31	21	10	140	174	-34	-24
"K_4022 Seljord"	"1957"	2842	32	29	3	160	143	17	20
"K_4022 Seljord"	"1958"	2862	52	27	25	146	143	3	28
"K_4022 Seljord"	"1959"	2890	30	28	2	117	139	-22	-20
"K_4022 Seljord"	"1960"	2870	41	36	5	151	178	-27	-57
"K_4022 Seljord"	"1961"	2813	43	37	6	125	120	5	11
"K_4022 Seljord"	"1962"	2824	42	29	13	112	139	-27	-14
"K_4022 Seljord"	"1963"	2810	38	30	8	118	106	12	20
"K_4022 Seljord"	"1964"	2830	34	28	6	82	124	-42	-36
"K_4022 Seljord"	"1965"	2794	35	29	6	125	133	-8	-2
"K_4022 Seljord"	"1966"	2792	36	32	4	111	95	16	30
"K_4022 Seljord"	"1967"	2822	43	33	10	160	151	9	19
"K_4022 Seljord"	"1968"	2841	37	33	4	188	159	29	46
"K_4022 Seljord"	"1969"	2887	38	27	11	136	144	-8	0
"K_4022 Seljord"	"1970"	2887	41	28	13	253	241	12	25
"K_4022 Seljord"	"1971"	2912	40	41	-1	173	152	21	21
"K_4022 Seljord"	"1972"	2933	44	39	5	139	120	19	22
"K_4022 Seljord"	"1973"	2955	49	39	10	155	124	31	44
"K_4022 Seljord"	"1974"	2999	49	46	3	185	147	38	37
"K_4022 Seljord"	"1975"	3036	53	36	17	184	165	19	30
"K_4022 Seljord"	"1976"	3066	30	41	-11	161	147	14	1
"K_4022 Seljord"	"1977"	3067	37	40	-3	176	110	66	63
"K_4022 Seljord"	"1978"	3130	37	42	-5	125	98	27	22
"K_4022 Seljord"	"1979"	3152	39	45	-6	129	104	25	21
"K_4022 Seljord"	"1980"	3173	33	30	3	121	114	7	7
"K_4022 Seljord"	"1981"	3180	39	42	-3	128	136	-8	-11
"K_4022 Seljord"	"1982"	3169	29	40	-11	144	110	34	23
"K_4022 Seljord"	"1983"	3192	27	30	-3	155	131	24	21
"K_4022 Seljord"	"1984"	3213	42	48	-6	136	126	10	4
"K_4022 Seljord"	"1985"	3217	34	58	-24	120	136	-16	-41
"K_4022 Seljord"	"1986"	3176	35	45	-10	145	139	6	-3
"K_4022 Seljord"	"1987"	3173	39	50	-11	156	126	30	20
"K_4022 Seljord"	"1988"	3193	28	46	-18	142	156	-14	-40
"K_4022 Seljord"	"1989"	3153	38	51	-13	160	169	-9	-18
"K_4022 Seljord"	"1990"	3135	26	56	-30	140	137	3	-30
"K_4022 Seljord"	"1991"	3105	30	45	-15	143	142	1	-15
"K_4022 Seljord"	"1992"	3090	36	41	-5	134	124	10	10
"K_4022 Seljord"	"1993"	3100	26	35	-9	109	110	-1	-12
"K_4022 Seljord"	"1994"	3088	24	41	-17	125	105	20	5
"K_4022 Seljord"	"1995"	3093	28	37	-9	155	122	33	24
"K_4022 Seljord"	"1996"	3117	28	54	-26	132	134	-2	-31
"K_4022 Seljord"	"1997"	3086	29	51	-22	129	157	-28	-49
"K_4022 Seljord"	"1998"	3037	31	48	-17	97	143	-46	-62
"K_4022 Seljord"	"1999"	2975	27	37	-10	119	158	-39	-47
"K_4022 Seljord"	"2000"	2928	30	39	-9	155	139	16	7
"K_4022 Seljord"	"2001"	2935	30	33	-3	133	130	3	0
"K_4022 Seljord"	"2002"	2935	23	46	-23	124	116	8	-14
"K_4022 Seljord"	"2003"	2921	28	32	-4	105	122	-17	-22
"K_4022 Seljord"	"2004"	2899	36	34	2	142	124	18	20
"K_4022 Seljord"	"2005"	2919	22	29	-7	145	146	-1	-7
"K_4022 Seljord"	"2006"	2912	31	30	1	141	120	21	21
"K_4022 Seljord"	"2007"	2933	21	38	-17	167	151	16	-3
"K_4022 Seljord"	"2008"	2930	25	33	-8	136	133	3	-5
"K_4022 Seljord"	"2009"	2925	40	32	8	166	133	33	41
"K_4022 Seljord"	"2010"	2966	32	30	2	144	157	-13	-11
"K_4022 Seljord"	"2011"	2955	42	44	-2	153	147	6	4
"K_4022 Seljord"	"2012"	2959	29	34	-5	151	160	-9	-14
"K_4022 Seljord"	"2013"	2945	28	33	-5	169	122	47	44
"K_4022 Seljord"	"2014"	2989	29	44	-15	158	130	28	13
"K_4022 Seljord"	"2015"	3002	26	30	-4	140	147	-7	-11
"K_4022 Seljord"	"2016"	2991	31	45	-14	134	132	2	-12
"K_4022 Seljord"	"2017"	2979	17	44	-27	147	139	8	-20
"K_4022 Seljord"	"2018"	2959	25	36	-11	128	143	-15	-25
"K_4022 Seljord"	"2019"	2934	20	30	-10	111	148	-37	-46
"K_4022 Seljord"	"2020"	2888	16	29	-13	141	116	25	12
"K_4022 Seljord"	"2021"	2900	28	40	-12	135	136	-1	-11
"K_4022 Seljord"	"2022"	2889	28	34	-6	183	127	56	50
"K_4022 Seljord"	"2023"	2939	25	35	-10	159	108	51	40
"K_4022 Seljord"	"2024"	2979	..	..	..	..	..	..	..
"K_4024 Hjartdal"	"1951"	2035	15	18	-3	37	68	-31	-34
"K_4024 Hjartdal"	"1952"	2001	30	30	0	32	80	-48	-48
"K_4024 Hjartdal"	"1953"	1953	23	25	-2	45	56	-11	-13
"K_4024 Hjartdal"	"1954"	1940	28	22	6	83	60	23	29
"K_4024 Hjartdal"	"1955"	1969	27	22	5	94	78	16	41
"K_4024 Hjartdal"	"1956"	2010	32	23	9	69	70	-1	8
"K_4024 Hjartdal"	"1957"	2018	28	23	5	105	115	-10	-5
"K_4024 Hjartdal"	"1958"	2013	32	19	13	45	75	-30	-17
"K_4024 Hjartdal"	"1959"	1996	26	22	4	49	81	-32	-28
"K_4024 Hjartdal"	"1960"	1968	24	20	4	59	113	-54	-76
"K_4024 Hjartdal"	"1961"	1892	18	15	3	78	118	-40	-37
"K_4024 Hjartdal"	"1962"	1855	25	23	2	56	92	-36	-34
"K_4024 Hjartdal"	"1963"	1821	21	30	-9	46	74	-28	-37
"K_4024 Hjartdal"	"1964"	1784	22	19	3	77	79	-2	1
"K_4024 Hjartdal"	"1965"	1785	21	24	-3	55	57	-2	-5
"K_4024 Hjartdal"	"1966"	1780	24	27	-3	50	65	-15	-26
"K_4024 Hjartdal"	"1967"	1754	19	24	-5	85	75	10	5
"K_4024 Hjartdal"	"1968"	1759	21	25	-4	59	73	-14	-23
"K_4024 Hjartdal"	"1969"	1736	21	19	2	92	72	20	25
"K_4024 Hjartdal"	"1970"	1761	15	38	-23	49	107	-58	-81
"K_4024 Hjartdal"	"1971"	1680	17	28	-11	77	55	22	12
"K_4024 Hjartdal"	"1972"	1692	16	31	-15	87	56	31	16
"K_4024 Hjartdal"	"1973"	1708	19	24	-5	51	42	9	4
"K_4024 Hjartdal"	"1974"	1712	12	28	-16	86	64	22	5
"K_4024 Hjartdal"	"1975"	1717	25	23	2	52	41	11	13
"K_4024 Hjartdal"	"1976"	1730	11	28	-17	73	50	23	6
"K_4024 Hjartdal"	"1977"	1736	17	22	-5	54	61	-7	-12
"K_4024 Hjartdal"	"1978"	1724	16	26	-10	60	66	-6	-16
"K_4024 Hjartdal"	"1979"	1708	11	14	-3	42	48	-6	-9
"K_4024 Hjartdal"	"1980"	1699	10	17	-7	52	38	14	7
"K_4024 Hjartdal"	"1981"	1706	14	22	-8	91	38	53	45
"K_4024 Hjartdal"	"1982"	1751	10	19	-9	38	48	-10	-19
"K_4024 Hjartdal"	"1983"	1732	22	19	3	59	70	-11	-8
"K_4024 Hjartdal"	"1984"	1724	20	19	1	35	48	-13	-13
"K_4024 Hjartdal"	"1985"	1711	12	31	-19	63	32	31	13
"K_4024 Hjartdal"	"1986"	1724	17	38	-21	76	56	20	-1
"K_4024 Hjartdal"	"1987"	1723	25	20	5	125	77	48	51
"K_4024 Hjartdal"	"1988"	1774	24	27	-3	141	156	-15	-18
"K_4024 Hjartdal"	"1989"	1756	29	31	-2	53	47	6	2
"K_4024 Hjartdal"	"1990"	1758	13	27	-14	57	68	-11	-26
"K_4024 Hjartdal"	"1991"	1732	13	21	-8	41	61	-20	-29
"K_4024 Hjartdal"	"1992"	1703	14	26	-12	58	55	3	-9
"K_4024 Hjartdal"	"1993"	1694	18	31	-13	57	58	-1	-14
"K_4024 Hjartdal"	"1994"	1680	21	24	-3	46	42	4	0
"K_4024 Hjartdal"	"1995"	1680	17	29	-12	56	63	-7	-19
"K_4024 Hjartdal"	"1996"	1661	27	26	1	52	64	-12	-11
"K_4024 Hjartdal"	"1997"	1650	12	18	-6	71	29	42	36
"K_4024 Hjartdal"	"1998"	1686	20	22	-2	68	61	7	5
"K_4024 Hjartdal"	"1999"	1691	17	29	-12	91	83	8	-4
"K_4024 Hjartdal"	"2000"	1687	21	25	-4	108	114	-6	-10
"K_4024 Hjartdal"	"2001"	1677	14	31	-17	69	90	-21	-41
"K_4024 Hjartdal"	"2002"	1636	18	27	-9	52	63	-11	-20
"K_4024 Hjartdal"	"2003"	1616	22	13	9	69	61	8	17
"K_4024 Hjartdal"	"2004"	1633	18	9	9	86	94	-8	0
"K_4024 Hjartdal"	"2005"	1633	7	25	-18	70	69	1	-14
"K_4024 Hjartdal"	"2006"	1619	19	23	-4	65	61	4	0
"K_4024 Hjartdal"	"2007"	1619	13	12	1	52	58	-6	0
"K_4024 Hjartdal"	"2008"	1619	14	18	-4	47	49	-2	-6
"K_4024 Hjartdal"	"2009"	1613	9	22	-13	57	70	-13	-26
"K_4024 Hjartdal"	"2010"	1587	16	20	-4	69	55	14	10
"K_4024 Hjartdal"	"2011"	1597	18	18	0	68	63	5	5
"K_4024 Hjartdal"	"2012"	1602	11	25	-14	76	54	22	7
"K_4024 Hjartdal"	"2013"	1609	19	23	-4	55	56	-1	-7
"K_4024 Hjartdal"	"2014"	1602	19	26	-7	74	75	-1	-8
"K_4024 Hjartdal"	"2015"	1594	13	19	-6	80	56	24	19
"K_4024 Hjartdal"	"2016"	1613	13	20	-7	50	64	-14	-20
"K_4024 Hjartdal"	"2017"	1593	16	19	-3	53	56	-3	-6
"K_4024 Hjartdal"	"2018"	1587	12	15	-3	63	75	-12	-15
"K_4024 Hjartdal"	"2019"	1572	11	18	-7	80	72	8	1
"K_4024 Hjartdal"	"2020"	1573	10	14	-4	61	70	-9	-12
"K_4024 Hjartdal"	"2021"	1561	12	10	2	72	73	-1	1
"K_4024 Hjartdal"	"2022"	1562	19	18	1	88	64	24	26
"K_4024 Hjartdal"	"2023"	1588	11	14	-3	130	83	47	42
"K_4024 Hjartdal"	"2024"	1630	..	..	..	..	..	..	..
"K_4026 Tinn"	"1951"	9068	139	76	63	227	304	-77	-14
"K_4026 Tinn"	"1952"	9054	159	79	80	255	309	-54	26
"K_4026 Tinn"	"1953"	9080	144	86	58	292	283	9	67
"K_4026 Tinn"	"1954"	9147	153	75	78	292	297	-5	73
"K_4026 Tinn"	"1955"	9220	159	79	80	227	284	-57	80
"K_4026 Tinn"	"1956"	9300	145	94	51	369	252	117	168
"K_4026 Tinn"	"1957"	9468	156	84	72	298	270	28	100
"K_4026 Tinn"	"1958"	9568	137	100	37	264	301	-37	0
"K_4026 Tinn"	"1959"	9568	127	89	38	276	268	8	46
"K_4026 Tinn"	"1960"	9614	120	96	24	302	312	-10	17
"K_4026 Tinn"	"1961"	9631	141	90	51	226	335	-109	-58
"K_4026 Tinn"	"1962"	9573	106	100	6	281	283	-2	4
"K_4026 Tinn"	"1963"	9577	127	110	17	221	366	-145	-128
"K_4026 Tinn"	"1964"	9910	142	109	33	182	407	-225	-192
"K_4026 Tinn"	"1965"	9718	119	123	-4	176	452	-276	-280
"K_4026 Tinn"	"1966"	9438	136	103	33	242	469	-227	-317
"K_4026 Tinn"	"1967"	9121	116	96	20	293	497	-204	-184
"K_4026 Tinn"	"1968"	8937	124	113	11	217	420	-203	-179
"K_4026 Tinn"	"1969"	8758	112	115	-3	232	511	-279	-224
"K_4026 Tinn"	"1970"	8534	112	122	-10	309	550	-241	-176
"K_4026 Tinn"	"1971"	8358	114	126	-12	194	384	-190	-248
"K_4026 Tinn"	"1972"	8110	89	129	-40	286	423	-137	-175
"K_4026 Tinn"	"1973"	7935	98	118	-20	249	344	-95	-120
"K_4026 Tinn"	"1974"	7815	88	118	-30	291	283	8	-25
"K_4026 Tinn"	"1975"	7790	80	113	-33	216	295	-79	-121
"K_4026 Tinn"	"1976"	7669	71	119	-48	275	256	19	-30
"K_4026 Tinn"	"1977"	7639	81	105	-24	293	233	60	35
"K_4026 Tinn"	"1978"	7674	69	113	-44	235	297	-62	-104
"K_4026 Tinn"	"1979"	7570	83	131	-48	271	311	-40	-90
"K_4026 Tinn"	"1980"	7480	76	97	-21	326	278	48	16
"K_4026 Tinn"	"1981"	7496	67	115	-48	279	296	-17	-64
"K_4026 Tinn"	"1982"	7432	84	118	-34	261	314	-53	-87
"K_4026 Tinn"	"1983"	7345	73	93	-20	246	214	32	12
"K_4026 Tinn"	"1984"	7357	81	114	-33	206	261	-55	-87
"K_4026 Tinn"	"1985"	7270	66	110	-44	219	245	-26	-69
"K_4026 Tinn"	"1986"	7201	81	126	-45	262	316	-54	-95
"K_4026 Tinn"	"1987"	7106	77	125	-48	388	356	32	-17
"K_4026 Tinn"	"1988"	7089	84	132	-48	349	420	-71	-128
"K_4026 Tinn"	"1989"	6961	63	112	-49	230	261	-31	-85
"K_4026 Tinn"	"1990"	6876	79	111	-32	239	219	20	-13
"K_4026 Tinn"	"1991"	6863	85	104	-19	263	228	35	13
"K_4026 Tinn"	"1992"	6876	74	89	-15	209	250	-41	-58
"K_4026 Tinn"	"1993"	6818	63	127	-64	254	208	46	-14
"K_4026 Tinn"	"1994"	6804	73	102	-29	247	237	10	-23
"K_4026 Tinn"	"1995"	6781	74	115	-41	239	206	33	-7
"K_4026 Tinn"	"1996"	6774	71	121	-50	205	276	-71	-119
"K_4026 Tinn"	"1997"	6655	82	108	-26	227	291	-64	-90
"K_4026 Tinn"	"1998"	6565	73	83	-10	303	314	-11	-27
"K_4026 Tinn"	"1999"	6538	78	110	-32	357	303	54	22
"K_4026 Tinn"	"2000"	6560	96	107	-11	343	332	11	0
"K_4026 Tinn"	"2001"	6560	89	102	-13	295	352	-57	-70
"K_4026 Tinn"	"2002"	6490	74	89	-15	226	348	-122	-136
"K_4026 Tinn"	"2003"	6354	74	75	-1	317	250	67	66
"K_4026 Tinn"	"2004"	6420	73	87	-14	263	286	-23	-40
"K_4026 Tinn"	"2005"	6380	48	88	-40	199	287	-88	-133
"K_4026 Tinn"	"2006"	6247	56	73	-17	201	313	-112	-127
"K_4026 Tinn"	"2007"	6120	53	89	-36	250	266	-16	-54
"K_4026 Tinn"	"2008"	6066	64	73	-9	217	263	-46	-56
"K_4026 Tinn"	"2009"	6010	60	64	-4	239	232	7	12
"K_4026 Tinn"	"2010"	6022	52	67	-15	270	233	37	15
"K_4026 Tinn"	"2011"	6037	53	87	-34	255	275	-20	-55
"K_4026 Tinn"	"2012"	5982	61	89	-28	306	286	20	-9
"K_4026 Tinn"	"2013"	5973	45	80	-35	291	273	18	-16
"K_4026 Tinn"	"2014"	5957	44	82	-38	287	293	-6	-44
"K_4026 Tinn"	"2015"	5913	38	68	-30	362	307	55	27
"K_4026 Tinn"	"2016"	5940	43	75	-32	316	330	-14	-46
"K_4026 Tinn"	"2017"	5894	32	78	-46	349	343	6	-38
"K_4026 Tinn"	"2018"	5856	33	65	-32	202	247	-45	-76
"K_4026 Tinn"	"2019"	5780	45	66	-21	200	269	-69	-89
"K_4026 Tinn"	"2020"	5691	30	74	-44	190	236	-46	-87
"K_4026 Tinn"	"2021"	5604	33	62	-29	204	269	-65	-92
"K_4026 Tinn"	"2022"	5512	34	82	-48	306	228	78	34
"K_4026 Tinn"	"2023"	5546	31	64	-33	239	220	19	-13
"K_4026 Tinn"	"2024"	5533	..	..	..	..	..	..	..
"K_4028 Kviteseid"	"1951"	3335	51	28	23	143	221	-78	-55
"K_4028 Kviteseid"	"1952"	3280	57	31	26	100	100	0	26
"K_4028 Kviteseid"	"1953"	3306	61	31	30	104	170	-66	-36
"K_4028 Kviteseid"	"1954"	3270	57	31	26	103	129	-26	0
"K_4028 Kviteseid"	"1955"	3270	59	34	25	139	152	-13	4
"K_4028 Kviteseid"	"1956"	3274	61	39	22	138	153	-15	7
"K_4028 Kviteseid"	"1957"	3281	50	43	7	154	180	-26	-19
"K_4028 Kviteseid"	"1958"	3262	47	30	17	106	156	-50	-33
"K_4028 Kviteseid"	"1959"	3229	57	27	30	129	189	-60	-30
"K_4028 Kviteseid"	"1960"	3199	61	35	26	158	165	-7	16
"K_4028 Kviteseid"	"1961"	3215	54	37	17	140	166	-26	-9
"K_4028 Kviteseid"	"1962"	3206	42	42	0	111	191	-80	-80
"K_4028 Kviteseid"	"1963"	3126	45	39	6	117	160	-43	-37
"K_4028 Kviteseid"	"1964"	3089	52	32	20	132	132	0	20
"K_4028 Kviteseid"	"1965"	3109	39	35	4	152	160	-8	-4
"K_4028 Kviteseid"	"1966"	3105	47	34	13	124	187	-63	-44
"K_4028 Kviteseid"	"1967"	3061	36	31	5	152	180	-28	-23
"K_4028 Kviteseid"	"1968"	3038	42	32	10	128	144	-16	-9
"K_4028 Kviteseid"	"1969"	3029	31	34	-3	148	169	-21	-25
"K_4028 Kviteseid"	"1970"	3004	37	37	0	201	243	-42	-40
"K_4028 Kviteseid"	"1971"	2964	37	30	7	151	181	-30	-24
"K_4028 Kviteseid"	"1972"	2940	43	47	-4	165	155	10	6
"K_4028 Kviteseid"	"1973"	2946	25	34	-9	126	161	-35	-46
"K_4028 Kviteseid"	"1974"	2900	31	39	-8	169	167	2	-3
"K_4028 Kviteseid"	"1975"	2897	36	34	2	196	179	17	17
"K_4028 Kviteseid"	"1976"	2914	46	29	17	183	166	17	34
"K_4028 Kviteseid"	"1977"	2948	24	43	-19	177	142	35	15
"K_4028 Kviteseid"	"1978"	2963	35	35	0	145	153	-8	-9
"K_4028 Kviteseid"	"1979"	2954	26	37	-11	152	149	3	-8
"K_4028 Kviteseid"	"1980"	2946	24	32	-8	195	165	30	16
"K_4028 Kviteseid"	"1981"	2962	35	41	-6	192	144	48	40
"K_4028 Kviteseid"	"1982"	3002	39	36	3	150	142	8	5
"K_4028 Kviteseid"	"1983"	3007	31	36	-5	133	162	-29	-34
"K_4028 Kviteseid"	"1984"	2973	25	41	-16	129	165	-36	-52
"K_4028 Kviteseid"	"1985"	2921	30	40	-10	136	91	45	35
"K_4028 Kviteseid"	"1986"	2956	29	46	-17	156	160	-4	-23
"K_4028 Kviteseid"	"1987"	2933	34	43	-9	242	148	94	83
"K_4028 Kviteseid"	"1988"	3016	40	37	3	272	257	15	22
"K_4028 Kviteseid"	"1989"	3038	37	44	-7	149	200	-51	-62
"K_4028 Kviteseid"	"1990"	2976	39	39	0	101	183	-82	-84
"K_4028 Kviteseid"	"1991"	2892	32	43	-11	119	128	-9	-21
"K_4028 Kviteseid"	"1992"	2871	31	33	-2	89	125	-36	-38
"K_4028 Kviteseid"	"1993"	2833	28	38	-10	104	108	-4	-16
"K_4028 Kviteseid"	"1994"	2817	18	45	-27	75	120	-45	-77
"K_4028 Kviteseid"	"1995"	2740	28	54	-26	90	115	-25	-50
"K_4028 Kviteseid"	"1996"	2690	25	37	-12	118	137	-19	-32
"K_4028 Kviteseid"	"1997"	2658	34	29	5	132	131	1	6
"K_4028 Kviteseid"	"1998"	2664	25	45	-20	155	143	12	-8
"K_4028 Kviteseid"	"1999"	2656	23	50	-27	200	162	38	11
"K_4028 Kviteseid"	"2000"	2667	26	39	-13	180	162	18	3
"K_4028 Kviteseid"	"2001"	2670	21	26	-5	131	125	6	2
"K_4028 Kviteseid"	"2002"	2672	31	36	-5	90	111	-21	-25
"K_4028 Kviteseid"	"2003"	2647	16	34	-18	126	136	-10	-25
"K_4028 Kviteseid"	"2004"	2622	26	31	-5	125	143	-18	-24
"K_4028 Kviteseid"	"2005"	2598	18	33	-15	112	120	-8	-23
"K_4028 Kviteseid"	"2006"	2575	19	30	-11	103	127	-24	-33
"K_4028 Kviteseid"	"2007"	2542	20	30	-10	138	107	31	21
"K_4028 Kviteseid"	"2008"	2563	17	33	-16	111	113	-2	-17
"K_4028 Kviteseid"	"2009"	2546	18	27	-9	107	123	-16	-24
"K_4028 Kviteseid"	"2010"	2522	25	24	1	79	103	-24	-21
"K_4028 Kviteseid"	"2011"	2501	23	36	-13	126	115	11	-3
"K_4028 Kviteseid"	"2012"	2498	21	27	-6	133	116	17	9
"K_4028 Kviteseid"	"2013"	2507	20	35	-15	133	157	-24	-39
"K_4028 Kviteseid"	"2014"	2468	18	28	-10	105	97	8	-2
"K_4028 Kviteseid"	"2015"	2466	15	38	-23	120	115	5	-18
"K_4028 Kviteseid"	"2016"	2448	21	31	-10	140	136	4	-6
"K_4028 Kviteseid"	"2017"	2442	17	40	-23	103	123	-20	-45
"K_4028 Kviteseid"	"2018"	2397	25	22	3	88	85	3	6
"K_4028 Kviteseid"	"2019"	2403	10	25	-15	97	82	15	0
"K_4028 Kviteseid"	"2020"	2403	20	15	5	119	96	23	27
"K_4028 Kviteseid"	"2021"	2430	17	30	-13	134	100	34	22
"K_4028 Kviteseid"	"2022"	2452	15	36	-21	136	140	-4	-25
"K_4028 Kviteseid"	"2023"	2427	25	24	1	150	120	30	31
"K_4028 Kviteseid"	"2024"	2458	..	..	..	..	..	..	..
"K_4030 Nissedal"	"1951"	1795	29	24	5	77	94	-17	-12
"K_4030 Nissedal"	"1952"	1783	36	18	18	51	58	-7	11
"K_4030 Nissedal"	"1953"	1794	26	18	8	28	65	-37	-29
"K_4030 Nissedal"	"1954"	1765	28	19	9	45	53	-8	1
"K_4030 Nissedal"	"1955"	1766	27	20	7	51	84	-33	1
"K_4030 Nissedal"	"1956"	1767	30	19	11	35	90	-55	-44
"K_4030 Nissedal"	"1957"	1723	26	22	4	56	63	-7	-3
"K_4030 Nissedal"	"1958"	1720	38	20	18	52	77	-25	-7
"K_4030 Nissedal"	"1959"	1713	26	20	6	54	90	-36	-30
"K_4030 Nissedal"	"1960"	1683	21	17	4	70	130	-60	14
"K_4030 Nissedal"	"1961"	1697	19	22	-3	60	97	-37	-40
"K_4030 Nissedal"	"1962"	1664	17	15	2	79	70	9	11
"K_4030 Nissedal"	"1963"	1675	17	25	-8	61	70	-9	-17
"K_4030 Nissedal"	"1964"	1658	15	16	-1	69	69	0	-1
"K_4030 Nissedal"	"1965"	1657	24	26	-2	58	67	-9	-11
"K_4030 Nissedal"	"1966"	1646	18	22	-4	55	96	-41	-62
"K_4030 Nissedal"	"1967"	1584	33	19	14	89	91	-2	12
"K_4030 Nissedal"	"1968"	1596	22	18	4	55	61	-6	-1
"K_4030 Nissedal"	"1969"	1595	20	26	-6	51	99	-48	-54
"K_4030 Nissedal"	"1970"	1541	19	24	-5	70	143	-73	-82
"K_4030 Nissedal"	"1971"	1459	24	25	-1	72	43	29	29
"K_4030 Nissedal"	"1972"	1488	11	26	-15	53	57	-4	-20
"K_4030 Nissedal"	"1973"	1468	18	26	-8	65	52	13	4
"K_4030 Nissedal"	"1974"	1472	13	30	-17	74	69	5	-14
"K_4030 Nissedal"	"1975"	1458	25	31	-6	61	66	-5	-11
"K_4030 Nissedal"	"1976"	1447	15	30	-15	52	45	7	-8
"K_4030 Nissedal"	"1977"	1439	8	21	-13	66	45	21	8
"K_4030 Nissedal"	"1978"	1447	20	25	-5	82	45	37	32
"K_4030 Nissedal"	"1979"	1479	26	33	-7	98	60	38	31
"K_4030 Nissedal"	"1980"	1510	23	25	-2	64	59	5	2
"K_4030 Nissedal"	"1981"	1512	23	19	4	69	58	11	15
"K_4030 Nissedal"	"1982"	1527	15	17	-2	52	47	5	3
"K_4030 Nissedal"	"1983"	1530	24	25	-1	58	65	-7	-8
"K_4030 Nissedal"	"1984"	1522	21	20	1	57	53	4	5
"K_4030 Nissedal"	"1985"	1527	12	28	-16	92	70	22	5
"K_4030 Nissedal"	"1986"	1532	20	15	5	46	74	-28	-22
"K_4030 Nissedal"	"1987"	1510	22	16	6	76	62	14	20
"K_4030 Nissedal"	"1988"	1530	22	19	3	99	95	4	7
"K_4030 Nissedal"	"1989"	1537	16	26	-10	59	84	-25	-35
"K_4030 Nissedal"	"1990"	1502	21	17	4	37	44	-7	-4
"K_4030 Nissedal"	"1991"	1498	20	17	3	53	56	-3	0
"K_4030 Nissedal"	"1992"	1498	24	19	5	79	71	8	13
"K_4030 Nissedal"	"1993"	1511	26	16	10	51	95	-44	-34
"K_4030 Nissedal"	"1994"	1477	18	22	-4	72	56	16	11
"K_4030 Nissedal"	"1995"	1488	12	16	-4	58	60	-2	-7
"K_4030 Nissedal"	"1996"	1481	17	21	-4	59	50	9	5
"K_4030 Nissedal"	"1997"	1486	7	20	-13	57	69	-12	-23
"K_4030 Nissedal"	"1998"	1463	17	15	2	64	64	0	2
"K_4030 Nissedal"	"1999"	1465	13	25	-12	63	69	-6	-18
"K_4030 Nissedal"	"2000"	1447	14	22	-8	80	56	24	16
"K_4030 Nissedal"	"2001"	1463	13	16	-3	43	62	-19	-22
"K_4030 Nissedal"	"2002"	1441	11	15	-4	71	63	8	4
"K_4030 Nissedal"	"2003"	1445	12	22	-10	56	62	-6	-16
"K_4030 Nissedal"	"2004"	1429	6	17	-11	51	60	-9	-21
"K_4030 Nissedal"	"2005"	1408	16	16	0	73	74	-1	-1
"K_4030 Nissedal"	"2006"	1407	6	20	-14	56	72	-16	-32
"K_4030 Nissedal"	"2007"	1375	16	15	1	63	60	3	3
"K_4030 Nissedal"	"2008"	1378	14	15	-1	56	40	16	15
"K_4030 Nissedal"	"2009"	1393	16	13	3	48	41	7	11
"K_4030 Nissedal"	"2010"	1404	17	12	5	62	67	-5	1
"K_4030 Nissedal"	"2011"	1405	17	19	-2	85	58	27	25
"K_4030 Nissedal"	"2012"	1430	17	15	2	45	47	-2	0
"K_4030 Nissedal"	"2013"	1430	20	16	4	76	59	17	21
"K_4030 Nissedal"	"2014"	1451	10	10	0	68	80	-12	-12
"K_4030 Nissedal"	"2015"	1439	10	14	-4	74	66	8	4
"K_4030 Nissedal"	"2016"	1443	25	15	10	73	51	22	33
"K_4030 Nissedal"	"2017"	1476	10	9	1	82	71	11	13
"K_4030 Nissedal"	"2018"	1489	16	15	1	76	90	-14	-13
"K_4030 Nissedal"	"2019"	1476	10	18	-8	57	77	-20	-28
"K_4030 Nissedal"	"2020"	1448	13	9	4	59	81	-22	-18
"K_4030 Nissedal"	"2021"	1430	8	11	-3	72	84	-12	-16
"K_4030 Nissedal"	"2022"	1414	11	11	0	90	63	27	28
"K_4030 Nissedal"	"2023"	1442	10	16	-6	101	66	35	29
"K_4030 Nissedal"	"2024"	1471	..	..	..	..	..	..	..
"K_4032 Fyresdal"	"1951"	1717	38	20	18	54	73	-19	-1
"K_4032 Fyresdal"	"1952"	1716	28	25	3	51	61	-10	-7
"K_4032 Fyresdal"	"1953"	1709	33	23	10	35	71	-36	-26
"K_4032 Fyresdal"	"1954"	1683	33	22	11	47	60	-13	-2
"K_4032 Fyresdal"	"1955"	1681	24	26	-2	40	51	-11	9
"K_4032 Fyresdal"	"1956"	1690	23	22	1	54	63	-9	-8
"K_4032 Fyresdal"	"1957"	1682	27	22	5	66	61	5	10
"K_4032 Fyresdal"	"1958"	1692	24	18	6	56	48	8	14
"K_4032 Fyresdal"	"1959"	1706	27	24	3	44	46	-2	1
"K_4032 Fyresdal"	"1960"	1707	17	16	1	44	69	-25	-29
"K_4032 Fyresdal"	"1961"	1678	24	24	0	36	45	-9	-9
"K_4032 Fyresdal"	"1962"	1669	28	16	12	45	86	-41	-29
"K_4032 Fyresdal"	"1963"	1640	22	15	7	64	63	1	8
"K_4032 Fyresdal"	"1964"	1648	26	25	1	61	76	-15	-14
"K_4032 Fyresdal"	"1965"	1634	20	22	-2	47	81	-34	-36
"K_4032 Fyresdal"	"1966"	1598	30	26	4	44	71	-27	-22
"K_4032 Fyresdal"	"1967"	1576	14	31	-17	51	62	-11	-28
"K_4032 Fyresdal"	"1968"	1548	27	24	3	62	81	-19	-12
"K_4032 Fyresdal"	"1969"	1536	22	17	5	66	106	-40	-39
"K_4032 Fyresdal"	"1970"	1497	20	22	-2	78	96	-18	-20
"K_4032 Fyresdal"	"1971"	1477	22	25	-3	101	64	37	31
"K_4032 Fyresdal"	"1972"	1508	25	23	2	69	58	11	16
"K_4032 Fyresdal"	"1973"	1524	12	33	-21	52	107	-55	-77
"K_4032 Fyresdal"	"1974"	1447	22	23	-1	86	56	30	24
"K_4032 Fyresdal"	"1975"	1471	20	28	-8	53	58	-5	-13
"K_4032 Fyresdal"	"1976"	1458	18	30	-12	48	38	10	-2
"K_4032 Fyresdal"	"1977"	1456	17	35	-18	76	75	1	-17
"K_4032 Fyresdal"	"1978"	1439	16	18	-2	46	58	-12	-14
"K_4032 Fyresdal"	"1979"	1425	19	21	-2	69	78	-9	-11
"K_4032 Fyresdal"	"1980"	1414	19	23	-4	73	42	31	26
"K_4032 Fyresdal"	"1981"	1440	16	27	-11	51	72	-21	-32
"K_4032 Fyresdal"	"1982"	1408	21	16	5	73	64	9	14
"K_4032 Fyresdal"	"1983"	1422	11	26	-15	89	44	45	30
"K_4032 Fyresdal"	"1984"	1452	15	21	-6	59	39	20	14
"K_4032 Fyresdal"	"1985"	1466	17	26	-9	40	46	-6	-12
"K_4032 Fyresdal"	"1986"	1454	16	23	-7	62	68	-6	-13
"K_4032 Fyresdal"	"1987"	1441	16	21	-5	83	75	8	5
"K_4032 Fyresdal"	"1988"	1446	11	22	-11	55	55	0	-13
"K_4032 Fyresdal"	"1989"	1433	18	16	2	70	74	-4	-3
"K_4032 Fyresdal"	"1990"	1430	12	16	-4	60	69	-9	-13
"K_4032 Fyresdal"	"1991"	1417	14	23	-9	22	54	-32	-40
"K_4032 Fyresdal"	"1992"	1377	19	28	-9	42	44	-2	-11
"K_4032 Fyresdal"	"1993"	1366	21	21	0	48	40	8	8
"K_4032 Fyresdal"	"1994"	1374	18	25	-7	22	31	-9	-16
"K_4032 Fyresdal"	"1995"	1358	22	15	7	55	62	-7	-1
"K_4032 Fyresdal"	"1996"	1357	19	24	-5	57	56	1	-1
"K_4032 Fyresdal"	"1997"	1356	16	24	-8	54	55	-1	-9
"K_4032 Fyresdal"	"1998"	1347	17	18	-1	50	59	-9	-10
"K_4032 Fyresdal"	"1999"	1337	21	16	5	61	50	11	16
"K_4032 Fyresdal"	"2000"	1353	10	19	-9	62	58	4	-5
"K_4032 Fyresdal"	"2001"	1348	14	29	-15	45	45	0	-15
"K_4032 Fyresdal"	"2002"	1333	15	19	-4	36	55	-19	-23
"K_4032 Fyresdal"	"2003"	1310	12	15	-3	80	40	40	37
"K_4032 Fyresdal"	"2004"	1347	16	13	3	68	65	3	6
"K_4032 Fyresdal"	"2005"	1353	15	18	-3	60	41	19	16
"K_4032 Fyresdal"	"2006"	1369	14	16	-2	57	61	-4	-6
"K_4032 Fyresdal"	"2007"	1363	16	18	-2	63	49	14	12
"K_4032 Fyresdal"	"2008"	1375	13	17	-4	66	58	8	4
"K_4032 Fyresdal"	"2009"	1379	16	12	4	57	58	-1	2
"K_4032 Fyresdal"	"2010"	1381	6	22	-16	55	69	-14	-30
"K_4032 Fyresdal"	"2011"	1351	12	12	0	74	90	-16	-16
"K_4032 Fyresdal"	"2012"	1335	10	18	-8	70	49	21	15
"K_4032 Fyresdal"	"2013"	1350	12	20	-8	44	83	-39	-47
"K_4032 Fyresdal"	"2014"	1303	10	17	-7	65	63	2	-5
"K_4032 Fyresdal"	"2015"	1298	8	19	-11	83	47	36	25
"K_4032 Fyresdal"	"2016"	1323	5	9	-4	74	72	2	-4
"K_4032 Fyresdal"	"2017"	1319	7	15	-8	61	52	9	1
"K_4032 Fyresdal"	"2018"	1320	10	11	-1	36	69	-33	-34
"K_4032 Fyresdal"	"2019"	1286	10	10	0	52	51	1	1
"K_4032 Fyresdal"	"2020"	1287	6	19	-13	41	88	-47	-59
"K_4032 Fyresdal"	"2021"	1228	8	21	-13	57	72	-15	-30
"K_4032 Fyresdal"	"2022"	1198	7	16	-9	93	57	36	26
"K_4032 Fyresdal"	"2023"	1224	10	15	-5	93	57	36	32
"K_4032 Fyresdal"	"2024"	1256	..	..	..	..	..	..	..
"K_4034 Tokke"	"1951"	3108	47	32	15	73	139	-66	-51
"K_4034 Tokke"	"1952"	3057	45	32	13	75	104	-29	-16
"K_4034 Tokke"	"1953"	3041	55	44	11	86	139	-53	-42
"K_4034 Tokke"	"1954"	2999	43	24	19	80	150	-70	-51
"K_4034 Tokke"	"1955"	2948	63	22	41	79	212	-133	-22
"K_4034 Tokke"	"1956"	2926	53	38	15	271	179	92	107
"K_4034 Tokke"	"1957"	3033	48	46	2	577	225	352	354
"K_4034 Tokke"	"1958"	3387	81	28	53	318	168	150	203
"K_4034 Tokke"	"1959"	3590	71	37	34	250	237	13	47
"K_4034 Tokke"	"1960"	3637	80	34	46	233	319	-86	166
"K_4034 Tokke"	"1961"	3803	58	38	20	205	331	-126	-106
"K_4034 Tokke"	"1962"	3697	72	24	48	140	271	-131	-83
"K_4034 Tokke"	"1963"	3614	60	47	13	204	244	-40	-27
"K_4034 Tokke"	"1964"	3587	70	31	39	150	216	-66	-27
"K_4034 Tokke"	"1965"	3560	42	24	18	132	246	-114	-96
"K_4034 Tokke"	"1966"	3464	44	21	23	124	194	-70	-56
"K_4034 Tokke"	"1967"	3408	49	34	15	132	271	-139	-124
"K_4034 Tokke"	"1968"	3284	35	34	1	95	225	-130	-128
"K_4034 Tokke"	"1969"	3156	40	30	10	101	215	-114	-104
"K_4034 Tokke"	"1970"	3052	43	38	5	145	225	-80	-73
"K_4034 Tokke"	"1971"	2979	37	32	5	74	175	-101	-96
"K_4034 Tokke"	"1972"	2883	28	35	-7	118	175	-57	-62
"K_4034 Tokke"	"1973"	2821	40	34	6	107	125	-18	-15
"K_4034 Tokke"	"1974"	2806	24	30	-6	128	153	-25	-34
"K_4034 Tokke"	"1975"	2772	18	45	-27	106	89	17	-10
"K_4034 Tokke"	"1976"	2762	23	35	-12	124	106	18	6
"K_4034 Tokke"	"1977"	2768	27	27	0	130	94	36	34
"K_4034 Tokke"	"1978"	2802	22	43	-21	101	94	7	-14
"K_4034 Tokke"	"1979"	2788	30	40	-10	70	86	-16	-30
"K_4034 Tokke"	"1980"	2758	32	34	-2	123	114	9	7
"K_4034 Tokke"	"1981"	2765	29	32	-3	138	106	32	29
"K_4034 Tokke"	"1982"	2794	33	34	-1	73	99	-26	-28
"K_4034 Tokke"	"1983"	2766	28	41	-13	104	117	-13	-27
"K_4034 Tokke"	"1984"	2739	34	34	0	122	93	29	31
"K_4034 Tokke"	"1985"	2770	38	39	-1	94	110	-16	-20
"K_4034 Tokke"	"1986"	2750	28	41	-13	119	108	11	-1
"K_4034 Tokke"	"1987"	2749	41	41	0	117	118	-1	-1
"K_4034 Tokke"	"1988"	2748	38	45	-7	94	107	-13	-21
"K_4034 Tokke"	"1989"	2727	31	50	-19	135	91	44	19
"K_4034 Tokke"	"1990"	2746	30	48	-18	100	139	-39	-53
"K_4034 Tokke"	"1991"	2693	23	46	-23	98	146	-48	-69
"K_4034 Tokke"	"1992"	2624	24	43	-19	87	95	-8	-27
"K_4034 Tokke"	"1993"	2597	21	43	-22	78	75	3	-19
"K_4034 Tokke"	"1994"	2578	43	36	7	95	115	-20	-12
"K_4034 Tokke"	"1995"	2566	17	35	-18	77	71	6	-13
"K_4034 Tokke"	"1996"	2553	34	28	6	98	91	7	14
"K_4034 Tokke"	"1997"	2567	22	35	-13	102	82	20	7
"K_4034 Tokke"	"1998"	2574	38	44	-6	80	109	-29	-35
"K_4034 Tokke"	"1999"	2539	31	40	-9	80	104	-24	-33
"K_4034 Tokke"	"2000"	2506	28	40	-12	91	98	-7	-19
"K_4034 Tokke"	"2001"	2487	29	44	-15	117	92	25	10
"K_4034 Tokke"	"2002"	2497	17	35	-18	74	97	-23	-43
"K_4034 Tokke"	"2003"	2454	25	23	2	94	86	8	11
"K_4034 Tokke"	"2004"	2465	24	27	-3	83	83	0	-2
"K_4034 Tokke"	"2005"	2463	20	41	-21	69	94	-25	-46
"K_4034 Tokke"	"2006"	2417	28	35	-7	93	83	10	-3
"K_4034 Tokke"	"2007"	2414	20	38	-18	75	105	-30	-48
"K_4034 Tokke"	"2008"	2366	21	35	-14	86	76	10	-3
"K_4034 Tokke"	"2009"	2363	21	24	-3	85	108	-23	-26
"K_4034 Tokke"	"2010"	2337	25	25	0	76	97	-21	-21
"K_4034 Tokke"	"2011"	2316	19	38	-19	85	96	-11	-29
"K_4034 Tokke"	"2012"	2287	17	34	-17	84	70	14	-3
"K_4034 Tokke"	"2013"	2284	20	42	-22	84	89	-5	-27
"K_4034 Tokke"	"2014"	2257	12	27	-15	85	75	10	-5
"K_4034 Tokke"	"2015"	2252	15	26	-11	91	86	5	-6
"K_4034 Tokke"	"2016"	2246	18	34	-16	98	101	-3	-18
"K_4034 Tokke"	"2017"	2228	11	24	-13	98	76	22	8
"K_4034 Tokke"	"2018"	2236	20	24	-4	74	78	-4	-8
"K_4034 Tokke"	"2019"	2228	13	25	-12	72	87	-15	-27
"K_4034 Tokke"	"2020"	2201	12	30	-18	85	104	-19	-37
"K_4034 Tokke"	"2021"	2164	16	21	-5	80	98	-18	-24
"K_4034 Tokke"	"2022"	2140	19	28	-9	170	103	67	58
"K_4034 Tokke"	"2023"	2198	28	30	-2	127	111	16	14
"K_4034 Tokke"	"2024"	2212	..	..	..	..	..	..	..
"K_4036 Vinje"	"1951"	3375	59	31	28	104	120	-14	14
"K_4036 Vinje"	"1952"	3389	72	33	39	58	87	-29	10
"K_4036 Vinje"	"1953"	3399	64	32	32	86	93	-7	25
"K_4036 Vinje"	"1954"	3424	54	38	16	58	76	-18	-2
"K_4036 Vinje"	"1955"	3422	53	33	20	97	120	-23	-16
"K_4036 Vinje"	"1956"	3406	67	31	36	242	128	114	150
"K_4036 Vinje"	"1957"	3556	66	34	32	243	150	93	125
"K_4036 Vinje"	"1958"	3681	87	32	55	231	130	101	156
"K_4036 Vinje"	"1959"	3837	69	27	42	260	198	62	104
"K_4036 Vinje"	"1960"	3941	81	36	45	258	258	0	23
"K_4036 Vinje"	"1961"	3964	72	48	24	277	181	96	120
"K_4036 Vinje"	"1962"	4084	89	27	62	238	204	34	96
"K_4036 Vinje"	"1963"	4180	70	35	35	251	245	6	41
"K_4036 Vinje"	"1964"	4221	86	35	51	163	297	-134	-83
"K_4036 Vinje"	"1965"	4138	65	30	35	114	338	-224	-189
"K_4036 Vinje"	"1966"	3949	63	29	34	160	260	-100	-64
"K_4036 Vinje"	"1967"	3885	60	31	29	174	207	-33	-4
"K_4036 Vinje"	"1968"	3881	60	32	28	175	238	-63	-43
"K_4036 Vinje"	"1969"	3838	64	33	31	191	199	-8	27
"K_4036 Vinje"	"1970"	3865	58	34	24	184	203	-19	11
"K_4036 Vinje"	"1971"	3876	64	31	33	159	191	-32	2
"K_4036 Vinje"	"1972"	3878	55	32	23	168	196	-28	-5
"K_4036 Vinje"	"1973"	3873	54	41	13	163	162	1	20
"K_4036 Vinje"	"1974"	3893	54	35	19	161	206	-45	-31
"K_4036 Vinje"	"1975"	3862	47	31	16	151	182	-31	-15
"K_4036 Vinje"	"1976"	3847	47	37	10	193	143	50	60
"K_4036 Vinje"	"1977"	3907	52	26	26	176	177	-1	27
"K_4036 Vinje"	"1978"	3934	39	42	-3	185	172	13	10
"K_4036 Vinje"	"1979"	3944	37	48	-11	174	163	11	1
"K_4036 Vinje"	"1980"	3945	50	46	4	205	202	3	5
"K_4036 Vinje"	"1981"	3950	49	56	-7	214	192	22	16
"K_4036 Vinje"	"1982"	3966	49	39	10	240	197	43	54
"K_4036 Vinje"	"1983"	4020	52	45	7	202	212	-10	-5
"K_4036 Vinje"	"1984"	4015	48	51	-3	170	201	-31	-34
"K_4036 Vinje"	"1985"	3981	50	45	5	194	184	10	13
"K_4036 Vinje"	"1986"	3994	35	45	-10	206	239	-33	-44
"K_4036 Vinje"	"1987"	3950	47	47	0	193	221	-28	-31
"K_4036 Vinje"	"1988"	3919	43	44	-1	216	172	44	40
"K_4036 Vinje"	"1989"	3959	38	49	-11	198	231	-33	-42
"K_4036 Vinje"	"1990"	3917	54	55	-1	184	141	43	42
"K_4036 Vinje"	"1991"	3959	48	60	-12	170	159	11	-3
"K_4036 Vinje"	"1992"	3956	49	48	1	179	128	51	50
"K_4036 Vinje"	"1993"	4006	59	50	9	163	152	11	26
"K_4036 Vinje"	"1994"	4032	51	64	-13	191	198	-7	-24
"K_4036 Vinje"	"1995"	4008	59	47	12	164	176	-12	2
"K_4036 Vinje"	"1996"	4010	58	53	5	137	164	-27	-22
"K_4036 Vinje"	"1997"	3988	48	54	-6	142	192	-50	-56
"K_4036 Vinje"	"1998"	3932	44	43	1	178	218	-40	-38
"K_4036 Vinje"	"1999"	3894	42	52	-10	183	198	-15	-25
"K_4036 Vinje"	"2000"	3869	34	39	-5	136	169	-33	-37
"K_4036 Vinje"	"2001"	3832	53	49	4	162	146	16	18
"K_4036 Vinje"	"2002"	3850	30	58	-28	139	153	-14	-38
"K_4036 Vinje"	"2003"	3812	40	53	-13	128	171	-43	-56
"K_4036 Vinje"	"2004"	3756	36	44	-8	141	131	10	2
"K_4036 Vinje"	"2005"	3758	35	47	-12	109	160	-51	-64
"K_4036 Vinje"	"2006"	3694	36	38	-2	117	125	-8	-10
"K_4036 Vinje"	"2007"	3684	32	47	-15	108	141	-33	-49
"K_4036 Vinje"	"2008"	3635	42	36	6	169	147	22	27
"K_4036 Vinje"	"2009"	3662	34	34	0	137	160	-23	-21
"K_4036 Vinje"	"2010"	3641	33	32	1	136	115	21	20
"K_4036 Vinje"	"2011"	3661	42	35	7	172	140	32	39
"K_4036 Vinje"	"2012"	3700	35	43	-8	190	161	29	21
"K_4036 Vinje"	"2013"	3721	37	35	2	154	154	0	2
"K_4036 Vinje"	"2014"	3723	40	39	1	134	169	-35	-34
"K_4036 Vinje"	"2015"	3689	37	30	7	161	130	31	38
"K_4036 Vinje"	"2016"	3727	42	46	-4	148	144	4	-1
"K_4036 Vinje"	"2017"	3726	20	34	-14	161	164	-3	-17
"K_4036 Vinje"	"2018"	3709	31	32	-1	170	155	15	14
"K_4036 Vinje"	"2019"	3723	35	39	-4	161	204	-43	-47
"K_4036 Vinje"	"2020"	3676	35	23	12	228	159	69	80
"K_4036 Vinje"	"2021"	3756	34	34	0	206	209	-3	-1
"K_4036 Vinje"	"2022"	3755	33	36	-3	264	184	80	77
"K_4036 Vinje"	"2023"	3832	36	45	-9	229	202	27	19
"K_4036 Vinje"	"2024"	3851	..	..	..	..	..	..	..
"K_4201 Risør"	"1951"	5952	120	62	58	226	209	17	75
"K_4201 Risør"	"1952"	6027	104	69	35	208	211	-3	32
"K_4201 Risør"	"1953"	6059	102	66	36	189	235	-46	-10
"K_4201 Risør"	"1954"	6049	92	61	31	217	230	-13	18
"K_4201 Risør"	"1955"	6067	99	62	37	189	216	-27	29
"K_4201 Risør"	"1956"	6096	104	57	47	266	302	-36	11
"K_4201 Risør"	"1957"	6107	112	65	47	239	257	-18	29
"K_4201 Risør"	"1958"	6136	96	82	14	287	278	9	23
"K_4201 Risør"	"1959"	6159	104	76	28	259	254	5	33
"K_4201 Risør"	"1960"	6192	86	58	28	308	316	-8	23
"K_4201 Risør"	"1961"	6215	70	72	-2	194	229	-35	-18
"K_4201 Risør"	"1962"	6197	118	70	48	239	305	-66	-18
"K_4201 Risør"	"1963"	6179	80	74	6	237	286	-49	-43
"K_4201 Risør"	"1964"	6136	90	80	10	195	205	-10	0
"K_4201 Risør"	"1965"	6136	88	67	21	201	232	-31	-10
"K_4201 Risør"	"1966"	6126	89	78	11	202	214	-12	7
"K_4201 Risør"	"1967"	6133	89	61	28	207	255	-48	-20
"K_4201 Risør"	"1968"	6113	74	58	16	254	221	33	45
"K_4201 Risør"	"1969"	6158	81	72	9	213	235	-22	-8
"K_4201 Risør"	"1970"	6150	82	77	5	314	265	49	42
"K_4201 Risør"	"1971"	6192	96	81	15	266	223	43	56
"K_4201 Risør"	"1972"	6248	96	76	20	363	281	82	104
"K_4201 Risør"	"1973"	6352	69	80	-11	345	248	97	96
"K_4201 Risør"	"1974"	6448	98	83	15	426	338	88	104
"K_4201 Risør"	"1975"	6552	74	85	-11	276	257	19	5
"K_4201 Risør"	"1976"	6557	91	86	5	314	238	76	80
"K_4201 Risør"	"1977"	6637	86	88	-2	348	235	113	109
"K_4201 Risør"	"1978"	6746	64	81	-17	268	249	19	2
"K_4201 Risør"	"1979"	6748	86	78	8	342	237	105	112
"K_4201 Risør"	"1980"	6860	82	82	0	320	272	48	47
"K_4201 Risør"	"1981"	6907	77	80	-3	265	251	14	11
"K_4201 Risør"	"1982"	6918	87	102	-15	271	203	68	53
"K_4201 Risør"	"1983"	6971	78	89	-11	254	263	-9	-21
"K_4201 Risør"	"1984"	6950	74	91	-17	272	237	35	17
"K_4201 Risør"	"1985"	6967	69	80	-11	266	272	-6	-14
"K_4201 Risør"	"1986"	6953	87	101	-14	291	246	45	26
"K_4201 Risør"	"1987"	6979	68	96	-28	308	245	63	34
"K_4201 Risør"	"1988"	7013	94	94	0	311	304	7	10
"K_4201 Risør"	"1989"	7023	91	94	-3	316	338	-22	-28
"K_4201 Risør"	"1990"	6995	76	99	-23	281	290	-9	-33
"K_4201 Risør"	"1991"	6962	97	92	5	278	274	4	10
"K_4201 Risør"	"1992"	6972	79	75	4	300	289	11	15
"K_4201 Risør"	"1993"	6987	80	88	-8	331	255	76	66
"K_4201 Risør"	"1994"	7053	62	81	-19	297	306	-9	-31
"K_4201 Risør"	"1995"	7022	76	88	-12	290	294	-4	-16
"K_4201 Risør"	"1996"	7006	69	78	-9	263	336	-73	-82
"K_4201 Risør"	"1997"	6924	74	80	-6	312	290	22	16
"K_4201 Risør"	"1998"	6940	73	71	2	341	314	27	36
"K_4201 Risør"	"1999"	6976	69	96	-27	310	259	51	24
"K_4201 Risør"	"2000"	7000	93	70	23	291	274	17	41
"K_4201 Risør"	"2001"	7041	57	76	-19	293	283	10	-14
"K_4201 Risør"	"2002"	7027	50	86	-36	321	321	0	-39
"K_4201 Risør"	"2003"	6988	58	76	-18	279	310	-31	-50
"K_4201 Risør"	"2004"	6938	64	71	-7	257	278	-21	-29
"K_4201 Risør"	"2005"	6909	51	100	-49	254	251	3	-46
"K_4201 Risør"	"2006"	6863	84	72	12	255	258	-3	10
"K_4201 Risør"	"2007"	6873	56	82	-26	311	270	41	15
"K_4201 Risør"	"2008"	6888	72	97	-25	311	286	25	1
"K_4201 Risør"	"2009"	6889	57	88	-31	289	253	36	5
"K_4201 Risør"	"2010"	6894	62	84	-22	301	306	-5	-23
"K_4201 Risør"	"2011"	6871	69	83	-14	330	288	42	28
"K_4201 Risør"	"2012"	6899	47	93	-46	304	310	-6	-51
"K_4201 Risør"	"2013"	6848	61	68	-7	331	275	56	51
"K_4201 Risør"	"2014"	6899	57	82	-25	348	316	32	10
"K_4201 Risør"	"2015"	6909	59	65	-6	378	362	16	11
"K_4201 Risør"	"2016"	6920	45	65	-20	406	372	34	16
"K_4201 Risør"	"2017"	6936	47	87	-40	325	342	-17	-54
"K_4201 Risør"	"2018"	6882	52	67	-15	288	307	-19	-34
"K_4201 Risør"	"2019"	6848	36	75	-39	313	314	-1	-39
"K_4201 Risør"	"2020"	6809	47	78	-31	327	343	-16	-47
"K_4201 Risør"	"2021"	6762	43	71	-28	313	312	1	-27
"K_4201 Risør"	"2022"	6735	57	68	-11	371	282	89	71
"K_4201 Risør"	"2023"	6806	44	77	-33	328	285	43	19
"K_4201 Risør"	"2024"	6825	..	..	..	..	..	..	..
"K_4202 Grimstad"	"1951"	9826	154	94	60	475	487	-12	48
"K_4202 Grimstad"	"1952"	9874	206	120	86	472	494	-22	64
"K_4202 Grimstad"	"1953"	9938	176	105	71	472	521	-49	22
"K_4202 Grimstad"	"1954"	9960	198	108	90	458	527	-69	21
"K_4202 Grimstad"	"1955"	9981	156	97	59	496	538	-42	35
"K_4202 Grimstad"	"1956"	10016	177	111	66	626	555	71	137
"K_4202 Grimstad"	"1957"	10153	179	100	79	574	601	-27	52
"K_4202 Grimstad"	"1958"	10205	199	100	99	657	770	-113	-14
"K_4202 Grimstad"	"1959"	10191	159	103	56	593	708	-115	-59
"K_4202 Grimstad"	"1960"	10132	173	116	57	589	642	-53	28
"K_4202 Grimstad"	"1961"	10160	184	116	68	543	559	-7	61
"K_4202 Grimstad"	"1962"	10221	156	118	38	668	684	-16	22
"K_4202 Grimstad"	"1963"	10243	178	144	34	642	573	69	103
"K_4202 Grimstad"	"1964"	10346	184	108	76	647	603	44	120
"K_4202 Grimstad"	"1965"	10466	171	130	41	707	622	85	126
"K_4202 Grimstad"	"1966"	10592	197	124	73	716	595	121	213
"K_4202 Grimstad"	"1967"	10805	195	122	73	846	663	183	256
"K_4202 Grimstad"	"1968"	11061	175	112	63	847	629	218	256
"K_4202 Grimstad"	"1969"	11317	208	125	83	823	630	193	279
"K_4202 Grimstad"	"1970"	11596	230	137	93	1033	945	88	168
"K_4202 Grimstad"	"1971"	11764	217	121	96	695	533	162	97
"K_4202 Grimstad"	"1972"	11861	207	121	86	760	512	248	484
"K_4202 Grimstad"	"1973"	12345	203	134	69	785	604	181	249
"K_4202 Grimstad"	"1974"	12594	207	120	87	732	553	179	276
"K_4202 Grimstad"	"1975"	12870	211	124	87	811	668	143	218
"K_4202 Grimstad"	"1976"	13088	225	130	95	687	571	116	207
"K_4202 Grimstad"	"1977"	13295	173	126	47	677	624	53	100
"K_4202 Grimstad"	"1978"	13395	177	137	40	745	590	155	193
"K_4202 Grimstad"	"1979"	13588	173	139	34	617	579	38	75
"K_4202 Grimstad"	"1980"	13663	191	149	42	770	638	132	176
"K_4202 Grimstad"	"1981"	13839	184	139	45	724	608	116	162
"K_4202 Grimstad"	"1982"	14001	198	135	63	815	599	216	279
"K_4202 Grimstad"	"1983"	14280	201	108	93	766	591	175	267
"K_4202 Grimstad"	"1984"	14547	183	143	40	676	635	41	84
"K_4202 Grimstad"	"1985"	14631	203	142	61	716	642	74	137
"K_4202 Grimstad"	"1986"	14768	210	120	90	788	682	106	191
"K_4202 Grimstad"	"1987"	14959	200	168	32	834	706	128	160
"K_4202 Grimstad"	"1988"	15119	219	175	44	899	715	184	224
"K_4202 Grimstad"	"1989"	15343	218	139	79	861	766	95	179
"K_4202 Grimstad"	"1990"	15522	222	173	49	816	727	89	140
"K_4202 Grimstad"	"1991"	15662	222	138	84	833	708	125	219
"K_4202 Grimstad"	"1992"	15881	238	134	104	817	649	168	274
"K_4202 Grimstad"	"1993"	16155	221	145	76	846	710	136	220
"K_4202 Grimstad"	"1994"	16375	248	151	97	814	618	196	287
"K_4202 Grimstad"	"1995"	16662	253	155	98	837	722	115	212
"K_4202 Grimstad"	"1996"	16874	229	159	70	904	840	64	129
"K_4202 Grimstad"	"1997"	17003	252	131	121	984	750	234	356
"K_4202 Grimstad"	"1998"	17359	265	176	89	968	803	165	249
"K_4202 Grimstad"	"1999"	17608	241	157	84	962	834	128	213
"K_4202 Grimstad"	"2000"	17821	266	168	98	987	854	133	231
"K_4202 Grimstad"	"2001"	18052	216	145	71	1103	916	187	255
"K_4202 Grimstad"	"2002"	18307	243	135	108	1003	867	136	242
"K_4202 Grimstad"	"2003"	18549	238	168	70	936	809	127	191
"K_4202 Grimstad"	"2004"	18740	272	136	136	871	863	8	145
"K_4202 Grimstad"	"2005"	18885	242	156	86	1063	813	250	339
"K_4202 Grimstad"	"2006"	19224	256	156	100	1047	836	211	312
"K_4202 Grimstad"	"2007"	19536	243	148	95	1119	940	179	273
"K_4202 Grimstad"	"2008"	19809	240	137	103	1133	933	200	302
"K_4202 Grimstad"	"2009"	20111	283	148	135	1158	914	244	386
"K_4202 Grimstad"	"2010"	20497	248	161	87	1322	1080	242	326
"K_4202 Grimstad"	"2011"	20823	254	148	106	1467	1095	372	478
"K_4202 Grimstad"	"2012"	21301	259	145	114	1320	1143	177	293
"K_4202 Grimstad"	"2013"	21594	234	150	84	1377	1271	106	189
"K_4202 Grimstad"	"2014"	21783	244	153	91	1390	1164	226	315
"K_4202 Grimstad"	"2015"	22098	246	165	81	1578	1211	367	452
"K_4202 Grimstad"	"2016"	22550	246	159	87	1371	1318	53	142
"K_4202 Grimstad"	"2017"	22692	253	155	98	1423	1197	226	325
"K_4202 Grimstad"	"2018"	23017	226	166	60	1401	1232	169	230
"K_4202 Grimstad"	"2019"	23246	228	143	85	1465	1255	210	298
"K_4202 Grimstad"	"2020"	23544	242	158	84	1520	1260	260	347
"K_4202 Grimstad"	"2021"	23891	209	157	52	1545	1466	79	126
"K_4202 Grimstad"	"2022"	24017	264	207	57	1773	1260	513	570
"K_4202 Grimstad"	"2023"	24587	232	188	44	1695	1359	336	382
"K_4202 Grimstad"	"2024"	24969	..	..	..	..	..	..	..
"K_4203 Arendal"	"1951"	26810	451	280	171	1233	1208	25	196
"K_4203 Arendal"	"1952"	27006	518	239	279	1132	1147	-15	264
"K_4203 Arendal"	"1953"	27270	485	248	237	1351	1331	20	257
"K_4203 Arendal"	"1954"	27527	463	262	201	1259	1290	-31	170
"K_4203 Arendal"	"1955"	27697	488	272	216	1327	1407	-80	-130
"K_4203 Arendal"	"1956"	27567	468	262	206	1468	1492	-24	182
"K_4203 Arendal"	"1957"	27749	514	304	210	1373	1447	-74	136
"K_4203 Arendal"	"1958"	27885	496	249	247	1375	1290	85	332
"K_4203 Arendal"	"1959"	28217	542	301	241	1464	1435	29	270
"K_4203 Arendal"	"1960"	28487	503	300	203	1617	1690	-73	59
"K_4203 Arendal"	"1961"	28546	495	292	203	1423	1423	0	203
"K_4203 Arendal"	"1962"	29124	479	339	140	1620	1588	32	172
"K_4203 Arendal"	"1963"	29296	489	316	173	1659	1713	-54	119
"K_4203 Arendal"	"1964"	29410	502	334	168	1563	1505	58	226
"K_4203 Arendal"	"1965"	29636	508	307	201	1760	1675	85	286
"K_4203 Arendal"	"1966"	29922	473	321	152	1885	1775	110	37
"K_4203 Arendal"	"1967"	29959	537	322	215	1984	1706	278	493
"K_4203 Arendal"	"1968"	30452	532	348	184	1979	1757	222	413
"K_4203 Arendal"	"1969"	30865	565	350	215	2156	1744	412	662
"K_4203 Arendal"	"1970"	31527	549	304	245	2493	2423	70	391
"K_4203 Arendal"	"1971"	31918	549	332	217	2372	2022	350	547
"K_4203 Arendal"	"1972"	32465	577	358	219	2126	2170	-44	187
"K_4203 Arendal"	"1973"	32652	531	333	198	2342	2188	154	351
"K_4203 Arendal"	"1974"	33003	544	336	208	2592	2208	384	585
"K_4203 Arendal"	"1975"	33588	555	350	205	2679	2458	221	407
"K_4203 Arendal"	"1976"	33995	529	339	190	2102	2182	-80	105
"K_4203 Arendal"	"1977"	34100	482	307	175	2405	2271	134	309
"K_4203 Arendal"	"1978"	34409	465	368	97	2285	2271	14	119
"K_4203 Arendal"	"1979"	34528	442	357	85	2142	2000	142	230
"K_4203 Arendal"	"1980"	34758	457	376	81	2330	2125	205	277
"K_4203 Arendal"	"1981"	35035	448	333	115	2319	2065	254	376
"K_4203 Arendal"	"1982"	35411	461	336	125	2436	2135	301	426
"K_4203 Arendal"	"1983"	35837	431	347	84	2421	2139	282	363
"K_4203 Arendal"	"1984"	36200	485	382	103	2448	2124	324	425
"K_4203 Arendal"	"1985"	36625	411	390	21	2551	2279	272	286
"K_4203 Arendal"	"1986"	36911	465	390	75	2676	2456	220	291
"K_4203 Arendal"	"1987"	37202	429	388	41	2498	2289	209	244
"K_4203 Arendal"	"1988"	37446	474	387	87	2579	2466	113	191
"K_4203 Arendal"	"1989"	37637	495	405	90	2619	2551	68	154
"K_4203 Arendal"	"1990"	37791	510	404	106	2595	2451	144	251
"K_4203 Arendal"	"1991"	38042	510	393	117	2635	2608	27	139
"K_4203 Arendal"	"1992"	38181	459	386	73	1428	1246	182	257
"K_4203 Arendal"	"1993"	38438	476	384	92	1570	1380	190	277
"K_4203 Arendal"	"1994"	38715	457	391	66	1476	1524	-48	27
"K_4203 Arendal"	"1995"	38742	475	367	108	1436	1322	114	216
"K_4203 Arendal"	"1996"	38958	498	372	126	1476	1512	-36	93
"K_4203 Arendal"	"1997"	39051	495	394	101	1517	1526	-9	93
"K_4203 Arendal"	"1998"	39144	468	403	65	1530	1492	38	103
"K_4203 Arendal"	"1999"	39247	514	434	80	1671	1553	118	199
"K_4203 Arendal"	"2000"	39446	479	435	44	1560	1504	56	101
"K_4203 Arendal"	"2001"	39547	462	411	51	1546	1591	-45	7
"K_4203 Arendal"	"2002"	39554	421	424	-3	1435	1470	-35	-52
"K_4203 Arendal"	"2003"	39502	419	390	29	1392	1424	-32	-7
"K_4203 Arendal"	"2004"	39495	426	371	55	1537	1398	139	181
"K_4203 Arendal"	"2005"	39676	440	410	30	1512	1386	126	150
"K_4203 Arendal"	"2006"	39826	472	411	61	1601	1438	163	231
"K_4203 Arendal"	"2007"	40057	474	393	81	1952	1393	559	644
"K_4203 Arendal"	"2008"	40701	483	385	98	1853	1412	441	540
"K_4203 Arendal"	"2009"	41241	495	343	152	1787	1518	269	414
"K_4203 Arendal"	"2010"	41655	480	371	109	1973	1507	466	574
"K_4203 Arendal"	"2011"	42229	460	406	54	2119	1611	508	572
"K_4203 Arendal"	"2012"	42801	486	366	120	1997	1588	409	535
"K_4203 Arendal"	"2013"	43336	489	417	72	2093	1663	430	505
"K_4203 Arendal"	"2014"	43841	453	371	82	1993	1699	294	378
"K_4203 Arendal"	"2015"	44219	436	348	88	1829	1824	5	94
"K_4203 Arendal"	"2016"	44313	456	383	73	2174	1984	190	261
"K_4203 Arendal"	"2017"	44576	422	373	49	1864	1843	21	67
"K_4203 Arendal"	"2018"	44645	405	367	38	1864	1770	94	139
"K_4203 Arendal"	"2019"	44785	372	374	-2	1913	1697	216	214
"K_4203 Arendal"	"2020"	44999	379	388	-9	1846	1770	76	66
"K_4203 Arendal"	"2021"	45065	399	358	41	2195	1797	398	444
"K_4203 Arendal"	"2022"	45509	361	387	-26	2217	1810	407	382
"K_4203 Arendal"	"2023"	45891	345	391	-46	2252	1742	510	464
"K_4203 Arendal"	"2024"	46355	..	..	..	..	..	..	..
"K_4204 Kristiansand"	"1951"	42323	865	351	514	3091	2903	188	702
"K_4204 Kristiansand"	"1952"	43025	942	374	568	3444	2792	652	1220
"K_4204 Kristiansand"	"1953"	44245	962	355	607	3660	2920	740	1347
"K_4204 Kristiansand"	"1954"	45592	944	330	614	3768	3242	526	1140
"K_4204 Kristiansand"	"1955"	46732	973	373	600	4084	3448	636	1090
"K_4204 Kristiansand"	"1956"	47822	997	363	634	3706	3388	318	952
"K_4204 Kristiansand"	"1957"	48774	958	369	589	4044	3452	592	1181
"K_4204 Kristiansand"	"1958"	49955	1045	378	667	3819	3555	264	931
"K_4204 Kristiansand"	"1959"	50886	1009	410	599	3779	3549	230	829
"K_4204 Kristiansand"	"1960"	51715	1077	433	644	4418	3931	487	1130
"K_4204 Kristiansand"	"1961"	52845	1065	445	620	4400	3851	549	1169
"K_4204 Kristiansand"	"1962"	54014	1114	420	694	4606	4065	541	1235
"K_4204 Kristiansand"	"1963"	55249	1129	451	678	5002	4865	137	815
"K_4204 Kristiansand"	"1964"	56122	1186	431	755	5121	4702	419	1174
"K_4204 Kristiansand"	"1965"	57296	1175	458	717	3214	2562	652	1369
"K_4204 Kristiansand"	"1966"	58665	1216	468	748	3010	2595	415	1069
"K_4204 Kristiansand"	"1967"	59734	1183	494	689	3107	2527	580	1269
"K_4204 Kristiansand"	"1968"	61003	1191	508	683	3476	2660	816	1517
"K_4204 Kristiansand"	"1969"	62520	1242	539	703	3748	2990	758	1434
"K_4204 Kristiansand"	"1970"	63954	1169	550	619	3967	3470	497	1067
"K_4204 Kristiansand"	"1971"	65021	1233	559	674	3684	3146	538	1208
"K_4204 Kristiansand"	"1972"	66229	1157	570	587	3658	3348	310	964
"K_4204 Kristiansand"	"1973"	67193	1122	575	547	3601	3272	329	880
"K_4204 Kristiansand"	"1974"	68073	1147	497	650	3624	3765	-141	502
"K_4204 Kristiansand"	"1975"	68575	1052	531	521	3549	3444	105	574
"K_4204 Kristiansand"	"1976"	69149	1078	588	490	3645	3190	455	946
"K_4204 Kristiansand"	"1977"	70095	968	557	411	3599	3146	453	859
"K_4204 Kristiansand"	"1978"	70964	1046	623	423	3120	3389	-269	158
"K_4204 Kristiansand"	"1979"	71122	1027	617	410	3152	3408	-256	147
"K_4204 Kristiansand"	"1980"	71269	1029	604	425	3548	3531	17	446
"K_4204 Kristiansand"	"1981"	71715	1001	580	421	3719	3393	326	738
"K_4204 Kristiansand"	"1982"	72453	1019	633	386	3444	3304	140	528
"K_4204 Kristiansand"	"1983"	72981	947	648	299	3407	3506	-99	194
"K_4204 Kristiansand"	"1984"	73175	951	658	293	3372	3057	315	603
"K_4204 Kristiansand"	"1985"	73778	934	672	262	3441	3167	274	562
"K_4204 Kristiansand"	"1986"	74340	1008	653	355	3815	3289	526	881
"K_4204 Kristiansand"	"1987"	75221	1012	624	388	3590	3488	102	466
"K_4204 Kristiansand"	"1988"	75687	1120	664	456	4306	3624	682	1133
"K_4204 Kristiansand"	"1989"	76820	1203	671	532	3640	3558	82	669
"K_4204 Kristiansand"	"1990"	77489	1208	746	462	3778	3294	484	959
"K_4204 Kristiansand"	"1991"	78448	1204	724	480	3597	3350	247	718
"K_4204 Kristiansand"	"1992"	79166	1237	673	564	3621	3219	402	976
"K_4204 Kristiansand"	"1993"	80142	1196	679	517	3727	3339	388	915
"K_4204 Kristiansand"	"1994"	81057	1188	671	517	3629	3257	372	880
"K_4204 Kristiansand"	"1995"	81937	1218	790	428	3665	3313	352	767
"K_4204 Kristiansand"	"1996"	82704	1252	720	532	3808	3397	411	942
"K_4204 Kristiansand"	"1997"	83646	1155	757	398	4038	3635	403	797
"K_4204 Kristiansand"	"1998"	84443	1075	687	388	4177	3433	744	1106
"K_4204 Kristiansand"	"1999"	85549	1184	793	391	4434	3602	832	1230
"K_4204 Kristiansand"	"2000"	86779	1171	728	443	4340	3850	490	932
"K_4204 Kristiansand"	"2001"	87711	1162	732	430	4418	3853	565	997
"K_4204 Kristiansand"	"2002"	88708	1132	775	357	4110	3685	425	766
"K_4204 Kristiansand"	"2003"	89474	1052	760	292	4190	3742	448	715
"K_4204 Kristiansand"	"2004"	90189	1134	745	389	4389	3792	597	980
"K_4204 Kristiansand"	"2005"	91169	1105	737	368	4519	3904	615	978
"K_4204 Kristiansand"	"2006"	92147	1265	756	509	4682	4114	568	1100
"K_4204 Kristiansand"	"2007"	93247	1186	733	453	5280	4279	1001	1450
"K_4204 Kristiansand"	"2008"	94697	1283	736	547	5332	4240	1092	1633
"K_4204 Kristiansand"	"2009"	96330	1358	743	615	5249	4445	804	1414
"K_4204 Kristiansand"	"2010"	97744	1281	754	527	5616	4789	827	1358
"K_4204 Kristiansand"	"2011"	99102	1301	759	542	5442	4814	628	1161
"K_4204 Kristiansand"	"2012"	100263	1274	795	479	5802	4819	983	1458
"K_4204 Kristiansand"	"2013"	101721	1300	760	540	5900	4885	1015	1570
"K_4204 Kristiansand"	"2014"	103291	1188	693	495	6182	4958	1224	1726
"K_4204 Kristiansand"	"2015"	105017	1222	742	480	5813	5212	601	1109
"K_4204 Kristiansand"	"2016"	106126	1292	722	570	5909	5466	443	1031
"K_4204 Kristiansand"	"2017"	107157	1211	749	462	7375	5564	1811	2281
"K_4204 Kristiansand"	"2018"	109438	1163	809	354	6523	5930	593	953
"K_4204 Kristiansand"	"2019"	110391	1171	762	409	6623	5794	829	1243
"K_4204 Kristiansand"	"2020"	111633	1124	790	334	5537	4911	626	955
"K_4204 Kristiansand"	"2021"	112588	1218	761	457	6034	5349	685	1149
"K_4204 Kristiansand"	"2022"	113737	1125	858	267	6775	5204	1571	1832
"K_4204 Kristiansand"	"2023"	115569	1165	814	351	6442	5386	1056	1417
"K_4204 Kristiansand"	"2024"	116986	..	..	..	..	..	..	..
"K_4205 Lindesnes"	"1951"	15267	315	155	160	810	920	-110	50
"K_4205 Lindesnes"	"1952"	15317	317	166	151	801	859	-58	93
"K_4205 Lindesnes"	"1953"	15410	301	160	141	841	899	-58	83
"K_4205 Lindesnes"	"1954"	15493	268	175	93	747	891	-144	-51
"K_4205 Lindesnes"	"1955"	15442	291	180	111	799	905	-106	-86
"K_4205 Lindesnes"	"1956"	15356	281	150	131	1079	973	106	237
"K_4205 Lindesnes"	"1957"	15593	274	149	125	853	914	-61	64
"K_4205 Lindesnes"	"1958"	15657	293	177	116	892	880	12	128
"K_4205 Lindesnes"	"1959"	15785	242	172	70	950	863	87	157
"K_4205 Lindesnes"	"1960"	15942	265	175	90	1067	1096	-29	197
"K_4205 Lindesnes"	"1961"	16139	288	207	81	863	765	98	179
"K_4205 Lindesnes"	"1962"	16318	241	172	69	875	875	0	69
"K_4205 Lindesnes"	"1963"	16284	274	187	87	831	830	1	88
"K_4205 Lindesnes"	"1964"	16257	288	170	118	544	583	-39	79
"K_4205 Lindesnes"	"1965"	16336	298	166	132	750	613	137	269
"K_4205 Lindesnes"	"1966"	16605	303	189	114	695	639	56	138
"K_4205 Lindesnes"	"1967"	16743	317	222	95	906	690	216	311
"K_4205 Lindesnes"	"1968"	17054	267	216	51	750	718	32	87
"K_4205 Lindesnes"	"1969"	17141	279	192	87	717	790	-73	4
"K_4205 Lindesnes"	"1970"	17145	301	204	97	814	973	-159	-93
"K_4205 Lindesnes"	"1971"	17052	276	185	91	733	690	43	123
"K_4205 Lindesnes"	"1972"	17175	288	174	114	738	637	101	238
"K_4205 Lindesnes"	"1973"	17413	251	198	53	748	691	57	107
"K_4205 Lindesnes"	"1974"	17520	267	209	58	740	662	78	126
"K_4205 Lindesnes"	"1975"	17646	274	201	73	787	725	62	131
"K_4205 Lindesnes"	"1976"	17777	258	213	45	711	696	15	60
"K_4205 Lindesnes"	"1977"	17837	257	223	34	661	596	65	90
"K_4205 Lindesnes"	"1978"	17927	258	195	63	741	585	156	217
"K_4205 Lindesnes"	"1979"	18144	245	210	35	728	651	77	112
"K_4205 Lindesnes"	"1980"	18256	256	228	28	715	637	78	108
"K_4205 Lindesnes"	"1981"	18364	262	225	37	782	727	55	89
"K_4205 Lindesnes"	"1982"	18453	268	206	62	709	622	87	147
"K_4205 Lindesnes"	"1983"	18600	265	203	62	680	680	0	63
"K_4205 Lindesnes"	"1984"	18663	230	197	33	596	686	-90	-58
"K_4205 Lindesnes"	"1985"	18605	257	213	44	680	710	-30	14
"K_4205 Lindesnes"	"1986"	18619	227	211	16	784	809	-25	-8
"K_4205 Lindesnes"	"1987"	18611	252	197	55	857	736	121	171
"K_4205 Lindesnes"	"1988"	18782	268	214	54	734	724	10	66
"K_4205 Lindesnes"	"1989"	18848	242	206	36	654	681	-27	7
"K_4205 Lindesnes"	"1990"	18855	267	215	52	754	724	30	80
"K_4205 Lindesnes"	"1991"	18935	275	205	70	716	643	73	141
"K_4205 Lindesnes"	"1992"	19076	236	182	54	583	623	-40	21
"K_4205 Lindesnes"	"1993"	19097	248	187	61	853	654	199	258
"K_4205 Lindesnes"	"1994"	19355	253	227	26	755	686	69	93
"K_4205 Lindesnes"	"1995"	19448	257	192	65	840	759	81	151
"K_4205 Lindesnes"	"1996"	19599	271	203	68	718	770	-52	17
"K_4205 Lindesnes"	"1997"	19616	246	205	41	823	737	86	129
"K_4205 Lindesnes"	"1998"	19745	268	197	71	847	811	36	111
"K_4205 Lindesnes"	"1999"	19856	267	189	78	760	787	-27	53
"K_4205 Lindesnes"	"2000"	19909	237	193	44	809	800	9	53
"K_4205 Lindesnes"	"2001"	19962	230	226	4	873	829	44	52
"K_4205 Lindesnes"	"2002"	20014	246	197	49	1071	802	269	319
"K_4205 Lindesnes"	"2003"	20333	272	187	85	967	844	123	207
"K_4205 Lindesnes"	"2004"	20540	235	184	51	1018	954	64	121
"K_4205 Lindesnes"	"2005"	20661	245	206	39	900	878	22	65
"K_4205 Lindesnes"	"2006"	20726	263	191	72	948	884	64	141
"K_4205 Lindesnes"	"2007"	20867	293	195	98	1098	931	167	268
"K_4205 Lindesnes"	"2008"	21135	281	206	75	1106	931	175	251
"K_4205 Lindesnes"	"2009"	21386	270	221	49	1108	950	158	202
"K_4205 Lindesnes"	"2010"	21588	272	206	66	1341	1085	256	323
"K_4205 Lindesnes"	"2011"	21911	286	190	96	1174	994	180	277
"K_4205 Lindesnes"	"2012"	22188	252	186	66	1103	1033	70	137
"K_4205 Lindesnes"	"2013"	22325	251	189	62	1164	1063	101	167
"K_4205 Lindesnes"	"2014"	22492	229	168	61	1102	1047	55	119
"K_4205 Lindesnes"	"2015"	22611	263	211	52	1212	1109	103	151
"K_4205 Lindesnes"	"2016"	22762	244	205	39	1171	1119	52	97
"K_4205 Lindesnes"	"2017"	22859	218	188	30	1131	1120	11	46
"K_4205 Lindesnes"	"2018"	22905	209	222	-13	1018	1000	18	4
"K_4205 Lindesnes"	"2019"	22909	213	192	21	1135	1017	118	138
"K_4205 Lindesnes"	"2020"	23046	185	187	-2	824	819	5	9
"K_4205 Lindesnes"	"2021"	23055	216	202	14	910	829	81	92
"K_4205 Lindesnes"	"2022"	23147	210	205	5	1109	780	329	332
"K_4205 Lindesnes"	"2023"	23479	193	194	-1	1009	800	209	211
"K_4205 Lindesnes"	"2024"	23690	..	..	..	..	..	..	..
"K_4206 Farsund"	"1951"	7997	133	124	9	332	352	-20	-11
"K_4206 Farsund"	"1952"	7986	154	98	56	318	376	-58	-2
"K_4206 Farsund"	"1953"	7984	140	95	45	446	439	7	52
"K_4206 Farsund"	"1954"	8036	171	89	82	353	364	-11	71
"K_4206 Farsund"	"1955"	8107	161	77	84	328	420	-92	13
"K_4206 Farsund"	"1956"	8120	157	106	51	354	466	-112	-61
"K_4206 Farsund"	"1957"	8059	118	91	27	351	402	-51	-24
"K_4206 Farsund"	"1958"	8035	138	86	52	399	391	8	60
"K_4206 Farsund"	"1959"	8095	127	107	20	368	397	-29	-9
"K_4206 Farsund"	"1960"	8086	128	93	35	434	637	-203	-148
"K_4206 Farsund"	"1961"	7938	136	102	34	353	443	-90	-56
"K_4206 Farsund"	"1962"	7882	122	103	19	351	352	-1	18
"K_4206 Farsund"	"1963"	7900	125	122	3	395	508	-113	-110
"K_4206 Farsund"	"1964"	7790	117	87	30	310	413	-103	-73
"K_4206 Farsund"	"1965"	7717	145	108	37	319	371	-52	-15
"K_4206 Farsund"	"1966"	7702	125	93	32	314	327	-13	57
"K_4206 Farsund"	"1967"	7759	157	98	59	307	316	-9	50
"K_4206 Farsund"	"1968"	7809	128	100	28	324	308	16	42
"K_4206 Farsund"	"1969"	7851	136	94	42	429	278	151	140
"K_4206 Farsund"	"1970"	7991	126	113	13	737	406	331	345
"K_4206 Farsund"	"1971"	8357	150	122	28	443	342	101	122
"K_4206 Farsund"	"1972"	8479	150	102	48	387	259	128	191
"K_4206 Farsund"	"1973"	8670	154	100	54	327	324	3	53
"K_4206 Farsund"	"1974"	8723	117	74	43	387	321	66	111
"K_4206 Farsund"	"1975"	8834	146	99	47	393	365	28	66
"K_4206 Farsund"	"1976"	8900	145	101	44	367	329	38	92
"K_4206 Farsund"	"1977"	8992	125	103	22	413	318	95	109
"K_4206 Farsund"	"1978"	9101	131	69	62	419	365	54	116
"K_4206 Farsund"	"1979"	9217	129	114	15	432	339	93	108
"K_4206 Farsund"	"1980"	9325	143	103	40	407	358	49	85
"K_4206 Farsund"	"1981"	9410	136	89	47	398	372	26	79
"K_4206 Farsund"	"1982"	9489	131	104	27	361	337	24	51
"K_4206 Farsund"	"1983"	9540	127	105	22	324	330	-6	17
"K_4206 Farsund"	"1984"	9557	116	99	17	311	311	0	19
"K_4206 Farsund"	"1985"	9576	114	126	-12	318	375	-57	-72
"K_4206 Farsund"	"1986"	9504	120	88	32	302	329	-27	2
"K_4206 Farsund"	"1987"	9506	113	117	-4	294	364	-70	-75
"K_4206 Farsund"	"1988"	9431	125	104	21	269	344	-75	-53
"K_4206 Farsund"	"1989"	9378	102	92	10	247	286	-39	-29
"K_4206 Farsund"	"1990"	9349	123	119	4	297	322	-25	-25
"K_4206 Farsund"	"1991"	9324	128	116	12	235	290	-55	-37
"K_4206 Farsund"	"1992"	9287	134	95	39	281	326	-45	-12
"K_4206 Farsund"	"1993"	9275	111	95	16	373	303	70	88
"K_4206 Farsund"	"1994"	9363	106	103	3	282	409	-127	-125
"K_4206 Farsund"	"1995"	9238	119	115	4	264	306	-42	-36
"K_4206 Farsund"	"1996"	9202	123	105	18	294	227	67	84
"K_4206 Farsund"	"1997"	9286	128	98	30	306	298	8	35
"K_4206 Farsund"	"1998"	9321	134	119	15	383	268	115	130
"K_4206 Farsund"	"1999"	9451	120	96	24	561	405	156	179
"K_4206 Farsund"	"2000"	9630	148	94	54	423	483	-60	-5
"K_4206 Farsund"	"2001"	9625	103	111	-8	286	406	-120	-128
"K_4206 Farsund"	"2002"	9497	109	95	14	431	365	66	81
"K_4206 Farsund"	"2003"	9578	103	95	8	317	411	-94	-81
"K_4206 Farsund"	"2004"	9497	77	95	-18	353	357	-4	-18
"K_4206 Farsund"	"2005"	9479	108	120	-12	334	353	-19	-33
"K_4206 Farsund"	"2006"	9446	105	73	32	267	361	-94	-60
"K_4206 Farsund"	"2007"	9386	102	98	4	390	392	-2	6
"K_4206 Farsund"	"2008"	9392	111	87	24	333	328	5	35
"K_4206 Farsund"	"2009"	9427	101	85	16	331	364	-33	-17
"K_4206 Farsund"	"2010"	9410	99	89	10	368	378	-10	5
"K_4206 Farsund"	"2011"	9415	94	94	0	312	295	17	18
"K_4206 Farsund"	"2012"	9433	100	97	3	347	341	6	8
"K_4206 Farsund"	"2013"	9441	92	86	6	374	310	64	75
"K_4206 Farsund"	"2014"	9516	118	82	36	400	357	43	80
"K_4206 Farsund"	"2015"	9596	106	93	13	469	371	98	109
"K_4206 Farsund"	"2016"	9705	93	85	8	485	432	53	64
"K_4206 Farsund"	"2017"	9769	93	106	-13	344	375	-31	-43
"K_4206 Farsund"	"2018"	9726	99	93	6	264	302	-38	-31
"K_4206 Farsund"	"2019"	9695	97	92	5	314	325	-11	-4
"K_4206 Farsund"	"2020"	9691	86	97	-11	303	339	-36	-46
"K_4206 Farsund"	"2021"	9645	94	87	7	306	336	-30	-23
"K_4206 Farsund"	"2022"	9622	78	74	4	719	484	235	238
"K_4206 Farsund"	"2023"	9860	82	87	-5	1203	1183	20	16
"K_4206 Farsund"	"2024"	9876	..	..	..	..	..	..	..
"K_4207 Flekkefjord"	"1951"	9023	150	88	62	431	499	-68	-6
"K_4207 Flekkefjord"	"1952"	9017	164	91	73	413	492	-79	-6
"K_4207 Flekkefjord"	"1953"	9011	147	95	52	497	540	-43	9
"K_4207 Flekkefjord"	"1954"	9020	135	97	38	448	511	-63	-25
"K_4207 Flekkefjord"	"1955"	8995	153	83	70	527	495	32	224
"K_4207 Flekkefjord"	"1956"	9219	137	88	49	580	625	-45	4
"K_4207 Flekkefjord"	"1957"	9223	128	88	40	573	640	-67	-27
"K_4207 Flekkefjord"	"1958"	9196	153	83	70	491	525	-34	36
"K_4207 Flekkefjord"	"1959"	9232	151	98	53	502	582	-80	-27
"K_4207 Flekkefjord"	"1960"	8979	124	97	27	516	617	-101	-161
"K_4207 Flekkefjord"	"1961"	8818	137	98	39	426	474	-48	-9
"K_4207 Flekkefjord"	"1962"	8809	122	85	37	493	505	-12	25
"K_4207 Flekkefjord"	"1963"	8834	149	118	31	387	477	-90	-59
"K_4207 Flekkefjord"	"1964"	8775	152	104	48	433	443	-10	38
"K_4207 Flekkefjord"	"1965"	8813	115	92	23	245	364	-119	-96
"K_4207 Flekkefjord"	"1966"	8717	131	106	25	321	462	-141	-99
"K_4207 Flekkefjord"	"1967"	8618	123	105	18	319	330	-11	7
"K_4207 Flekkefjord"	"1968"	8625	138	118	20	309	364	-55	-34
"K_4207 Flekkefjord"	"1969"	8591	131	108	23	365	333	32	51
"K_4207 Flekkefjord"	"1970"	8642	109	111	-2	321	435	-114	-128
"K_4207 Flekkefjord"	"1971"	8514	127	95	32	286	314	-28	7
"K_4207 Flekkefjord"	"1972"	8521	130	109	21	291	294	-3	18
"K_4207 Flekkefjord"	"1973"	8539	133	118	15	358	293	65	80
"K_4207 Flekkefjord"	"1974"	8619	130	94	36	383	317	66	103
"K_4207 Flekkefjord"	"1975"	8722	122	104	18	322	310	12	30
"K_4207 Flekkefjord"	"1976"	8752	106	115	-9	257	257	0	-9
"K_4207 Flekkefjord"	"1977"	8743	106	110	-4	311	293	18	13
"K_4207 Flekkefjord"	"1978"	8756	128	101	27	265	294	-29	-1
"K_4207 Flekkefjord"	"1979"	8755	119	108	11	273	295	-22	-12
"K_4207 Flekkefjord"	"1980"	8743	121	102	19	307	274	33	52
"K_4207 Flekkefjord"	"1981"	8795	125	120	5	274	293	-19	-13
"K_4207 Flekkefjord"	"1982"	8782	121	101	20	286	288	-2	16
"K_4207 Flekkefjord"	"1983"	8798	104	100	4	266	248	18	22
"K_4207 Flekkefjord"	"1984"	8820	96	104	-8	234	226	8	2
"K_4207 Flekkefjord"	"1985"	8822	109	114	-5	239	230	9	3
"K_4207 Flekkefjord"	"1986"	8825	96	102	-6	286	293	-7	-51
"K_4207 Flekkefjord"	"1987"	8774	107	115	-8	351	319	32	24
"K_4207 Flekkefjord"	"1988"	8798	111	90	21	254	275	-21	-2
"K_4207 Flekkefjord"	"1989"	8796	96	97	-1	234	243	-9	-11
"K_4207 Flekkefjord"	"1990"	8785	119	119	0	247	247	0	0
"K_4207 Flekkefjord"	"1991"	8785	113	114	-1	223	260	-37	-42
"K_4207 Flekkefjord"	"1992"	8743	107	103	4	279	250	29	38
"K_4207 Flekkefjord"	"1993"	8781	112	126	-14	181	240	-59	-73
"K_4207 Flekkefjord"	"1994"	8708	114	106	8	294	188	106	113
"K_4207 Flekkefjord"	"1995"	8821	103	122	-19	249	265	-16	-35
"K_4207 Flekkefjord"	"1996"	8786	113	82	31	261	253	8	38
"K_4207 Flekkefjord"	"1997"	8824	115	111	4	295	309	-14	-11
"K_4207 Flekkefjord"	"1998"	8813	92	114	-22	332	294	38	13
"K_4207 Flekkefjord"	"1999"	8826	100	111	-11	302	267	35	25
"K_4207 Flekkefjord"	"2000"	8851	88	105	-17	257	225	32	15
"K_4207 Flekkefjord"	"2001"	8866	99	112	-13	266	280	-14	-27
"K_4207 Flekkefjord"	"2002"	8839	92	106	-14	323	276	47	32
"K_4207 Flekkefjord"	"2003"	8871	100	96	4	312	272	40	47
"K_4207 Flekkefjord"	"2004"	8918	91	87	4	254	295	-41	-40
"K_4207 Flekkefjord"	"2005"	8878	97	93	4	204	233	-29	-26
"K_4207 Flekkefjord"	"2006"	8852	102	73	29	258	279	-21	8
"K_4207 Flekkefjord"	"2007"	8860	100	97	3	327	281	46	50
"K_4207 Flekkefjord"	"2008"	8910	118	99	19	342	299	43	65
"K_4207 Flekkefjord"	"2009"	8975	107	88	19	290	284	6	28
"K_4207 Flekkefjord"	"2010"	9003	120	96	24	303	317	-14	10
"K_4207 Flekkefjord"	"2011"	9013	80	76	4	363	334	29	33
"K_4207 Flekkefjord"	"2012"	9046	115	99	16	336	338	-2	14
"K_4207 Flekkefjord"	"2013"	9060	99	104	-5	283	325	-42	-47
"K_4207 Flekkefjord"	"2014"	9013	76	96	-20	385	309	76	56
"K_4207 Flekkefjord"	"2015"	9069	83	82	1	370	345	25	27
"K_4207 Flekkefjord"	"2016"	9096	81	67	14	377	397	-20	-6
"K_4207 Flekkefjord"	"2017"	9090	82	112	-30	321	315	6	-24
"K_4207 Flekkefjord"	"2018"	9066	79	98	-19	293	276	17	0
"K_4207 Flekkefjord"	"2019"	9066	82	80	2	289	329	-40	-38
"K_4207 Flekkefjord"	"2020"	9028	104	92	12	319	330	-11	-1
"K_4207 Flekkefjord"	"2021"	9027	87	95	-8	361	326	35	21
"K_4207 Flekkefjord"	"2022"	9048	91	123	-32	519	309	210	168
"K_4207 Flekkefjord"	"2023"	9216	81	88	-7	383	324	59	63
"K_4207 Flekkefjord"	"2024"	9279	..	..	..	..	..	..	..
"K_4211 Gjerstad"	"1951"	2704	46	23	23	104	107	-3	20
"K_4211 Gjerstad"	"1952"	2724	51	24	27	78	94	-16	11
"K_4211 Gjerstad"	"1953"	2735	52	20	32	55	153	-98	-66
"K_4211 Gjerstad"	"1954"	2669	45	31	14	58	106	-48	-34
"K_4211 Gjerstad"	"1955"	2635	37	21	16	68	74	-6	-6
"K_4211 Gjerstad"	"1956"	2629	47	39	8	82	106	-24	-16
"K_4211 Gjerstad"	"1957"	2613	40	24	16	82	99	-17	-1
"K_4211 Gjerstad"	"1958"	2612	42	36	6	60	77	-17	-11
"K_4211 Gjerstad"	"1959"	2601	49	22	27	99	111	-12	15
"K_4211 Gjerstad"	"1960"	2616	36	33	3	137	131	6	-1
"K_4211 Gjerstad"	"1961"	2615	19	38	-19	55	89	-34	-53
"K_4211 Gjerstad"	"1962"	2562	42	32	10	99	104	-5	5
"K_4211 Gjerstad"	"1963"	2567	31	30	1	74	99	-25	-24
"K_4211 Gjerstad"	"1964"	2543	42	34	8	83	101	-18	-10
"K_4211 Gjerstad"	"1965"	2533	46	36	10	101	99	2	12
"K_4211 Gjerstad"	"1966"	2545	35	27	8	67	89	-22	5
"K_4211 Gjerstad"	"1967"	2550	30	36	-6	82	96	-14	-20
"K_4211 Gjerstad"	"1968"	2530	41	24	17	95	96	-1	21
"K_4211 Gjerstad"	"1969"	2551	48	30	18	93	95	-2	14
"K_4211 Gjerstad"	"1970"	2565	32	40	-8	125	128	-3	-10
"K_4211 Gjerstad"	"1971"	2555	40	36	4	102	91	11	15
"K_4211 Gjerstad"	"1972"	2570	42	33	9	132	94	38	43
"K_4211 Gjerstad"	"1973"	2613	37	34	3	91	121	-30	-26
"K_4211 Gjerstad"	"1974"	2587	43	33	10	107	125	-18	-9
"K_4211 Gjerstad"	"1975"	2578	36	30	6	101	83	18	23
"K_4211 Gjerstad"	"1976"	2601	43	31	12	115	71	44	56
"K_4211 Gjerstad"	"1977"	2657	32	36	-4	108	82	26	22
"K_4211 Gjerstad"	"1978"	2679	49	28	21	100	93	7	28
"K_4211 Gjerstad"	"1979"	2707	47	40	7	95	101	-6	1
"K_4211 Gjerstad"	"1980"	2708	34	34	0	81	83	-2	-2
"K_4211 Gjerstad"	"1981"	2706	42	34	8	83	71	12	20
"K_4211 Gjerstad"	"1982"	2726	29	20	9	82	73	9	18
"K_4211 Gjerstad"	"1983"	2744	32	35	-3	59	87	-28	-31
"K_4211 Gjerstad"	"1984"	2713	30	26	4	67	100	-33	-29
"K_4211 Gjerstad"	"1985"	2684	22	39	-17	80	61	19	3
"K_4211 Gjerstad"	"1986"	2687	32	31	1	66	89	-23	-23
"K_4211 Gjerstad"	"1987"	2664	26	35	-9	76	78	-2	-11
"K_4211 Gjerstad"	"1988"	2653	24	32	-8	78	96	-18	-25
"K_4211 Gjerstad"	"1989"	2628	23	27	-4	94	111	-17	-24
"K_4211 Gjerstad"	"1990"	2604	28	36	-8	77	89	-12	-20
"K_4211 Gjerstad"	"1991"	2584	38	39	-1	87	82	5	0
"K_4211 Gjerstad"	"1992"	2584	23	26	-3	86	104	-18	-15
"K_4211 Gjerstad"	"1993"	2569	25	29	-4	80	88	-8	-12
"K_4211 Gjerstad"	"1994"	2557	22	26	-4	89	92	-3	-8
"K_4211 Gjerstad"	"1995"	2549	37	43	-6	93	102	-9	-16
"K_4211 Gjerstad"	"1996"	2533	41	27	14	104	96	8	22
"K_4211 Gjerstad"	"1997"	2555	26	26	0	77	71	6	6
"K_4211 Gjerstad"	"1998"	2561	25	38	-13	110	124	-14	-29
"K_4211 Gjerstad"	"1999"	2532	34	41	-7	92	108	-16	-23
"K_4211 Gjerstad"	"2000"	2509	24	40	-16	105	105	0	-16
"K_4211 Gjerstad"	"2001"	2493	20	31	-11	78	78	0	-7
"K_4211 Gjerstad"	"2002"	2486	21	22	-1	106	80	26	25
"K_4211 Gjerstad"	"2003"	2511	23	25	-2	111	79	32	30
"K_4211 Gjerstad"	"2004"	2541	21	30	-9	64	96	-32	-41
"K_4211 Gjerstad"	"2005"	2500	21	28	-7	105	92	13	6
"K_4211 Gjerstad"	"2006"	2506	23	29	-6	85	72	13	7
"K_4211 Gjerstad"	"2007"	2513	28	33	-5	126	115	11	6
"K_4211 Gjerstad"	"2008"	2519	15	32	-17	94	100	-6	-23
"K_4211 Gjerstad"	"2009"	2496	23	36	-13	129	135	-6	-18
"K_4211 Gjerstad"	"2010"	2478	31	26	5	121	106	15	19
"K_4211 Gjerstad"	"2011"	2497	23	30	-7	138	150	-12	-19
"K_4211 Gjerstad"	"2012"	2478	20	28	-8	111	97	14	6
"K_4211 Gjerstad"	"2013"	2484	27	20	7	102	104	-2	5
"K_4211 Gjerstad"	"2014"	2489	13	19	-6	126	126	0	-8
"K_4211 Gjerstad"	"2015"	2481	23	23	0	93	101	-8	-8
"K_4211 Gjerstad"	"2016"	2473	19	22	-3	157	120	37	38
"K_4211 Gjerstad"	"2017"	2511	14	28	-14	107	137	-30	-44
"K_4211 Gjerstad"	"2018"	2467	18	28	-10	110	113	-3	-13
"K_4211 Gjerstad"	"2019"	2454	17	31	-14	85	97	-12	-26
"K_4211 Gjerstad"	"2020"	2428	19	19	0	96	94	2	2
"K_4211 Gjerstad"	"2021"	2430	15	23	-8	102	99	3	-3
"K_4211 Gjerstad"	"2022"	2427	17	37	-20	129	115	14	-6
"K_4211 Gjerstad"	"2023"	2421	16	26	-10	122	87	35	23
"K_4211 Gjerstad"	"2024"	2444	..	..	..	..	..	..	..
"K_4212 Vegårshei"	"1951"	1862	27	15	12	42	81	-39	-27
"K_4212 Vegårshei"	"1952"	1835	34	23	11	62	59	3	14
"K_4212 Vegårshei"	"1953"	1849	28	12	16	52	70	-18	-2
"K_4212 Vegårshei"	"1954"	1847	31	20	11	45	76	-31	-20
"K_4212 Vegårshei"	"1955"	1827	33	21	12	35	86	-51	-32
"K_4212 Vegårshei"	"1956"	1795	28	25	3	48	59	-11	-8
"K_4212 Vegårshei"	"1957"	1787	32	19	13	50	67	-17	-4
"K_4212 Vegårshei"	"1958"	1783	32	16	16	47	55	-8	8
"K_4212 Vegårshei"	"1959"	1791	44	13	31	45	98	-53	-22
"K_4212 Vegårshei"	"1960"	1769	32	16	16	39	81	-42	-25
"K_4212 Vegårshei"	"1961"	1744	41	24	17	49	45	4	2
"K_4212 Vegårshei"	"1962"	1746	30	13	17	57	56	1	18
"K_4212 Vegårshei"	"1963"	1764	31	25	6	49	67	-18	-12
"K_4212 Vegårshei"	"1964"	1752	29	27	2	42	62	-20	-18
"K_4212 Vegårshei"	"1965"	1734	23	18	5	50	56	-6	-1
"K_4212 Vegårshei"	"1966"	1733	25	19	6	42	45	-3	6
"K_4212 Vegårshei"	"1967"	1739	31	27	4	49	73	-24	-20
"K_4212 Vegårshei"	"1968"	1719	18	20	-2	56	49	7	5
"K_4212 Vegårshei"	"1969"	1724	22	21	1	34	68	-34	-35
"K_4212 Vegårshei"	"1970"	1689	13	25	-12	61	81	-20	-33
"K_4212 Vegårshei"	"1971"	1656	27	17	10	58	54	4	15
"K_4212 Vegårshei"	"1972"	1671	17	25	-8	52	78	-26	-35
"K_4212 Vegårshei"	"1973"	1636	22	24	-2	41	32	9	7
"K_4212 Vegårshei"	"1974"	1643	17	17	0	53	47	6	5
"K_4212 Vegårshei"	"1975"	1648	25	18	7	54	61	-7	-1
"K_4212 Vegårshei"	"1976"	1647	19	24	-5	50	54	-4	-9
"K_4212 Vegårshei"	"1977"	1638	19	16	3	35	38	-3	0
"K_4212 Vegårshei"	"1978"	1638	20	18	2	70	35	35	36
"K_4212 Vegårshei"	"1979"	1674	14	17	-3	79	48	31	28
"K_4212 Vegårshei"	"1980"	1702	22	20	2	71	40	31	33
"K_4212 Vegårshei"	"1981"	1735	25	25	0	45	27	18	17
"K_4212 Vegårshei"	"1982"	1752	17	32	-15	92	50	42	29
"K_4212 Vegårshei"	"1983"	1781	21	15	6	65	43	22	26
"K_4212 Vegårshei"	"1984"	1807	23	25	-2	80	50	30	28
"K_4212 Vegårshei"	"1985"	1835	27	31	-4	47	52	-5	-10
"K_4212 Vegårshei"	"1986"	1825	26	23	3	52	35	17	20
"K_4212 Vegårshei"	"1987"	1845	31	28	3	51	65	-14	-13
"K_4212 Vegårshei"	"1988"	1832	24	21	3	58	59	-1	2
"K_4212 Vegårshei"	"1989"	1834	19	26	-7	65	53	12	5
"K_4212 Vegårshei"	"1990"	1839	24	31	-7	74	53	21	14
"K_4212 Vegårshei"	"1991"	1853	30	27	3	62	64	-2	0
"K_4212 Vegårshei"	"1992"	1853	20	25	-5	60	62	-2	-6
"K_4212 Vegårshei"	"1993"	1847	18	30	-12	60	65	-5	-18
"K_4212 Vegårshei"	"1994"	1829	24	21	3	95	68	27	33
"K_4212 Vegårshei"	"1995"	1862	19	19	0	56	61	-5	-5
"K_4212 Vegårshei"	"1996"	1857	27	14	13	57	67	-10	3
"K_4212 Vegårshei"	"1997"	1860	24	30	-6	50	53	-3	-9
"K_4212 Vegårshei"	"1998"	1851	23	27	-4	71	90	-19	-23
"K_4212 Vegårshei"	"1999"	1828	28	19	9	75	74	1	10
"K_4212 Vegårshei"	"2000"	1838	14	16	-2	74	73	1	0
"K_4212 Vegårshei"	"2001"	1838	23	21	2	61	70	-9	-7
"K_4212 Vegårshei"	"2002"	1831	17	25	-8	81	64	17	9
"K_4212 Vegårshei"	"2003"	1840	21	19	2	63	49	14	16
"K_4212 Vegårshei"	"2004"	1856	20	22	-2	58	58	0	-2
"K_4212 Vegårshei"	"2005"	1854	17	20	-3	51	53	-2	-5
"K_4212 Vegårshei"	"2006"	1849	26	20	6	80	71	9	15
"K_4212 Vegårshei"	"2007"	1864	22	22	0	84	64	20	20
"K_4212 Vegårshei"	"2008"	1884	19	23	-4	85	84	1	-3
"K_4212 Vegårshei"	"2009"	1881	25	28	-3	71	64	7	5
"K_4212 Vegårshei"	"2010"	1886	31	20	11	94	68	26	36
"K_4212 Vegårshei"	"2011"	1922	17	22	-5	83	67	16	11
"K_4212 Vegårshei"	"2012"	1933	27	13	14	126	87	39	53
"K_4212 Vegårshei"	"2013"	1986	18	27	-9	102	79	23	14
"K_4212 Vegårshei"	"2014"	2000	19	15	4	95	81	14	18
"K_4212 Vegårshei"	"2015"	2018	20	23	-3	116	95	21	18
"K_4212 Vegårshei"	"2016"	2036	21	18	3	144	79	65	68
"K_4212 Vegårshei"	"2017"	2104	19	18	1	78	96	-18	-17
"K_4212 Vegårshei"	"2018"	2087	16	31	-15	107	86	21	6
"K_4212 Vegårshei"	"2019"	2093	22	23	-1	111	106	5	4
"K_4212 Vegårshei"	"2020"	2097	19	22	-3	110	78	32	31
"K_4212 Vegårshei"	"2021"	2128	22	19	3	99	96	3	3
"K_4212 Vegårshei"	"2022"	2131	15	13	2	92	84	8	12
"K_4212 Vegårshei"	"2023"	2143	20	16	4	291	169	122	125
"K_4212 Vegårshei"	"2024"	2268	..	..	..	..	..	..	..
"K_4213 Tvedestrand"	"1951"	6587	102	88	14	316	355	-34	-20
"K_4213 Tvedestrand"	"1952"	6567	130	70	60	268	352	-95	-35
"K_4213 Tvedestrand"	"1953"	6532	107	74	33	244	327	-79	-46
"K_4213 Tvedestrand"	"1954"	6486	110	81	29	219	277	-60	-31
"K_4213 Tvedestrand"	"1955"	6455	108	74	34	315	314	0	107
"K_4213 Tvedestrand"	"1956"	6562	109	80	29	301	408	-114	-85
"K_4213 Tvedestrand"	"1957"	6477	100	76	24	289	335	-53	-29
"K_4213 Tvedestrand"	"1958"	6448	107	70	37	267	293	-26	11
"K_4213 Tvedestrand"	"1959"	6459	102	76	26	267	320	-53	-27
"K_4213 Tvedestrand"	"1960"	6432	112	86	26	322	370	-48	-48
"K_4213 Tvedestrand"	"1961"	6384	91	83	8	186	252	-66	-58
"K_4213 Tvedestrand"	"1962"	5951	68	80	-12	207	242	-35	-47
"K_4213 Tvedestrand"	"1963"	5904	84	102	-18	253	252	1	-17
"K_4213 Tvedestrand"	"1964"	5892	85	87	-2	194	270	-76	-78
"K_4213 Tvedestrand"	"1965"	5814	78	82	-4	207	246	-39	-43
"K_4213 Tvedestrand"	"1966"	5771	56	96	-40	207	295	-88	-78
"K_4213 Tvedestrand"	"1967"	5693	70	85	-15	293	286	7	-8
"K_4213 Tvedestrand"	"1968"	5685	84	80	4	209	245	-36	-30
"K_4213 Tvedestrand"	"1969"	5655	70	73	-3	226	250	-24	-36
"K_4213 Tvedestrand"	"1970"	5619	73	84	-11	334	314	20	-8
"K_4213 Tvedestrand"	"1971"	5611	80	79	1	215	260	-45	-48
"K_4213 Tvedestrand"	"1972"	5563	71	92	-21	157	221	-64	-84
"K_4213 Tvedestrand"	"1973"	5479	86	84	2	246	246	0	3
"K_4213 Tvedestrand"	"1974"	5482	68	85	-17	264	241	23	7
"K_4213 Tvedestrand"	"1975"	5489	66	67	-1	262	211	51	48
"K_4213 Tvedestrand"	"1976"	5537	84	84	0	223	185	38	40
"K_4213 Tvedestrand"	"1977"	5577	69	79	-10	262	199	63	53
"K_4213 Tvedestrand"	"1978"	5630	63	69	-6	275	244	31	25
"K_4213 Tvedestrand"	"1979"	5655	59	79	-20	270	202	68	48
"K_4213 Tvedestrand"	"1980"	5703	48	86	-38	258	209	49	11
"K_4213 Tvedestrand"	"1981"	5714	69	88	-19	252	221	31	12
"K_4213 Tvedestrand"	"1982"	5726	62	73	-11	245	214	31	19
"K_4213 Tvedestrand"	"1983"	5745	72	78	-6	249	211	38	34
"K_4213 Tvedestrand"	"1984"	5779	69	74	-5	281	241	40	34
"K_4213 Tvedestrand"	"1985"	5813	77	71	6	202	250	-48	-41
"K_4213 Tvedestrand"	"1986"	5772	77	80	-3	296	233	63	58
"K_4213 Tvedestrand"	"1987"	5830	62	77	-15	298	253	45	32
"K_4213 Tvedestrand"	"1988"	5862	71	98	-27	327	295	32	7
"K_4213 Tvedestrand"	"1989"	5869	74	73	1	243	226	17	16
"K_4213 Tvedestrand"	"1990"	5885	79	69	10	221	270	-49	-39
"K_4213 Tvedestrand"	"1991"	5846	90	96	-6	261	240	21	10
"K_4213 Tvedestrand"	"1992"	5856	73	89	-16	240	241	-1	-13
"K_4213 Tvedestrand"	"1993"	5843	62	79	-17	271	259	12	-6
"K_4213 Tvedestrand"	"1994"	5837	58	72	-14	293	240	53	42
"K_4213 Tvedestrand"	"1995"	5879	60	87	-27	304	286	18	-9
"K_4213 Tvedestrand"	"1996"	5870	74	81	-7	324	306	18	11
"K_4213 Tvedestrand"	"1997"	5881	58	66	-8	330	275	55	48
"K_4213 Tvedestrand"	"1998"	5929	63	79	-16	299	297	2	-15
"K_4213 Tvedestrand"	"1999"	5914	58	80	-22	359	284	75	53
"K_4213 Tvedestrand"	"2000"	5967	71	82	-11	309	329	-20	-32
"K_4213 Tvedestrand"	"2001"	5935	59	70	-11	363	327	36	22
"K_4213 Tvedestrand"	"2002"	5957	57	67	-10	277	313	-36	-39
"K_4213 Tvedestrand"	"2003"	5918	47	69	-22	272	284	-12	-31
"K_4213 Tvedestrand"	"2004"	5887	59	65	-6	278	269	9	2
"K_4213 Tvedestrand"	"2005"	5889	53	77	-24	187	220	-33	-51
"K_4213 Tvedestrand"	"2006"	5838	59	63	-4	262	274	-12	-16
"K_4213 Tvedestrand"	"2007"	5822	60	65	-5	320	263	57	52
"K_4213 Tvedestrand"	"2008"	5874	54	62	-8	344	270	74	65
"K_4213 Tvedestrand"	"2009"	5939	59	73	-14	306	292	14	0
"K_4213 Tvedestrand"	"2010"	5939	67	72	-5	319	289	30	30
"K_4213 Tvedestrand"	"2011"	5969	64	59	5	338	291	47	50
"K_4213 Tvedestrand"	"2012"	6019	58	47	11	351	318	33	45
"K_4213 Tvedestrand"	"2013"	6064	53	56	-3	326	331	-5	-5
"K_4213 Tvedestrand"	"2014"	6059	56	79	-23	324	312	12	-11
"K_4213 Tvedestrand"	"2015"	6048	59	76	-17	312	327	-15	-34
"K_4213 Tvedestrand"	"2016"	6014	53	61	-8	389	343	46	37
"K_4213 Tvedestrand"	"2017"	6051	51	50	1	347	314	33	35
"K_4213 Tvedestrand"	"2018"	6086	49	64	-15	304	307	-3	-17
"K_4213 Tvedestrand"	"2019"	6069	41	75	-34	330	312	18	-16
"K_4213 Tvedestrand"	"2020"	6053	41	76	-35	374	324	50	14
"K_4213 Tvedestrand"	"2021"	6067	48	62	-14	347	287	60	48
"K_4213 Tvedestrand"	"2022"	6115	53	61	-8	402	320	82	69
"K_4213 Tvedestrand"	"2023"	6184	57	54	3	421	290	131	139
"K_4213 Tvedestrand"	"2024"	6323	..	..	..	..	..	..	..
"K_4214 Froland"	"1951"	3435	82	30	52	132	142	-10	42
"K_4214 Froland"	"1952"	3477	65	33	32	103	125	-22	10
"K_4214 Froland"	"1953"	3487	74	25	49	113	182	-69	-20
"K_4214 Froland"	"1954"	3467	62	27	35	105	143	-38	-3
"K_4214 Froland"	"1955"	3464	59	31	28	149	148	1	21
"K_4214 Froland"	"1956"	3485	63	26	37	126	166	-40	-3
"K_4214 Froland"	"1957"	3482	72	35	37	123	157	-34	3
"K_4214 Froland"	"1958"	3485	56	26	30	116	144	-28	2
"K_4214 Froland"	"1959"	3487	65	30	35	121	169	-48	-13
"K_4214 Froland"	"1960"	3474	53	27	26	121	164	-43	-19
"K_4214 Froland"	"1961"	3455	54	49	5	123	140	-17	-12
"K_4214 Froland"	"1962"	3443	53	35	18	135	160	-25	-7
"K_4214 Froland"	"1963"	3436	58	32	26	89	144	-55	-29
"K_4214 Froland"	"1964"	3407	55	37	18	143	148	-5	13
"K_4214 Froland"	"1965"	3420	55	41	14	121	176	-55	-41
"K_4214 Froland"	"1966"	3379	45	34	11	129	157	-28	-7
"K_4214 Froland"	"1967"	3372	63	47	16	163	154	9	25
"K_4214 Froland"	"1968"	3403	54	43	11	136	188	-52	-44
"K_4214 Froland"	"1969"	3359	64	38	26	134	176	-42	-11
"K_4214 Froland"	"1970"	3348	62	49	13	145	166	-21	-4
"K_4214 Froland"	"1971"	3344	55	28	27	148	120	28	52
"K_4214 Froland"	"1972"	3396	55	41	14	151	163	-12	2
"K_4214 Froland"	"1973"	3398	56	31	25	142	149	-7	15
"K_4214 Froland"	"1974"	3413	62	24	38	138	177	-39	-2
"K_4214 Froland"	"1975"	3411	49	31	18	200	140	60	79
"K_4214 Froland"	"1976"	3490	56	41	15	198	130	68	83
"K_4214 Froland"	"1977"	3573	66	41	25	173	117	56	81
"K_4214 Froland"	"1978"	3654	59	33	26	154	168	-14	12
"K_4214 Froland"	"1979"	3666	53	51	2	154	140	14	16
"K_4214 Froland"	"1980"	3682	52	41	11	137	111	26	37
"K_4214 Froland"	"1981"	3719	47	38	9	163	125	38	46
"K_4214 Froland"	"1982"	3765	51	37	14	160	120	40	54
"K_4214 Froland"	"1983"	3819	35	43	-8	168	141	27	19
"K_4214 Froland"	"1984"	3838	60	35	25	153	173	-20	6
"K_4214 Froland"	"1985"	3844	49	46	3	180	182	-2	5
"K_4214 Froland"	"1986"	3849	56	41	15	191	146	45	61
"K_4214 Froland"	"1987"	3910	50	30	20	209	212	-3	17
"K_4214 Froland"	"1988"	3927	63	34	29	242	195	47	77
"K_4214 Froland"	"1989"	4004	53	41	12	218	173	45	56
"K_4214 Froland"	"1990"	4060	69	42	27	207	167	40	125
"K_4214 Froland"	"1991"	4185	60	46	14	186	164	22	32
"K_4214 Froland"	"1992"	4217	70	47	23	179	158	21	46
"K_4214 Froland"	"1993"	4263	84	42	42	170	177	-7	35
"K_4214 Froland"	"1994"	4298	45	52	-7	212	179	33	24
"K_4214 Froland"	"1995"	4322	53	39	14	218	179	39	52
"K_4214 Froland"	"1996"	4374	58	45	13	218	231	-13	-1
"K_4214 Froland"	"1997"	4373	64	43	21	263	184	79	100
"K_4214 Froland"	"1998"	4473	50	50	0	262	225	37	31
"K_4214 Froland"	"1999"	4504	56	52	4	195	203	-8	-7
"K_4214 Froland"	"2000"	4497	60	39	21	247	219	28	49
"K_4214 Froland"	"2001"	4546	63	41	22	280	218	62	84
"K_4214 Froland"	"2002"	4630	52	44	8	303	233	70	78
"K_4214 Froland"	"2003"	4708	51	48	3	232	247	-15	-10
"K_4214 Froland"	"2004"	4698	61	45	16	235	277	-42	-26
"K_4214 Froland"	"2005"	4672	58	37	21	304	234	70	92
"K_4214 Froland"	"2006"	4764	51	51	0	279	282	-3	-5
"K_4214 Froland"	"2007"	4759	66	43	23	321	250	71	94
"K_4214 Froland"	"2008"	4853	68	45	23	332	311	21	43
"K_4214 Froland"	"2009"	4896	65	33	32	302	227	75	106
"K_4214 Froland"	"2010"	5002	79	29	50	330	258	72	125
"K_4214 Froland"	"2011"	5127	84	49	35	387	291	96	130
"K_4214 Froland"	"2012"	5257	64	39	25	429	286	143	168
"K_4214 Froland"	"2013"	5425	68	27	41	347	327	20	61
"K_4214 Froland"	"2014"	5486	61	36	25	331	310	21	46
"K_4214 Froland"	"2015"	5532	74	39	35	362	311	51	86
"K_4214 Froland"	"2016"	5618	67	36	31	371	311	60	95
"K_4214 Froland"	"2017"	5713	57	47	10	326	259	67	77
"K_4214 Froland"	"2018"	5790	63	42	21	293	261	32	55
"K_4214 Froland"	"2019"	5845	74	37	37	368	299	69	106
"K_4214 Froland"	"2020"	5951	60	43	17	329	294	35	53
"K_4214 Froland"	"2021"	6004	67	41	26	390	321	69	94
"K_4214 Froland"	"2022"	6098	65	49	16	346	285	61	76
"K_4214 Froland"	"2023"	6174	64	43	21	342	304	38	62
"K_4214 Froland"	"2024"	6236	..	..	..	..	..	..	..
"K_4215 Lillesand"	"1951"	4657	55	48	7	297	298	-1	6
"K_4215 Lillesand"	"1952"	4663	84	65	19	172	232	-60	-41
"K_4215 Lillesand"	"1953"	4622	88	45	43	220	215	5	48
"K_4215 Lillesand"	"1954"	4670	74	61	13	242	304	-62	-49
"K_4215 Lillesand"	"1955"	4621	73	50	23	227	309	-82	-65
"K_4215 Lillesand"	"1956"	4556	72	48	24	271	268	3	27
"K_4215 Lillesand"	"1957"	4583	69	54	15	287	274	13	28
"K_4215 Lillesand"	"1958"	4611	67	50	17	303	287	16	33
"K_4215 Lillesand"	"1959"	4644	75	47	28	337	294	43	71
"K_4215 Lillesand"	"1960"	4715	72	68	4	324	283	41	77
"K_4215 Lillesand"	"1961"	4792	103	62	41	322	308	14	55
"K_4215 Lillesand"	"1962"	4847	75	76	-1	266	219	47	46
"K_4215 Lillesand"	"1963"	4893	74	72	2	208	252	-44	-42
"K_4215 Lillesand"	"1964"	4851	88	61	27	323	183	140	167
"K_4215 Lillesand"	"1965"	5018	76	67	9	275	174	101	110
"K_4215 Lillesand"	"1966"	5128	69	58	11	240	225	15	-47
"K_4215 Lillesand"	"1967"	5081	84	66	18	320	229	91	109
"K_4215 Lillesand"	"1968"	5190	101	71	30	321	222	99	129
"K_4215 Lillesand"	"1969"	5319	77	55	22	296	249	47	66
"K_4215 Lillesand"	"1970"	5385	97	77	20	407	330	77	102
"K_4215 Lillesand"	"1971"	5487	108	74	34	368	251	117	180
"K_4215 Lillesand"	"1972"	5667	91	63	28	470	244	226	256
"K_4215 Lillesand"	"1973"	5923	101	78	23	421	270	151	175
"K_4215 Lillesand"	"1974"	6098	85	63	22	447	337	110	133
"K_4215 Lillesand"	"1975"	6231	93	69	24	348	288	60	81
"K_4215 Lillesand"	"1976"	6312	80	78	2	345	244	101	102
"K_4215 Lillesand"	"1977"	6414	83	73	10	374	227	147	159
"K_4215 Lillesand"	"1978"	6573	89	76	13	330	237	93	105
"K_4215 Lillesand"	"1979"	6678	84	87	-3	421	239	182	179
"K_4215 Lillesand"	"1980"	6857	87	61	26	399	313	86	110
"K_4215 Lillesand"	"1981"	6967	91	83	8	360	234	126	137
"K_4215 Lillesand"	"1982"	7104	105	72	33	342	224	118	149
"K_4215 Lillesand"	"1983"	7253	98	72	26	416	320	96	122
"K_4215 Lillesand"	"1984"	7375	105	72	33	333	295	38	71
"K_4215 Lillesand"	"1985"	7446	91	72	19	386	287	99	118
"K_4215 Lillesand"	"1986"	7564	106	101	5	425	262	163	164
"K_4215 Lillesand"	"1987"	7728	93	83	10	480	325	155	164
"K_4215 Lillesand"	"1988"	7892	99	94	5	440	349	91	98
"K_4215 Lillesand"	"1989"	7990	100	75	25	382	355	27	46
"K_4215 Lillesand"	"1990"	8036	107	71	36	402	303	99	131
"K_4215 Lillesand"	"1991"	8167	108	82	26	384	313	71	97
"K_4215 Lillesand"	"1992"	8264	100	94	6	364	331	33	37
"K_4215 Lillesand"	"1993"	8301	101	75	26	389	342	47	74
"K_4215 Lillesand"	"1994"	8375	114	65	49	418	385	33	83
"K_4215 Lillesand"	"1995"	8458	102	86	16	449	325	124	141
"K_4215 Lillesand"	"1996"	8599	117	75	42	464	421	43	84
"K_4215 Lillesand"	"1997"	8683	98	79	19	428	401	27	46
"K_4215 Lillesand"	"1998"	8729	120	81	39	414	419	-5	34
"K_4215 Lillesand"	"1999"	8763	117	88	29	461	436	25	53
"K_4215 Lillesand"	"2000"	8816	103	70	33	443	406	37	72
"K_4215 Lillesand"	"2001"	8888	99	80	19	447	424	23	42
"K_4215 Lillesand"	"2002"	8930	102	62	40	441	429	12	52
"K_4215 Lillesand"	"2003"	8982	78	85	-7	395	418	-23	-30
"K_4215 Lillesand"	"2004"	8952	97	80	17	488	412	76	91
"K_4215 Lillesand"	"2005"	9043	91	71	20	431	464	-33	-13
"K_4215 Lillesand"	"2006"	9030	104	74	30	493	444	49	79
"K_4215 Lillesand"	"2007"	9109	104	77	27	565	459	106	129
"K_4215 Lillesand"	"2008"	9238	107	73	34	487	431	56	91
"K_4215 Lillesand"	"2009"	9329	114	80	34	514	416	98	136
"K_4215 Lillesand"	"2010"	9465	136	73	63	643	457	186	248
"K_4215 Lillesand"	"2011"	9713	132	81	51	616	501	115	165
"K_4215 Lillesand"	"2012"	9878	117	69	48	571	465	106	154
"K_4215 Lillesand"	"2013"	10032	117	68	49	537	514	23	74
"K_4215 Lillesand"	"2014"	10106	114	73	41	683	490	193	234
"K_4215 Lillesand"	"2015"	10340	118	75	43	697	503	194	237
"K_4215 Lillesand"	"2016"	10577	123	79	44	630	551	79	125
"K_4215 Lillesand"	"2017"	10702	98	77	21	677	529	148	169
"K_4215 Lillesand"	"2018"	10871	104	88	16	607	505	102	119
"K_4215 Lillesand"	"2019"	10990	99	79	20	544	480	64	84
"K_4215 Lillesand"	"2020"	11074	85	61	24	624	547	77	106
"K_4215 Lillesand"	"2021"	11180	97	86	11	681	597	84	99
"K_4215 Lillesand"	"2022"	11279	114	83	31	691	582	109	140
"K_4215 Lillesand"	"2023"	11419	97	91	6	646	548	98	104
"K_4215 Lillesand"	"2024"	11523	..	..	..	..	..	..	..
"K_4216 Birkenes"	"1951"	3235	69	33	36	170	198	-28	8
"K_4216 Birkenes"	"1952"	3243	67	30	37	168	205	-37	0
"K_4216 Birkenes"	"1953"	3243	69	37	32	133	221	-88	-56
"K_4216 Birkenes"	"1954"	3187	62	35	27	146	185	-39	-12
"K_4216 Birkenes"	"1955"	3175	52	41	11	124	169	-45	-40
"K_4216 Birkenes"	"1956"	3135	57	26	31	198	184	14	45
"K_4216 Birkenes"	"1957"	3180	54	25	29	158	164	-6	23
"K_4216 Birkenes"	"1958"	3203	47	39	8	142	175	-33	-25
"K_4216 Birkenes"	"1959"	3178	41	35	6	130	208	-78	-72
"K_4216 Birkenes"	"1960"	3106	44	26	18	219	218	1	8
"K_4216 Birkenes"	"1961"	3114	43	30	13	133	168	-35	-22
"K_4216 Birkenes"	"1962"	3092	38	28	10	147	155	-8	2
"K_4216 Birkenes"	"1963"	3094	40	38	2	161	172	-11	-9
"K_4216 Birkenes"	"1964"	3085	47	28	19	166	183	-17	2
"K_4216 Birkenes"	"1965"	3087	53	33	20	162	191	-29	-9
"K_4216 Birkenes"	"1966"	3078	54	26	28	140	171	-31	-28
"K_4216 Birkenes"	"1967"	3050	52	35	17	119	164	-45	-28
"K_4216 Birkenes"	"1968"	3022	46	26	20	121	156	-35	-24
"K_4216 Birkenes"	"1969"	2998	38	34	4	133	186	-53	-32
"K_4216 Birkenes"	"1970"	2966	47	18	29	250	208	42	67
"K_4216 Birkenes"	"1971"	3033	43	38	5	165	166	-1	2
"K_4216 Birkenes"	"1972"	3035	37	24	13	199	148	51	64
"K_4216 Birkenes"	"1973"	3099	41	24	17	211	156	55	73
"K_4216 Birkenes"	"1974"	3172	44	24	20	285	166	119	138
"K_4216 Birkenes"	"1975"	3310	55	33	22	256	136	120	141
"K_4216 Birkenes"	"1976"	3451	49	42	7	293	188	105	112
"K_4216 Birkenes"	"1977"	3563	43	41	2	237	177	60	60
"K_4216 Birkenes"	"1978"	3623	65	39	26	258	169	89	114
"K_4216 Birkenes"	"1979"	3737	61	40	21	216	169	47	68
"K_4216 Birkenes"	"1980"	3805	59	56	3	226	209	17	20
"K_4216 Birkenes"	"1981"	3825	66	50	16	227	213	14	29
"K_4216 Birkenes"	"1982"	3854	70	48	22	227	171	56	78
"K_4216 Birkenes"	"1983"	3932	53	41	12	245	182	63	75
"K_4216 Birkenes"	"1984"	4007	53	47	6	213	229	-16	-10
"K_4216 Birkenes"	"1985"	3997	50	42	8	239	243	-4	-2
"K_4216 Birkenes"	"1986"	3995	51	38	13	247	216	31	43
"K_4216 Birkenes"	"1987"	4038	60	41	19	246	267	-21	-1
"K_4216 Birkenes"	"1988"	4037	48	38	10	232	233	-1	9
"K_4216 Birkenes"	"1989"	4046	65	35	30	202	217	-15	16
"K_4216 Birkenes"	"1990"	4062	59	35	24	203	215	-12	-46
"K_4216 Birkenes"	"1991"	4016	62	37	25	157	157	0	18
"K_4216 Birkenes"	"1992"	4034	53	27	26	128	163	-35	-10
"K_4216 Birkenes"	"1993"	4024	66	40	26	174	169	5	32
"K_4216 Birkenes"	"1994"	4056	60	52	8	207	167	40	48
"K_4216 Birkenes"	"1995"	4104	62	42	20	207	171	36	59
"K_4216 Birkenes"	"1996"	4163	58	44	14	195	180	15	29
"K_4216 Birkenes"	"1997"	4192	65	26	39	217	248	-31	8
"K_4216 Birkenes"	"1998"	4200	44	50	-6	211	216	-5	-9
"K_4216 Birkenes"	"1999"	4191	53	49	4	363	268	95	99
"K_4216 Birkenes"	"2000"	4290	52	49	3	282	229	53	56
"K_4216 Birkenes"	"2001"	4346	62	35	27	267	317	-50	-31
"K_4216 Birkenes"	"2002"	4315	43	42	1	270	243	27	28
"K_4216 Birkenes"	"2003"	4343	51	37	14	204	225	-21	-4
"K_4216 Birkenes"	"2004"	4339	44	40	4	239	240	-1	1
"K_4216 Birkenes"	"2005"	4340	61	44	17	276	245	31	47
"K_4216 Birkenes"	"2006"	4387	58	47	11	238	226	12	24
"K_4216 Birkenes"	"2007"	4411	69	42	27	294	234	60	92
"K_4216 Birkenes"	"2008"	4503	60	35	25	332	246	86	105
"K_4216 Birkenes"	"2009"	4608	78	31	47	296	262	34	81
"K_4216 Birkenes"	"2010"	4689	63	34	29	326	269	57	87
"K_4216 Birkenes"	"2011"	4776	66	41	25	318	290	28	52
"K_4216 Birkenes"	"2012"	4828	58	28	30	330	252	78	108
"K_4216 Birkenes"	"2013"	4936	67	40	27	314	284	30	57
"K_4216 Birkenes"	"2014"	4993	61	38	23	316	297	19	42
"K_4216 Birkenes"	"2015"	5035	67	35	32	363	284	79	112
"K_4216 Birkenes"	"2016"	5147	70	33	37	328	336	-8	31
"K_4216 Birkenes"	"2017"	5178	58	26	32	297	319	-22	9
"K_4216 Birkenes"	"2018"	5187	62	28	34	304	288	16	117
"K_4216 Birkenes"	"2019"	5212	57	29	28	275	290	-15	14
"K_4216 Birkenes"	"2020"	5226	52	31	21	269	241	28	48
"K_4216 Birkenes"	"2021"	5274	53	29	24	304	260	44	68
"K_4216 Birkenes"	"2022"	5342	47	45	2	330	283	47	48
"K_4216 Birkenes"	"2023"	5390	53	34	19	325	253	72	90
"K_4216 Birkenes"	"2024"	5480	..	..	..	..	..	..	..
"K_4217 Åmli"	"1951"	2549	41	16	25	118	177	-58	-22
"K_4217 Åmli"	"1952"	2527	40	28	12	129	120	9	12
"K_4217 Åmli"	"1953"	2539	52	25	27	117	96	21	45
"K_4217 Åmli"	"1954"	2584	48	44	4	106	133	-27	-13
"K_4217 Åmli"	"1955"	2571	50	32	18	95	128	-33	39
"K_4217 Åmli"	"1956"	2610	38	28	10	107	155	-48	-31
"K_4217 Åmli"	"1957"	2579	35	26	9	110	151	-39	-38
"K_4217 Åmli"	"1958"	2541	36	31	5	101	115	-14	-9
"K_4217 Åmli"	"1959"	2532	32	24	8	74	108	-34	-26
"K_4217 Åmli"	"1960"	2506	32	24	8	114	194	-80	-114
"K_4217 Åmli"	"1961"	2392	30	26	4	66	132	-66	-62
"K_4217 Åmli"	"1962"	2323	32	25	7	75	104	-29	-22
"K_4217 Åmli"	"1963"	2301	25	31	-6	97	100	-3	-9
"K_4217 Åmli"	"1964"	2292	37	33	4	77	92	-15	-11
"K_4217 Åmli"	"1965"	2281	31	24	7	65	104	-39	-32
"K_4217 Åmli"	"1966"	2249	28	22	6	71	105	-34	-38
"K_4217 Åmli"	"1967"	2211	27	19	8	59	91	-32	-24
"K_4217 Åmli"	"1968"	2181	29	30	-1	100	95	5	22
"K_4217 Åmli"	"1969"	2203	35	34	1	104	92	12	3
"K_4217 Åmli"	"1970"	2206	33	32	1	79	147	-68	-75
"K_4217 Åmli"	"1971"	2131	25	35	-10	84	95	-11	-18
"K_4217 Åmli"	"1972"	2113	24	31	-7	90	81	9	3
"K_4217 Åmli"	"1973"	2116	18	30	-12	71	78	-7	-20
"K_4217 Åmli"	"1974"	2096	23	31	-8	91	66	25	20
"K_4217 Åmli"	"1975"	2116	28	34	-6	89	73	16	5
"K_4217 Åmli"	"1976"	2121	29	20	9	70	67	3	13
"K_4217 Åmli"	"1977"	2134	26	33	-7	65	61	4	0
"K_4217 Åmli"	"1978"	2134	21	38	-17	117	68	49	32
"K_4217 Åmli"	"1979"	2166	25	27	-2	95	81	14	12
"K_4217 Åmli"	"1980"	2178	28	40	-12	86	92	-6	-17
"K_4217 Åmli"	"1981"	2161	23	26	-3	121	100	21	18
"K_4217 Åmli"	"1982"	2179	26	29	-3	95	118	-23	-26
"K_4217 Åmli"	"1983"	2153	31	34	-3	66	94	-28	-31
"K_4217 Åmli"	"1984"	2122	30	30	0	76	77	-1	0
"K_4217 Åmli"	"1985"	2122	21	36	-15	88	86	2	-15
"K_4217 Åmli"	"1986"	2107	21	37	-16	91	92	-1	-17
"K_4217 Åmli"	"1987"	2090	22	39	-17	90	90	0	-17
"K_4217 Åmli"	"1988"	2073	20	37	-17	85	133	-48	-65
"K_4217 Åmli"	"1989"	2008	25	32	-7	91	93	-2	-9
"K_4217 Åmli"	"1990"	1999	21	25	-4	93	111	-18	-22
"K_4217 Åmli"	"1991"	1977	27	31	-4	77	111	-34	-38
"K_4217 Åmli"	"1992"	1939	18	31	-13	57	91	-34	-47
"K_4217 Åmli"	"1993"	1892	24	36	-12	127	73	54	43
"K_4217 Åmli"	"1994"	1935	25	20	5	95	123	-28	-23
"K_4217 Åmli"	"1995"	1912	18	40	-22	88	88	0	-21
"K_4217 Åmli"	"1996"	1891	27	26	1	96	88	8	9
"K_4217 Åmli"	"1997"	1900	31	32	-1	99	122	-23	-24
"K_4217 Åmli"	"1998"	1876	20	27	-7	109	112	-3	-10
"K_4217 Åmli"	"1999"	1866	23	28	-5	121	120	1	-4
"K_4217 Åmli"	"2000"	1862	18	23	-5	87	90	-3	-8
"K_4217 Åmli"	"2001"	1854	20	39	-19	115	97	18	-1
"K_4217 Åmli"	"2002"	1853	18	29	-11	101	118	-17	-23
"K_4217 Åmli"	"2003"	1830	13	26	-13	135	93	42	29
"K_4217 Åmli"	"2004"	1859	15	25	-10	123	171	-48	-58
"K_4217 Åmli"	"2005"	1801	13	25	-12	112	111	1	-16
"K_4217 Åmli"	"2006"	1785	12	17	-5	99	64	35	30
"K_4217 Åmli"	"2007"	1815	16	22	-6	110	86	24	21
"K_4217 Åmli"	"2008"	1836	12	20	-8	112	82	30	19
"K_4217 Åmli"	"2009"	1855	18	28	-10	96	80	16	6
"K_4217 Åmli"	"2010"	1861	12	23	-11	82	104	-22	-32
"K_4217 Åmli"	"2011"	1829	13	25	-12	100	92	8	-4
"K_4217 Åmli"	"2012"	1825	22	34	-12	94	92	2	-10
"K_4217 Åmli"	"2013"	1815	16	16	0	94	102	-8	-5
"K_4217 Åmli"	"2014"	1810	15	15	0	103	81	22	22
"K_4217 Åmli"	"2015"	1832	19	22	-3	120	102	18	15
"K_4217 Åmli"	"2016"	1847	30	25	5	98	93	5	9
"K_4217 Åmli"	"2017"	1856	17	17	0	93	104	-11	-11
"K_4217 Åmli"	"2018"	1845	25	21	4	71	71	0	3
"K_4217 Åmli"	"2019"	1848	23	23	0	72	84	-12	-12
"K_4217 Åmli"	"2020"	1836	15	12	3	76	90	-14	-14
"K_4217 Åmli"	"2021"	1822	21	18	3	91	116	-25	-21
"K_4217 Åmli"	"2022"	1801	16	19	-3	92	104	-12	-15
"K_4217 Åmli"	"2023"	1786	14	16	-2	104	86	18	16
"K_4217 Åmli"	"2024"	1802	..	..	..	..	..	..	..
"K_4218 Iveland"	"1951"	1088	13	5	8	54	64	-10	-2
"K_4218 Iveland"	"1952"	1086	23	10	13	40	70	-30	-17
"K_4218 Iveland"	"1953"	1069	15	13	2	45	68	-23	-21
"K_4218 Iveland"	"1954"	1048	15	14	1	50	84	-34	-33
"K_4218 Iveland"	"1955"	1015	20	9	11	47	76	-29	-20
"K_4218 Iveland"	"1956"	995	28	14	14	57	55	2	16
"K_4218 Iveland"	"1957"	1011	24	9	15	44	76	-32	-17
"K_4218 Iveland"	"1958"	994	19	14	5	45	69	-24	-19
"K_4218 Iveland"	"1959"	975	17	7	10	83	105	-22	-12
"K_4218 Iveland"	"1960"	963	21	13	8	83	72	11	21
"K_4218 Iveland"	"1961"	984	20	14	6	58	44	14	20
"K_4218 Iveland"	"1962"	1004	20	11	9	40	82	-42	-33
"K_4218 Iveland"	"1963"	971	15	12	3	38	68	-30	-27
"K_4218 Iveland"	"1964"	944	21	8	13	52	46	6	19
"K_4218 Iveland"	"1965"	963	9	6	3	34	74	-40	-37
"K_4218 Iveland"	"1966"	926	7	11	-4	34	68	-34	-26
"K_4218 Iveland"	"1967"	900	8	12	-4	35	74	-39	-43
"K_4218 Iveland"	"1968"	857	10	13	-3	33	59	-26	-24
"K_4218 Iveland"	"1969"	833	10	14	-4	28	65	-37	-40
"K_4218 Iveland"	"1970"	793	9	14	-5	33	60	-27	-38
"K_4218 Iveland"	"1971"	755	6	16	-10	24	41	-17	-27
"K_4218 Iveland"	"1972"	728	5	9	-4	44	34	10	6
"K_4218 Iveland"	"1973"	734	3	12	-9	38	26	12	3
"K_4218 Iveland"	"1974"	737	7	9	-2	55	33	22	19
"K_4218 Iveland"	"1975"	756	7	7	0	70	25	45	46
"K_4218 Iveland"	"1976"	802	13	8	5	91	33	58	63
"K_4218 Iveland"	"1977"	865	16	8	8	51	33	18	25
"K_4218 Iveland"	"1978"	890	11	6	5	48	44	4	9
"K_4218 Iveland"	"1979"	899	15	15	0	81	41	40	40
"K_4218 Iveland"	"1980"	939	21	14	7	90	26	64	71
"K_4218 Iveland"	"1981"	1010	23	10	13	79	60	19	32
"K_4218 Iveland"	"1982"	1042	21	10	11	104	38	66	77
"K_4218 Iveland"	"1983"	1119	31	7	24	104	82	22	46
"K_4218 Iveland"	"1984"	1165	23	14	9	60	75	-15	-6
"K_4218 Iveland"	"1985"	1159	24	9	15	45	75	-30	-15
"K_4218 Iveland"	"1986"	1144	18	10	8	81	82	-1	7
"K_4218 Iveland"	"1987"	1151	17	11	6	65	63	2	8
"K_4218 Iveland"	"1988"	1159	22	8	14	80	85	-5	11
"K_4218 Iveland"	"1989"	1170	14	6	8	24	47	-23	-15
"K_4218 Iveland"	"1990"	1155	17	13	4	38	58	-20	-16
"K_4218 Iveland"	"1991"	1139	23	11	12	32	53	-21	-9
"K_4218 Iveland"	"1992"	1130	17	13	4	24	51	-27	-24
"K_4218 Iveland"	"1993"	1106	16	9	7	38	47	-9	-1
"K_4218 Iveland"	"1994"	1105	14	10	4	51	44	7	10
"K_4218 Iveland"	"1995"	1115	12	10	2	37	50	-13	-11
"K_4218 Iveland"	"1996"	1104	15	9	6	83	52	31	36
"K_4218 Iveland"	"1997"	1140	11	9	2	61	88	-27	-25
"K_4218 Iveland"	"1998"	1115	8	6	2	61	79	-18	-16
"K_4218 Iveland"	"1999"	1099	13	13	0	89	60	29	29
"K_4218 Iveland"	"2000"	1128	11	8	3	66	63	3	6
"K_4218 Iveland"	"2001"	1134	13	14	-1	45	67	-22	-21
"K_4218 Iveland"	"2002"	1113	8	6	2	63	48	15	18
"K_4218 Iveland"	"2003"	1131	9	9	0	81	62	19	20
"K_4218 Iveland"	"2004"	1151	2	13	-11	75	63	12	3
"K_4218 Iveland"	"2005"	1154	13	8	5	72	60	12	16
"K_4218 Iveland"	"2006"	1170	12	6	6	86	73	13	21
"K_4218 Iveland"	"2007"	1191	14	10	4	85	71	14	20
"K_4218 Iveland"	"2008"	1211	16	10	6	58	51	7	13
"K_4218 Iveland"	"2009"	1224	13	16	-3	89	56	33	30
"K_4218 Iveland"	"2010"	1254	18	6	12	117	77	40	51
"K_4218 Iveland"	"2011"	1305	26	14	12	83	105	-22	-7
"K_4218 Iveland"	"2012"	1298	23	10	13	75	100	-25	-15
"K_4218 Iveland"	"2013"	1283	15	5	10	86	65	21	31
"K_4218 Iveland"	"2014"	1314	21	8	13	72	84	-12	1
"K_4218 Iveland"	"2015"	1315	21	11	10	75	83	-8	2
"K_4218 Iveland"	"2016"	1317	20	15	5	94	75	19	25
"K_4218 Iveland"	"2017"	1342	15	9	6	79	97	-18	-12
"K_4218 Iveland"	"2018"	1330	18	9	9	64	77	-13	-4
"K_4218 Iveland"	"2019"	1326	23	16	7	83	85	-2	5
"K_4218 Iveland"	"2020"	1331	14	8	6	85	87	-2	4
"K_4218 Iveland"	"2021"	1335	11	17	-6	98	104	-6	-12
"K_4218 Iveland"	"2022"	1323	18	15	3	106	88	18	21
"K_4218 Iveland"	"2023"	1344	16	7	9	99	72	27	36
"K_4218 Iveland"	"2024"	1380	..	..	..	..	..	..	..
"K_4219 Evje og Hornnes"	"1951"	2947	46	29	17	126	223	-96	-51
"K_4219 Evje og Hornnes"	"1952"	2896	53	35	18	167	200	-38	-10
"K_4219 Evje og Hornnes"	"1953"	2886	52	31	21	169	185	-14	-1
"K_4219 Evje og Hornnes"	"1954"	2885	51	31	20	241	214	27	48
"K_4219 Evje og Hornnes"	"1955"	2933	51	35	16	235	265	-30	15
"K_4219 Evje og Hornnes"	"1956"	2948	44	35	9	258	278	-15	-10
"K_4219 Evje og Hornnes"	"1957"	2938	54	24	30	222	346	-114	-35
"K_4219 Evje og Hornnes"	"1958"	2903	41	33	8	197	177	20	28
"K_4219 Evje og Hornnes"	"1959"	2931	39	34	5	169	179	-10	-5
"K_4219 Evje og Hornnes"	"1960"	2926	46	31	15	129	202	-73	-30
"K_4219 Evje og Hornnes"	"1961"	2896	40	34	6	135	160	-25	-19
"K_4219 Evje og Hornnes"	"1962"	2877	54	39	15	159	183	-24	-9
"K_4219 Evje og Hornnes"	"1963"	2868	47	34	13	243	164	79	92
"K_4219 Evje og Hornnes"	"1964"	2960	51	37	14	185	163	22	36
"K_4219 Evje og Hornnes"	"1965"	2996	57	29	28	189	173	16	44
"K_4219 Evje og Hornnes"	"1966"	3040	45	33	12	186	221	-35	-36
"K_4219 Evje og Hornnes"	"1967"	3004	48	22	26	182	196	-14	12
"K_4219 Evje og Hornnes"	"1968"	3016	44	26	18	138	207	-69	-50
"K_4219 Evje og Hornnes"	"1969"	2966	46	34	12	155	184	-29	-20
"K_4219 Evje og Hornnes"	"1970"	2946	34	39	-5	283	291	-8	-13
"K_4219 Evje og Hornnes"	"1971"	2933	44	29	15	194	172	22	39
"K_4219 Evje og Hornnes"	"1972"	2972	30	38	-8	211	223	-12	-17
"K_4219 Evje og Hornnes"	"1973"	2955	42	39	3	205	166	39	40
"K_4219 Evje og Hornnes"	"1974"	2995	49	38	11	237	216	21	32
"K_4219 Evje og Hornnes"	"1975"	3027	44	39	5	307	236	71	72
"K_4219 Evje og Hornnes"	"1976"	3099	51	26	25	195	193	2	28
"K_4219 Evje og Hornnes"	"1977"	3127	36	34	2	240	256	-16	-15
"K_4219 Evje og Hornnes"	"1978"	3112	40	39	1	232	193	39	40
"K_4219 Evje og Hornnes"	"1979"	3152	54	37	17	238	191	47	63
"K_4219 Evje og Hornnes"	"1980"	3215	43	33	10	215	183	32	42
"K_4219 Evje og Hornnes"	"1981"	3257	51	33	18	248	164	84	101
"K_4219 Evje og Hornnes"	"1982"	3358	51	50	1	220	164	56	57
"K_4219 Evje og Hornnes"	"1983"	3415	55	44	11	188	180	8	19
"K_4219 Evje og Hornnes"	"1984"	3434	42	47	-5	151	154	-3	-8
"K_4219 Evje og Hornnes"	"1985"	3426	46	32	14	165	193	-28	-6
"K_4219 Evje og Hornnes"	"1986"	3420	37	39	-2	148	167	-19	-22
"K_4219 Evje og Hornnes"	"1987"	3398	30	38	-8	168	181	-13	-23
"K_4219 Evje og Hornnes"	"1988"	3375	43	50	-7	181	186	-5	-10
"K_4219 Evje og Hornnes"	"1989"	3365	41	34	7	179	173	6	13
"K_4219 Evje og Hornnes"	"1990"	3378	37	51	-14	167	192	-25	-42
"K_4219 Evje og Hornnes"	"1991"	3336	45	39	6	169	195	-26	-17
"K_4219 Evje og Hornnes"	"1992"	3319	49	40	9	166	160	6	15
"K_4219 Evje og Hornnes"	"1993"	3334	45	46	-1	161	155	6	-4
"K_4219 Evje og Hornnes"	"1994"	3330	51	35	16	145	141	4	25
"K_4219 Evje og Hornnes"	"1995"	3355	48	33	15	134	166	-32	-18
"K_4219 Evje og Hornnes"	"1996"	3337	52	42	10	153	146	7	17
"K_4219 Evje og Hornnes"	"1997"	3354	56	36	20	150	196	-46	-27
"K_4219 Evje og Hornnes"	"1998"	3327	47	33	14	208	187	21	33
"K_4219 Evje og Hornnes"	"1999"	3360	33	35	-2	162	173	-11	-14
"K_4219 Evje og Hornnes"	"2000"	3346	39	39	0	181	169	12	13
"K_4219 Evje og Hornnes"	"2001"	3359	37	46	-9	158	171	-13	-22
"K_4219 Evje og Hornnes"	"2002"	3337	33	34	-1	166	175	-9	-10
"K_4219 Evje og Hornnes"	"2003"	3327	39	40	-1	151	154	-3	-5
"K_4219 Evje og Hornnes"	"2004"	3322	36	38	-2	138	152	-14	-17
"K_4219 Evje og Hornnes"	"2005"	3305	42	38	4	144	128	16	19
"K_4219 Evje og Hornnes"	"2006"	3324	38	41	-3	150	158	-8	-9
"K_4219 Evje og Hornnes"	"2007"	3315	39	46	-7	180	163	17	12
"K_4219 Evje og Hornnes"	"2008"	3327	49	26	23	204	145	59	81
"K_4219 Evje og Hornnes"	"2009"	3408	31	36	-5	155	160	-5	-11
"K_4219 Evje og Hornnes"	"2010"	3397	49	36	13	190	125	65	78
"K_4219 Evje og Hornnes"	"2011"	3475	36	25	11	182	172	10	21
"K_4219 Evje og Hornnes"	"2012"	3496	46	40	6	210	156	54	60
"K_4219 Evje og Hornnes"	"2013"	3556	43	39	4	164	172	-8	-7
"K_4219 Evje og Hornnes"	"2014"	3549	39	36	3	148	134	14	18
"K_4219 Evje og Hornnes"	"2015"	3567	32	43	-11	175	149	26	15
"K_4219 Evje og Hornnes"	"2016"	3582	43	42	1	220	190	30	32
"K_4219 Evje og Hornnes"	"2017"	3614	30	39	-9	226	205	21	11
"K_4219 Evje og Hornnes"	"2018"	3625	34	29	5	149	166	-17	-79
"K_4219 Evje og Hornnes"	"2019"	3638	36	45	-9	166	161	5	-4
"K_4219 Evje og Hornnes"	"2020"	3634	29	33	-4	167	181	-14	-15
"K_4219 Evje og Hornnes"	"2021"	3619	33	40	-7	199	155	44	34
"K_4219 Evje og Hornnes"	"2022"	3653	32	27	5	493	249	244	251
"K_4219 Evje og Hornnes"	"2023"	3904	40	43	-3	1011	944	67	63
"K_4219 Evje og Hornnes"	"2024"	3967	..	..	..	..	..	..	..
"K_4220 Bygland"	"1951"	1842	22	20	2	100	111	-11	-9
"K_4220 Bygland"	"1952"	1833	29	22	7	62	74	-12	-5
"K_4220 Bygland"	"1953"	1828	25	19	6	78	96	-18	-12
"K_4220 Bygland"	"1954"	1816	27	29	-2	49	91	-42	-44
"K_4220 Bygland"	"1955"	1772	30	13	17	39	72	-33	-25
"K_4220 Bygland"	"1956"	1747	20	24	-4	75	91	-16	-20
"K_4220 Bygland"	"1957"	1727	15	18	-3	71	81	-10	-13
"K_4220 Bygland"	"1958"	1714	22	18	4	69	78	-9	-5
"K_4220 Bygland"	"1959"	1709	18	18	0	78	87	-9	-9
"K_4220 Bygland"	"1960"	1700	19	15	4	98	118	-20	-19
"K_4220 Bygland"	"1961"	1681	16	16	0	44	102	-58	-58
"K_4220 Bygland"	"1962"	1623	12	26	-14	75	73	2	-12
"K_4220 Bygland"	"1963"	1611	6	21	-15	60	69	-9	-24
"K_4220 Bygland"	"1964"	1587	16	34	-18	39	77	-38	-56
"K_4220 Bygland"	"1965"	1531	12	23	-11	63	79	-16	-27
"K_4220 Bygland"	"1966"	1504	16	23	-7	72	77	-5	2
"K_4220 Bygland"	"1967"	1506	9	28	-19	69	89	-20	-39
"K_4220 Bygland"	"1968"	1467	14	21	-7	80	93	-13	-29
"K_4220 Bygland"	"1969"	1438	8	12	-4	94	82	12	10
"K_4220 Bygland"	"1970"	1448	12	34	-22	222	99	123	100
"K_4220 Bygland"	"1971"	1548	29	26	3	83	107	-24	-19
"K_4220 Bygland"	"1972"	1529	16	22	-6	90	90	0	-7
"K_4220 Bygland"	"1973"	1522	17	27	-10	86	74	12	-2
"K_4220 Bygland"	"1974"	1520	16	36	-20	79	63	16	-4
"K_4220 Bygland"	"1975"	1516	20	26	-6	77	67	10	7
"K_4220 Bygland"	"1976"	1523	21	31	-10	78	87	-9	-19
"K_4220 Bygland"	"1977"	1504	20	28	-8	82	59	23	16
"K_4220 Bygland"	"1978"	1520	17	37	-20	89	44	45	25
"K_4220 Bygland"	"1979"	1545	14	29	-15	86	64	22	8
"K_4220 Bygland"	"1980"	1553	16	30	-14	89	74	15	1
"K_4220 Bygland"	"1981"	1554	20	21	-1	55	77	-22	-23
"K_4220 Bygland"	"1982"	1531	19	19	0	89	70	19	18
"K_4220 Bygland"	"1983"	1549	19	33	-14	84	83	1	-13
"K_4220 Bygland"	"1984"	1536	18	21	-3	54	58	-4	-8
"K_4220 Bygland"	"1985"	1528	21	24	-3	56	83	-27	-29
"K_4220 Bygland"	"1986"	1499	14	33	-19	50	76	-26	-45
"K_4220 Bygland"	"1987"	1454	18	23	-5	82	87	-5	-10
"K_4220 Bygland"	"1988"	1444	16	29	-13	145	102	43	29
"K_4220 Bygland"	"1989"	1473	16	26	-10	74	139	-65	-77
"K_4220 Bygland"	"1990"	1396	11	18	-7	69	78	-9	-14
"K_4220 Bygland"	"1991"	1382	21	28	-7	56	87	-31	-39
"K_4220 Bygland"	"1992"	1343	15	22	-7	138	53	85	79
"K_4220 Bygland"	"1993"	1422	12	22	-10	93	89	4	-6
"K_4220 Bygland"	"1994"	1416	17	16	1	60	113	-53	-52
"K_4220 Bygland"	"1995"	1364	16	27	-11	69	82	-13	-24
"K_4220 Bygland"	"1996"	1340	9	22	-13	102	83	19	6
"K_4220 Bygland"	"1997"	1346	16	11	5	61	83	-22	-18
"K_4220 Bygland"	"1998"	1328	10	20	-10	78	82	-4	-14
"K_4220 Bygland"	"1999"	1314	14	17	-3	131	90	41	37
"K_4220 Bygland"	"2000"	1351	15	19	-4	109	115	-6	-10
"K_4220 Bygland"	"2001"	1341	16	18	-2	84	109	-25	-27
"K_4220 Bygland"	"2002"	1314	3	24	-21	84	79	5	-18
"K_4220 Bygland"	"2003"	1296	10	18	-8	126	96	30	22
"K_4220 Bygland"	"2004"	1318	22	21	1	105	97	8	9
"K_4220 Bygland"	"2005"	1327	13	17	-4	60	88	-28	-31
"K_4220 Bygland"	"2006"	1296	14	16	-2	57	80	-23	-24
"K_4220 Bygland"	"2007"	1272	7	14	-7	51	74	-23	-30
"K_4220 Bygland"	"2008"	1242	9	17	-8	67	77	-10	-17
"K_4220 Bygland"	"2009"	1225	8	11	-3	72	71	1	-2
"K_4220 Bygland"	"2010"	1223	9	14	-5	113	92	21	16
"K_4220 Bygland"	"2011"	1239	5	16	-11	65	74	-9	-20
"K_4220 Bygland"	"2012"	1219	12	18	-6	71	76	-5	-12
"K_4220 Bygland"	"2013"	1207	11	14	-3	87	88	-1	-7
"K_4220 Bygland"	"2014"	1200	7	14	-7	61	66	-5	-11
"K_4220 Bygland"	"2015"	1189	10	20	-10	119	94	25	15
"K_4220 Bygland"	"2016"	1204	10	11	-1	123	126	-3	-4
"K_4220 Bygland"	"2017"	1200	12	12	0	66	59	7	7
"K_4220 Bygland"	"2018"	1207	7	16	-9	54	60	-6	-15
"K_4220 Bygland"	"2019"	1192	7	6	1	39	72	-33	-30
"K_4220 Bygland"	"2020"	1162	7	15	-8	53	65	-12	-20
"K_4220 Bygland"	"2021"	1142	7	17	-10	65	63	2	-8
"K_4220 Bygland"	"2022"	1134	5	24	-19	89	66	23	2
"K_4220 Bygland"	"2023"	1136	9	11	-2	94	48	46	44
"K_4220 Bygland"	"2024"	1180	..	..	..	..	..	..	..
"K_4221 Valle"	"1951"	1670	37	17	20	42	73	-31	-11
"K_4221 Valle"	"1952"	1659	31	16	15	35	50	-15	0
"K_4221 Valle"	"1953"	1659	24	21	3	26	62	-36	-33
"K_4221 Valle"	"1954"	1626	34	12	22	33	56	-23	-1
"K_4221 Valle"	"1955"	1625	21	10	11	33	80	-47	-7
"K_4221 Valle"	"1956"	1618	24	13	11	43	90	-47	-36
"K_4221 Valle"	"1957"	1582	18	11	7	62	73	-11	-4
"K_4221 Valle"	"1958"	1578	21	14	7	43	63	-20	-13
"K_4221 Valle"	"1959"	1565	15	13	2	39	83	-44	-42
"K_4221 Valle"	"1960"	1523	22	16	6	48	73	-25	10
"K_4221 Valle"	"1961"	1533	16	24	-8	82	43	39	31
"K_4221 Valle"	"1962"	1564	17	21	-4	335	55	280	276
"K_4221 Valle"	"1963"	1840	40	28	12	131	126	5	17
"K_4221 Valle"	"1964"	1857	25	19	6	44	276	-232	-226
"K_4221 Valle"	"1965"	1631	23	27	-4	20	89	-69	-73
"K_4221 Valle"	"1966"	1558	23	16	7	37	91	-54	-62
"K_4221 Valle"	"1967"	1496	19	10	9	44	57	-13	-4
"K_4221 Valle"	"1968"	1492	17	21	-4	54	57	-3	-6
"K_4221 Valle"	"1969"	1486	14	21	-7	55	74	-19	-25
"K_4221 Valle"	"1970"	1461	17	23	-6	53	65	-12	-20
"K_4221 Valle"	"1971"	1441	20	14	6	48	63	-15	-8
"K_4221 Valle"	"1972"	1433	21	27	-6	58	70	-12	-18
"K_4221 Valle"	"1973"	1415	19	17	2	69	58	11	15
"K_4221 Valle"	"1974"	1430	18	31	-13	86	56	30	19
"K_4221 Valle"	"1975"	1449	17	25	-8	80	52	28	17
"K_4221 Valle"	"1976"	1466	12	18	-6	40	30	10	4
"K_4221 Valle"	"1977"	1470	12	16	-4	71	53	18	14
"K_4221 Valle"	"1978"	1484	17	16	1	58	49	9	10
"K_4221 Valle"	"1979"	1494	11	23	-12	41	35	6	-6
"K_4221 Valle"	"1980"	1488	17	24	-7	52	45	7	0
"K_4221 Valle"	"1981"	1488	14	28	-14	62	39	23	9
"K_4221 Valle"	"1982"	1497	15	22	-7	43	43	0	-7
"K_4221 Valle"	"1983"	1490	19	21	-2	37	25	12	10
"K_4221 Valle"	"1984"	1500	8	17	-9	43	36	7	-2
"K_4221 Valle"	"1985"	1498	11	19	-8	41	50	-9	-17
"K_4221 Valle"	"1986"	1481	21	24	-3	52	70	-18	-21
"K_4221 Valle"	"1987"	1460	15	17	-2	46	46	0	-3
"K_4221 Valle"	"1988"	1457	19	23	-4	40	46	-6	-9
"K_4221 Valle"	"1989"	1448	8	24	-16	30	32	-2	-18
"K_4221 Valle"	"1990"	1430	20	31	-11	29	41	-12	-23
"K_4221 Valle"	"1991"	1407	18	35	-17	53	36	17	2
"K_4221 Valle"	"1992"	1409	17	21	-4	47	36	11	5
"K_4221 Valle"	"1993"	1414	16	24	-8	111	60	51	46
"K_4221 Valle"	"1994"	1460	18	20	-2	69	80	-11	-13
"K_4221 Valle"	"1995"	1447	13	25	-12	72	48	24	12
"K_4221 Valle"	"1996"	1459	22	24	-2	45	44	1	-1
"K_4221 Valle"	"1997"	1458	19	22	-3	61	63	-2	-5
"K_4221 Valle"	"1998"	1453	16	24	-8	46	71	-25	-32
"K_4221 Valle"	"1999"	1421	23	24	-1	63	44	19	18
"K_4221 Valle"	"2000"	1439	22	20	2	82	67	15	17
"K_4221 Valle"	"2001"	1456	18	19	-1	51	67	-16	-17
"K_4221 Valle"	"2002"	1439	18	18	0	52	68	-16	-17
"K_4221 Valle"	"2003"	1422	17	26	-9	37	47	-10	-19
"K_4221 Valle"	"2004"	1403	19	16	3	43	66	-23	-19
"K_4221 Valle"	"2005"	1384	11	19	-8	33	61	-28	-36
"K_4221 Valle"	"2006"	1348	9	20	-11	30	47	-17	-28
"K_4221 Valle"	"2007"	1320	15	9	6	60	61	-1	6
"K_4221 Valle"	"2008"	1326	7	17	-10	43	68	-25	-34
"K_4221 Valle"	"2009"	1292	13	27	-14	57	46	11	-3
"K_4221 Valle"	"2010"	1289	14	22	-8	51	48	3	-5
"K_4221 Valle"	"2011"	1284	8	21	-13	56	35	21	9
"K_4221 Valle"	"2012"	1293	9	12	-3	60	73	-13	-16
"K_4221 Valle"	"2013"	1277	8	18	-10	58	55	3	-7
"K_4221 Valle"	"2014"	1270	4	13	-9	49	59	-10	-19
"K_4221 Valle"	"2015"	1251	9	17	-8	62	63	-1	-9
"K_4221 Valle"	"2016"	1242	15	12	3	60	59	1	4
"K_4221 Valle"	"2017"	1246	7	18	-11	60	70	-10	-21
"K_4221 Valle"	"2018"	1225	11	16	-5	46	110	-64	-69
"K_4221 Valle"	"2019"	1156	10	7	3	53	50	3	8
"K_4221 Valle"	"2020"	1164	7	14	-7	51	39	12	5
"K_4221 Valle"	"2021"	1169	14	17	-3	71	68	3	0
"K_4221 Valle"	"2022"	1169	14	16	-2	72	59	13	11
"K_4221 Valle"	"2023"	1180	17	10	7	66	48	18	25
"K_4221 Valle"	"2024"	1205	..	..	..	..	..	..	..
"K_4222 Bykle"	"1951"	647	11	4	7	30	41	-11	-4
"K_4222 Bykle"	"1952"	643	13	2	11	27	65	-38	-27
"K_4222 Bykle"	"1953"	616	12	6	6	18	46	-28	-22
"K_4222 Bykle"	"1954"	594	9	2	7	22	37	-15	-8
"K_4222 Bykle"	"1955"	586	13	10	3	19	46	-27	2
"K_4222 Bykle"	"1956"	588	15	1	14	17	28	-11	3
"K_4222 Bykle"	"1957"	591	6	4	2	23	34	-11	-9
"K_4222 Bykle"	"1958"	582	11	2	9	26	32	-6	3
"K_4222 Bykle"	"1959"	585	5	4	1	21	18	3	4
"K_4222 Bykle"	"1960"	589	3	2	1	12	58	-46	-34
"K_4222 Bykle"	"1961"	555	6	7	-1	35	14	21	20
"K_4222 Bykle"	"1962"	575	6	9	-3	99	25	74	71
"K_4222 Bykle"	"1963"	646	6	1	5	40	32	8	13
"K_4222 Bykle"	"1964"	659	7	7	0	26	71	-45	-45
"K_4222 Bykle"	"1965"	614	3	11	-8	12	43	-31	-39
"K_4222 Bykle"	"1966"	575	7	7	0	26	49	-23	-30
"K_4222 Bykle"	"1967"	545	5	0	5	32	48	-16	-11
"K_4222 Bykle"	"1968"	534	4	4	0	32	55	-23	-27
"K_4222 Bykle"	"1969"	507	6	5	1	25	55	-30	-28
"K_4222 Bykle"	"1970"	479	2	8	-6	27	31	-4	-8
"K_4222 Bykle"	"1971"	471	2	8	-6	66	53	13	12
"K_4222 Bykle"	"1972"	483	7	8	-1	26	51	-25	-25
"K_4222 Bykle"	"1973"	458	5	3	2	52	28	24	25
"K_4222 Bykle"	"1974"	483	4	8	-4	56	51	5	2
"K_4222 Bykle"	"1975"	485	2	5	-3	106	57	49	37
"K_4222 Bykle"	"1976"	522	7	8	-1	77	76	1	0
"K_4222 Bykle"	"1977"	522	6	6	0	70	69	1	1
"K_4222 Bykle"	"1978"	523	9	7	2	93	32	61	63
"K_4222 Bykle"	"1979"	586	10	5	5	94	63	31	36
"K_4222 Bykle"	"1980"	622	9	4	5	143	52	91	90
"K_4222 Bykle"	"1981"	712	14	4	10	86	110	-24	-13
"K_4222 Bykle"	"1982"	699	10	7	3	53	105	-52	-49
"K_4222 Bykle"	"1983"	650	9	1	8	48	74	-26	-20
"K_4222 Bykle"	"1984"	630	9	0	9	85	73	12	24
"K_4222 Bykle"	"1985"	654	14	6	8	91	57	34	40
"K_4222 Bykle"	"1986"	694	14	11	3	89	80	9	12
"K_4222 Bykle"	"1987"	706	10	5	5	98	83	15	16
"K_4222 Bykle"	"1988"	722	8	8	0	69	65	4	7
"K_4222 Bykle"	"1989"	729	12	8	4	55	52	3	-1
"K_4222 Bykle"	"1990"	728	9	8	1	67	40	27	28
"K_4222 Bykle"	"1991"	756	13	10	3	82	73	9	12
"K_4222 Bykle"	"1992"	768	15	10	5	73	49	24	31
"K_4222 Bykle"	"1993"	799	12	13	-1	63	67	-4	-5
"K_4222 Bykle"	"1994"	794	9	9	0	94	64	30	28
"K_4222 Bykle"	"1995"	822	14	10	4	92	75	17	24
"K_4222 Bykle"	"1996"	846	15	7	8	76	68	8	16
"K_4222 Bykle"	"1997"	862	16	8	8	58	60	-2	5
"K_4222 Bykle"	"1998"	867	18	13	5	64	72	-8	-3
"K_4222 Bykle"	"1999"	864	13	11	2	145	143	2	4
"K_4222 Bykle"	"2000"	868	14	8	6	77	67	10	16
"K_4222 Bykle"	"2001"	884	7	13	-6	61	86	-25	-32
"K_4222 Bykle"	"2002"	852	8	2	6	77	88	-11	-4
"K_4222 Bykle"	"2003"	848	8	8	0	77	51	26	27
"K_4222 Bykle"	"2004"	875	8	7	1	42	61	-19	-18
"K_4222 Bykle"	"2005"	857	14	7	7	87	77	10	17
"K_4222 Bykle"	"2006"	874	9	9	0	84	58	26	28
"K_4222 Bykle"	"2007"	902	9	2	7	80	70	10	17
"K_4222 Bykle"	"2008"	919	11	8	3	87	44	43	46
"K_4222 Bykle"	"2009"	965	6	6	0	80	75	5	5
"K_4222 Bykle"	"2010"	970	9	5	4	76	63	13	19
"K_4222 Bykle"	"2011"	989	10	3	7	53	79	-26	-19
"K_4222 Bykle"	"2012"	970	12	8	4	55	100	-45	-41
"K_4222 Bykle"	"2013"	929	10	4	6	64	51	13	19
"K_4222 Bykle"	"2014"	948	9	11	-2	40	53	-13	-15
"K_4222 Bykle"	"2015"	933	10	4	6	72	66	6	12
"K_4222 Bykle"	"2016"	945	6	3	3	76	73	3	7
"K_4222 Bykle"	"2017"	952	11	4	7	70	70	0	6
"K_4222 Bykle"	"2018"	958	10	7	3	43	51	-8	-5
"K_4222 Bykle"	"2019"	953	8	7	1	72	61	11	12
"K_4222 Bykle"	"2020"	965	9	5	4	82	121	-39	-35
"K_4222 Bykle"	"2021"	930	9	7	2	86	80	6	5
"K_4222 Bykle"	"2022"	935	8	3	5	127	73	54	60
"K_4222 Bykle"	"2023"	995	14	7	7	108	99	9	16
"K_4222 Bykle"	"2024"	1011	..	..	..	..	..	..	..
"K_4223 Vennesla"	"1951"	6821	152	60	92	303	307	-4	88
"K_4223 Vennesla"	"1952"	6909	164	56	108	355	306	49	157
"K_4223 Vennesla"	"1953"	7066	154	55	99	375	304	71	170
"K_4223 Vennesla"	"1954"	7236	166	55	111	471	316	155	266
"K_4223 Vennesla"	"1955"	7502	210	61	149	498	421	77	275
"K_4223 Vennesla"	"1956"	7777	191	63	128	400	333	67	195
"K_4223 Vennesla"	"1957"	7972	197	49	148	388	403	-15	133
"K_4223 Vennesla"	"1958"	8105	204	60	144	393	368	25	169
"K_4223 Vennesla"	"1959"	8274	191	58	133	425	302	123	256
"K_4223 Vennesla"	"1960"	8530	196	56	140	542	511	31	135
"K_4223 Vennesla"	"1961"	8665	202	73	129	478	399	79	208
"K_4223 Vennesla"	"1962"	8873	194	71	123	403	374	29	152
"K_4223 Vennesla"	"1963"	9025	198	67	131	446	468	-22	109
"K_4223 Vennesla"	"1964"	9095	180	89	91	373	421	-48	43
"K_4223 Vennesla"	"1965"	9138	186	78	108	396	377	19	127
"K_4223 Vennesla"	"1966"	9265	231	72	159	343	330	13	161
"K_4223 Vennesla"	"1967"	9426	190	83	107	339	409	-70	37
"K_4223 Vennesla"	"1968"	9463	203	83	120	361	408	-47	73
"K_4223 Vennesla"	"1969"	9536	195	78	117	476	419	57	192
"K_4223 Vennesla"	"1970"	9728	200	80	120	549	543	6	116
"K_4223 Vennesla"	"1971"	9844	216	95	121	473	348	125	259
"K_4223 Vennesla"	"1972"	10103	189	97	92	415	411	4	97
"K_4223 Vennesla"	"1973"	10200	183	106	77	424	380	44	121
"K_4223 Vennesla"	"1974"	10321	183	98	85	464	396	68	152
"K_4223 Vennesla"	"1975"	10473	179	72	107	446	380	66	176
"K_4223 Vennesla"	"1976"	10649	172	87	85	379	497	-118	-33
"K_4223 Vennesla"	"1977"	10616	148	89	59	380	490	-110	-46
"K_4223 Vennesla"	"1978"	10560	135	96	39	384	402	-18	22
"K_4223 Vennesla"	"1979"	10582	170	118	52	508	399	109	162
"K_4223 Vennesla"	"1980"	10744	148	93	55	526	421	105	159
"K_4223 Vennesla"	"1981"	10903	181	83	98	423	477	-54	49
"K_4223 Vennesla"	"1982"	10952	160	93	67	425	436	-11	57
"K_4223 Vennesla"	"1983"	11009	152	83	69	430	428	2	70
"K_4223 Vennesla"	"1984"	11079	164	99	65	370	421	-51	13
"K_4223 Vennesla"	"1985"	11092	156	105	51	437	488	-51	-8
"K_4223 Vennesla"	"1986"	11084	150	93	57	425	415	10	67
"K_4223 Vennesla"	"1987"	11151	170	110	60	536	414	122	183
"K_4223 Vennesla"	"1988"	11334	177	116	61	477	438	39	102
"K_4223 Vennesla"	"1989"	11436	191	125	66	490	471	19	81
"K_4223 Vennesla"	"1990"	11517	170	99	71	422	457	-35	35
"K_4223 Vennesla"	"1991"	11552	193	102	91	382	445	-63	35
"K_4223 Vennesla"	"1992"	11587	166	118	48	411	401	10	58
"K_4223 Vennesla"	"1993"	11645	198	103	95	441	424	17	107
"K_4223 Vennesla"	"1994"	11752	173	92	81	348	476	-128	-46
"K_4223 Vennesla"	"1995"	11706	182	99	83	449	441	8	92
"K_4223 Vennesla"	"1996"	11798	187	94	93	381	436	-55	37
"K_4223 Vennesla"	"1997"	11835	175	93	82	498	462	36	116
"K_4223 Vennesla"	"1998"	11951	204	106	98	444	501	-57	42
"K_4223 Vennesla"	"1999"	11993	184	102	82	504	438	66	148
"K_4223 Vennesla"	"2000"	12141	166	106	60	486	467	19	79
"K_4223 Vennesla"	"2001"	12220	154	108	46	516	528	-12	35
"K_4223 Vennesla"	"2002"	12255	151	74	77	570	555	15	91
"K_4223 Vennesla"	"2003"	12346	132	80	52	451	494	-43	10
"K_4223 Vennesla"	"2004"	12356	142	106	36	527	492	35	71
"K_4223 Vennesla"	"2005"	12427	160	103	57	542	510	32	86
"K_4223 Vennesla"	"2006"	12513	166	90	76	477	509	-32	42
"K_4223 Vennesla"	"2007"	12555	167	90	77	648	504	144	221
"K_4223 Vennesla"	"2008"	12776	163	105	58	568	517	51	110
"K_4223 Vennesla"	"2009"	12886	204	105	99	637	508	129	230
"K_4223 Vennesla"	"2010"	13116	193	119	74	717	573	144	218
"K_4223 Vennesla"	"2011"	13334	188	120	68	782	603	179	249
"K_4223 Vennesla"	"2012"	13583	210	109	101	679	607	72	173
"K_4223 Vennesla"	"2013"	13756	191	101	90	752	612	140	230
"K_4223 Vennesla"	"2014"	13986	186	111	75	698	665	33	109
"K_4223 Vennesla"	"2015"	14095	177	100	77	755	620	135	213
"K_4223 Vennesla"	"2016"	14308	176	102	74	712	669	43	117
"K_4223 Vennesla"	"2017"	14425	190	116	74	733	699	34	107
"K_4223 Vennesla"	"2018"	14532	158	106	52	683	637	46	98
"K_4223 Vennesla"	"2019"	14630	152	93	59	718	632	86	144
"K_4223 Vennesla"	"2020"	14774	163	95	68	722	630	92	161
"K_4223 Vennesla"	"2021"	14935	179	102	77	781	670	111	188
"K_4223 Vennesla"	"2022"	15123	165	101	64	769	661	108	171
"K_4223 Vennesla"	"2023"	15294	147	130	17	830	695	135	158
"K_4223 Vennesla"	"2024"	15452	..	..	..	..	..	..	..
"K_4224 Åseral"	"1951"	1154	14	12	2	35	25	10	12
"K_4224 Åseral"	"1952"	1166	11	11	0	18	29	-11	-11
"K_4224 Åseral"	"1953"	1155	18	9	9	25	47	-22	-13
"K_4224 Åseral"	"1954"	1142	20	8	12	18	53	-35	-23
"K_4224 Åseral"	"1955"	1119	20	10	10	27	35	-8	16
"K_4224 Åseral"	"1956"	1135	22	18	4	20	55	-35	-31
"K_4224 Åseral"	"1957"	1104	13	14	-1	24	58	-34	-35
"K_4224 Åseral"	"1958"	1069	15	13	2	22	37	-15	-13
"K_4224 Åseral"	"1959"	1056	13	12	1	17	56	-39	-38
"K_4224 Åseral"	"1960"	1018	14	17	-3	55	73	-18	-11
"K_4224 Åseral"	"1961"	1007	17	18	-1	45	46	-1	-2
"K_4224 Åseral"	"1962"	1005	20	17	3	34	50	-16	-13
"K_4224 Åseral"	"1963"	992	21	14	7	16	44	-28	-21
"K_4224 Åseral"	"1964"	971	15	11	4	18	40	-22	-18
"K_4224 Åseral"	"1965"	953	18	14	4	34	29	5	9
"K_4224 Åseral"	"1966"	962	11	10	1	47	53	-6	51
"K_4224 Åseral"	"1967"	1013	17	11	6	35	32	3	9
"K_4224 Åseral"	"1968"	1022	14	20	-6	34	22	12	8
"K_4224 Åseral"	"1969"	1030	10	15	-5	28	43	-15	-21
"K_4224 Åseral"	"1970"	1009	12	16	-4	47	108	-61	-119
"K_4224 Åseral"	"1971"	890	9	19	-10	40	23	17	10
"K_4224 Åseral"	"1972"	900	4	20	-16	14	28	-14	-33
"K_4224 Åseral"	"1973"	867	4	13	-9	34	25	9	-2
"K_4224 Åseral"	"1974"	865	9	15	-6	36	34	2	-3
"K_4224 Åseral"	"1975"	862	6	16	-10	24	33	-9	-20
"K_4224 Åseral"	"1976"	842	11	17	-6	24	25	-1	-7
"K_4224 Åseral"	"1977"	835	1	12	-11	32	28	4	-7
"K_4224 Åseral"	"1978"	828	4	13	-9	27	25	2	-7
"K_4224 Åseral"	"1979"	821	5	14	-9	46	25	21	12
"K_4224 Åseral"	"1980"	833	11	16	-5	32	33	-1	-6
"K_4224 Åseral"	"1981"	827	9	12	-3	47	32	15	12
"K_4224 Åseral"	"1982"	839	12	15	-3	47	33	14	11
"K_4224 Åseral"	"1983"	850	16	14	2	21	34	-13	-13
"K_4224 Åseral"	"1984"	837	11	13	-2	33	27	6	4
"K_4224 Åseral"	"1985"	841	6	16	-10	25	38	-13	-24
"K_4224 Åseral"	"1986"	817	12	15	-3	27	38	-11	-13
"K_4224 Åseral"	"1987"	804	7	7	0	40	33	7	7
"K_4224 Åseral"	"1988"	811	7	10	-3	31	32	-1	-4
"K_4224 Åseral"	"1989"	807	15	16	-1	19	18	1	1
"K_4224 Åseral"	"1990"	808	6	8	-2	19	13	6	4
"K_4224 Åseral"	"1991"	812	11	5	6	26	25	1	7
"K_4224 Åseral"	"1992"	819	14	12	2	25	17	8	10
"K_4224 Åseral"	"1993"	829	16	17	-1	25	21	4	2
"K_4224 Åseral"	"1994"	831	18	16	2	23	22	1	3
"K_4224 Åseral"	"1995"	834	14	15	-1	37	25	12	12
"K_4224 Åseral"	"1996"	846	16	16	0	27	23	4	3
"K_4224 Åseral"	"1997"	849	15	15	0	45	30	15	15
"K_4224 Åseral"	"1998"	864	18	11	7	43	26	17	24
"K_4224 Åseral"	"1999"	888	17	14	3	22	35	-13	-10
"K_4224 Åseral"	"2000"	878	9	20	-11	25	25	0	-11
"K_4224 Åseral"	"2001"	867	23	15	8	59	32	27	35
"K_4224 Åseral"	"2002"	902	7	9	-2	43	36	7	4
"K_4224 Åseral"	"2003"	906	14	6	8	35	35	0	8
"K_4224 Åseral"	"2004"	914	14	12	2	21	31	-10	-7
"K_4224 Åseral"	"2005"	907	8	11	-3	26	36	-10	-13
"K_4224 Åseral"	"2006"	894	10	6	4	19	24	-5	-1
"K_4224 Åseral"	"2007"	893	7	6	1	37	26	11	12
"K_4224 Åseral"	"2008"	905	10	18	-8	45	28	17	9
"K_4224 Åseral"	"2009"	914	10	15	-5	48	34	14	3
"K_4224 Åseral"	"2010"	917	11	14	-3	23	25	-2	-5
"K_4224 Åseral"	"2011"	912	11	9	2	44	46	-2	0
"K_4224 Åseral"	"2012"	912	9	14	-5	40	35	5	0
"K_4224 Åseral"	"2013"	912	5	10	-5	38	22	16	11
"K_4224 Åseral"	"2014"	923	15	6	9	26	33	-7	2
"K_4224 Åseral"	"2015"	925	10	7	3	35	21	14	17
"K_4224 Åseral"	"2016"	942	9	10	-1	30	34	-4	-5
"K_4224 Åseral"	"2017"	937	8	7	1	35	30	5	6
"K_4224 Åseral"	"2018"	943	3	7	-4	33	33	0	-4
"K_4224 Åseral"	"2019"	939	12	8	4	23	34	-11	-7
"K_4224 Åseral"	"2020"	932	7	8	-1	23	27	-4	-5
"K_4224 Åseral"	"2021"	927	8	7	1	35	51	-16	-15
"K_4224 Åseral"	"2022"	912	7	7	0	40	41	-1	-1
"K_4224 Åseral"	"2023"	911	7	9	-2	58	44	14	12
"K_4224 Åseral"	"2024"	923	..	..	..	..	..	..	..
"K_4225 Lyngdal"	"1951"	5719	111	65	46	241	302	-61	-15
"K_4225 Lyngdal"	"1952"	5704	113	66	47	199	294	-95	-48
"K_4225 Lyngdal"	"1953"	5656	112	65	47	266	322	-56	-9
"K_4225 Lyngdal"	"1954"	5647	101	67	34	248	285	-37	-3
"K_4225 Lyngdal"	"1955"	5644	104	61	43	228	380	-152	-105
"K_4225 Lyngdal"	"1956"	5539	108	59	49	293	331	-38	11
"K_4225 Lyngdal"	"1957"	5550	86	70	16	257	337	-80	-64
"K_4225 Lyngdal"	"1958"	5486	97	66	31	235	314	-79	-48
"K_4225 Lyngdal"	"1959"	5438	76	67	9	294	273	21	30
"K_4225 Lyngdal"	"1960"	5468	86	67	19	298	339	-41	64
"K_4225 Lyngdal"	"1961"	5532	80	61	19	217	316	-99	-80
"K_4225 Lyngdal"	"1962"	5452	73	65	8	249	261	-12	-4
"K_4225 Lyngdal"	"1963"	5551	77	55	22	323	247	76	98
"K_4225 Lyngdal"	"1964"	5745	84	62	22	219	303	-84	-62
"K_4225 Lyngdal"	"1965"	5683	68	68	0	267	249	18	18
"K_4225 Lyngdal"	"1966"	5701	85	88	-3	279	273	6	9
"K_4225 Lyngdal"	"1967"	5710	91	68	23	291	253	38	61
"K_4225 Lyngdal"	"1968"	5771	83	70	13	311	304	7	21
"K_4225 Lyngdal"	"1969"	5792	96	68	28	352	232	120	147
"K_4225 Lyngdal"	"1970"	5939	110	78	32	406	363	43	70
"K_4225 Lyngdal"	"1971"	5988	87	84	3	388	238	150	168
"K_4225 Lyngdal"	"1972"	6156	115	75	40	372	224	148	189
"K_4225 Lyngdal"	"1973"	6345	132	75	57	432	245	187	239
"K_4225 Lyngdal"	"1974"	6584	124	59	65	397	294	103	165
"K_4225 Lyngdal"	"1975"	6749	113	65	48	433	290	143	197
"K_4225 Lyngdal"	"1976"	6946	119	83	36	367	263	104	139
"K_4225 Lyngdal"	"1977"	7085	113	99	14	545	287	258	276
"K_4225 Lyngdal"	"1978"	7361	132	77	55	480	361	119	175
"K_4225 Lyngdal"	"1979"	7536	143	71	72	406	294	112	184
"K_4225 Lyngdal"	"1980"	7720	151	81	70	392	342	50	118
"K_4225 Lyngdal"	"1981"	7838	149	98	51	415	352	63	116
"K_4225 Lyngdal"	"1982"	7954	128	74	54	293	297	-4	51
"K_4225 Lyngdal"	"1983"	8005	114	78	36	349	312	37	75
"K_4225 Lyngdal"	"1984"	8080	124	79	45	328	319	9	52
"K_4225 Lyngdal"	"1985"	8132	124	96	28	309	341	-32	-14
"K_4225 Lyngdal"	"1986"	8118	108	79	29	345	291	54	83
"K_4225 Lyngdal"	"1987"	8201	127	79	48	366	361	5	51
"K_4225 Lyngdal"	"1988"	8252	139	78	61	346	300	46	109
"K_4225 Lyngdal"	"1989"	8361	114	90	24	235	327	-92	-71
"K_4225 Lyngdal"	"1990"	8290	124	82	42	297	295	2	42
"K_4225 Lyngdal"	"1991"	8332	117	81	36	241	317	-76	-40
"K_4225 Lyngdal"	"1992"	8292	127	89	38	323	287	36	73
"K_4225 Lyngdal"	"1993"	8365	113	96	17	396	336	60	79
"K_4225 Lyngdal"	"1994"	8444	111	87	24	298	329	-31	-6
"K_4225 Lyngdal"	"1995"	8438	114	80	34	282	292	-10	25
"K_4225 Lyngdal"	"1996"	8463	124	86	38	356	312	44	83
"K_4225 Lyngdal"	"1997"	8546	126	89	37	261	350	-89	-52
"K_4225 Lyngdal"	"1998"	8494	120	101	19	359	313	46	64
"K_4225 Lyngdal"	"1999"	8558	122	85	37	387	388	-1	36
"K_4225 Lyngdal"	"2000"	8594	125	76	49	424	366	58	106
"K_4225 Lyngdal"	"2001"	8700	122	72	50	381	383	-2	46
"K_4225 Lyngdal"	"2002"	8746	116	85	31	344	398	-54	-21
"K_4225 Lyngdal"	"2003"	8725	122	80	42	334	315	19	59
"K_4225 Lyngdal"	"2004"	8784	127	84	43	331	344	-13	35
"K_4225 Lyngdal"	"2005"	8819	111	74	37	405	408	-3	33
"K_4225 Lyngdal"	"2006"	8852	123	84	39	423	350	73	111
"K_4225 Lyngdal"	"2007"	8963	134	78	56	492	367	125	183
"K_4225 Lyngdal"	"2008"	9146	126	73	53	483	410	73	120
"K_4225 Lyngdal"	"2009"	9266	132	75	57	471	391	80	143
"K_4225 Lyngdal"	"2010"	9409	125	82	43	425	400	25	66
"K_4225 Lyngdal"	"2011"	9475	114	78	36	458	385	73	109
"K_4225 Lyngdal"	"2012"	9584	123	90	33	516	396	120	155
"K_4225 Lyngdal"	"2013"	9739	141	93	48	440	379	61	106
"K_4225 Lyngdal"	"2014"	9845	136	72	64	544	372	172	240
"K_4225 Lyngdal"	"2015"	10085	138	68	70	573	478	95	162
"K_4225 Lyngdal"	"2016"	10247	127	70	57	565	516	49	106
"K_4225 Lyngdal"	"2017"	10353	130	76	54	502	552	-50	4
"K_4225 Lyngdal"	"2018"	10357	116	83	33	488	489	-1	32
"K_4225 Lyngdal"	"2019"	10389	130	80	50	425	499	-74	-24
"K_4225 Lyngdal"	"2020"	10365	106	79	27	543	466	77	99
"K_4225 Lyngdal"	"2021"	10464	107	75	32	451	470	-19	16
"K_4225 Lyngdal"	"2022"	10480	101	90	11	1109	848	261	271
"K_4225 Lyngdal"	"2023"	10751	90	79	11	1317	1245	72	84
"K_4225 Lyngdal"	"2024"	10835	..	..	..	..	..	..	..
"K_4226 Hægebostad"	"1951"	1866	39	29	10	66	92	-26	-16
"K_4226 Hægebostad"	"1952"	1850	31	17	14	68	100	-32	-18
"K_4226 Hægebostad"	"1953"	1832	35	18	17	73	134	-61	-44
"K_4226 Hægebostad"	"1954"	1788	29	16	13	69	122	-53	-40
"K_4226 Hægebostad"	"1955"	1748	40	16	24	89	123	-34	-17
"K_4226 Hægebostad"	"1956"	1731	33	16	17	63	105	-42	-25
"K_4226 Hægebostad"	"1957"	1706	9	22	-13	70	95	-25	-38
"K_4226 Hægebostad"	"1958"	1668	24	19	5	53	89	-36	-31
"K_4226 Hægebostad"	"1959"	1637	28	21	7	72	77	-5	2
"K_4226 Hægebostad"	"1960"	1639	25	11	14	89	112	-23	-3
"K_4226 Hægebostad"	"1961"	1636	27	18	9	64	74	-10	-1
"K_4226 Hægebostad"	"1962"	1635	24	16	8	90	136	-46	-38
"K_4226 Hægebostad"	"1963"	1597	21	14	7	87	124	-37	-30
"K_4226 Hægebostad"	"1964"	1567	35	20	15	88	89	-1	14
"K_4226 Hægebostad"	"1965"	1581	24	21	3	64	79	-15	-12
"K_4226 Hægebostad"	"1966"	1569	26	17	9	70	90	-20	-20
"K_4226 Hægebostad"	"1967"	1549	23	18	5	71	131	-60	-55
"K_4226 Hægebostad"	"1968"	1494	28	11	17	61	72	-11	9
"K_4226 Hægebostad"	"1969"	1503	18	17	1	91	82	9	10
"K_4226 Hægebostad"	"1970"	1513	29	23	6	89	103	-14	-11
"K_4226 Hægebostad"	"1971"	1502	19	20	-1	84	79	5	5
"K_4226 Hægebostad"	"1972"	1507	26	21	5	61	84	-23	-17
"K_4226 Hægebostad"	"1973"	1490	26	20	6	76	86	-10	-4
"K_4226 Hægebostad"	"1974"	1486	26	13	13	61	72	-11	2
"K_4226 Hægebostad"	"1975"	1488	34	21	13	58	48	10	23
"K_4226 Hægebostad"	"1976"	1511	27	21	6	51	31	20	26
"K_4226 Hægebostad"	"1977"	1537	18	20	-2	33	25	8	6
"K_4226 Hægebostad"	"1978"	1543	21	26	-5	44	48	-4	-9
"K_4226 Hægebostad"	"1979"	1534	23	20	3	38	22	16	18
"K_4226 Hægebostad"	"1980"	1552	23	21	2	58	39	19	22
"K_4226 Hægebostad"	"1981"	1574	14	18	-4	45	32	13	10
"K_4226 Hægebostad"	"1982"	1584	22	16	6	66	47	19	25
"K_4226 Hægebostad"	"1983"	1609	19	19	0	57	47	10	10
"K_4226 Hægebostad"	"1984"	1619	21	21	0	51	49	2	2
"K_4226 Hægebostad"	"1985"	1621	18	22	-4	37	54	-17	-17
"K_4226 Hægebostad"	"1986"	1604	30	19	11	49	58	-9	2
"K_4226 Hægebostad"	"1987"	1606	21	16	5	41	61	-20	-14
"K_4226 Hægebostad"	"1988"	1592	24	36	-12	39	59	-20	-35
"K_4226 Hægebostad"	"1989"	1557	16	27	-11	39	45	-6	-16
"K_4226 Hægebostad"	"1990"	1541	18	16	2	34	42	-8	-6
"K_4226 Hægebostad"	"1991"	1535	21	18	3	45	24	21	24
"K_4226 Hægebostad"	"1992"	1559	16	21	-5	34	49	-15	-19
"K_4226 Hægebostad"	"1993"	1540	21	23	-2	117	30	87	85
"K_4226 Hægebostad"	"1994"	1625	26	19	7	47	101	-54	-47
"K_4226 Hægebostad"	"1995"	1578	18	23	-5	39	28	11	6
"K_4226 Hægebostad"	"1996"	1584	24	24	0	38	54	-16	-16
"K_4226 Hægebostad"	"1997"	1568	22	19	3	56	55	1	4
"K_4226 Hægebostad"	"1998"	1572	18	20	-2	53	46	7	5
"K_4226 Hægebostad"	"1999"	1577	19	22	-3	121	73	48	44
"K_4226 Hægebostad"	"2000"	1621	27	26	1	138	116	22	22
"K_4226 Hægebostad"	"2001"	1643	21	22	-1	63	102	-39	-41
"K_4226 Hægebostad"	"2002"	1602	20	23	-3	66	43	23	20
"K_4226 Hægebostad"	"2003"	1622	28	23	5	77	87	-10	-6
"K_4226 Hægebostad"	"2004"	1616	26	15	11	52	83	-31	-22
"K_4226 Hægebostad"	"2005"	1594	22	18	4	39	54	-15	-11
"K_4226 Hægebostad"	"2006"	1583	24	14	10	53	47	6	16
"K_4226 Hægebostad"	"2007"	1599	22	17	5	55	62	-7	-2
"K_4226 Hægebostad"	"2008"	1597	14	13	1	71	49	22	23
"K_4226 Hægebostad"	"2009"	1620	17	23	-6	63	53	10	4
"K_4226 Hægebostad"	"2010"	1624	16	9	7	58	50	8	15
"K_4226 Hægebostad"	"2011"	1639	24	18	6	65	45	20	26
"K_4226 Hægebostad"	"2012"	1665	27	11	16	55	67	-12	4
"K_4226 Hægebostad"	"2013"	1669	26	10	16	69	64	5	21
"K_4226 Hægebostad"	"2014"	1690	20	15	5	59	61	-2	3
"K_4226 Hægebostad"	"2015"	1693	25	13	12	69	72	-3	9
"K_4226 Hægebostad"	"2016"	1702	26	9	17	67	84	-17	0
"K_4226 Hægebostad"	"2017"	1702	21	16	5	50	58	-8	-3
"K_4226 Hægebostad"	"2018"	1699	17	19	-2	44	58	-14	-16
"K_4226 Hægebostad"	"2019"	1683	16	18	-2	43	44	-1	-3
"K_4226 Hægebostad"	"2020"	1680	19	10	9	61	61	0	10
"K_4226 Hægebostad"	"2021"	1690	19	10	9	51	45	6	14
"K_4226 Hægebostad"	"2022"	1704	20	20	0	98	52	46	46
"K_4226 Hægebostad"	"2023"	1750	21	17	4	84	62	22	26
"K_4226 Hægebostad"	"2024"	1776	..	..	..	..	..	..	..
"K_4227 Kvinesdal"	"1951"	5494	101	53	48	230	281	-51	-3
"K_4227 Kvinesdal"	"1952"	5491	116	46	70	233	248	-15	55
"K_4227 Kvinesdal"	"1953"	5546	107	49	58	234	322	-88	-30
"K_4227 Kvinesdal"	"1954"	5516	84	44	40	196	247	-51	-11
"K_4227 Kvinesdal"	"1955"	5505	88	54	34	215	297	-82	-30
"K_4227 Kvinesdal"	"1956"	5475	78	59	19	279	282	-3	16
"K_4227 Kvinesdal"	"1957"	5491	97	44	53	257	351	-94	-41
"K_4227 Kvinesdal"	"1958"	5450	82	46	36	244	303	-59	-23
"K_4227 Kvinesdal"	"1959"	5427	74	44	30	199	287	-88	-58
"K_4227 Kvinesdal"	"1960"	5369	79	44	35	296	276	20	-312
"K_4227 Kvinesdal"	"1961"	5057	98	62	36	208	280	-72	-36
"K_4227 Kvinesdal"	"1962"	5021	78	58	20	264	267	-3	17
"K_4227 Kvinesdal"	"1963"	5038	100	66	34	254	199	55	89
"K_4227 Kvinesdal"	"1964"	5127	84	45	39	182	216	-34	5
"K_4227 Kvinesdal"	"1965"	5132	88	64	24	267	232	35	59
"K_4227 Kvinesdal"	"1966"	5191	79	58	21	286	239	47	39
"K_4227 Kvinesdal"	"1967"	5230	88	60	28	332	260	72	100
"K_4227 Kvinesdal"	"1968"	5330	103	72	31	324	280	44	75
"K_4227 Kvinesdal"	"1969"	5405	99	76	23	292	346	-54	-39
"K_4227 Kvinesdal"	"1970"	5366	66	54	12	353	498	-145	-125
"K_4227 Kvinesdal"	"1971"	5241	102	65	37	372	271	101	133
"K_4227 Kvinesdal"	"1972"	5374	72	62	10	347	335	12	40
"K_4227 Kvinesdal"	"1973"	5414	95	69	26	320	438	-118	-90
"K_4227 Kvinesdal"	"1974"	5324	97	68	29	327	257	70	97
"K_4227 Kvinesdal"	"1975"	5421	89	54	35	260	282	-22	11
"K_4227 Kvinesdal"	"1976"	5432	90	59	31	246	241	5	36
"K_4227 Kvinesdal"	"1977"	5468	67	57	10	241	209	32	41
"K_4227 Kvinesdal"	"1978"	5509	94	63	31	218	216	2	33
"K_4227 Kvinesdal"	"1979"	5542	93	67	26	211	171	40	67
"K_4227 Kvinesdal"	"1980"	5609	68	69	-1	195	163	32	33
"K_4227 Kvinesdal"	"1981"	5642	74	49	25	171	142	29	52
"K_4227 Kvinesdal"	"1982"	5694	83	54	29	195	193	2	30
"K_4227 Kvinesdal"	"1983"	5724	63	52	11	173	210	-37	-26
"K_4227 Kvinesdal"	"1984"	5698	69	69	0	172	156	16	15
"K_4227 Kvinesdal"	"1985"	5713	72	86	-14	160	182	-22	-36
"K_4227 Kvinesdal"	"1986"	5677	72	65	7	203	213	-10	-6
"K_4227 Kvinesdal"	"1987"	5671	84	66	18	175	232	-57	-38
"K_4227 Kvinesdal"	"1988"	5633	84	66	18	193	189	4	19
"K_4227 Kvinesdal"	"1989"	5652	84	55	29	153	168	-15	14
"K_4227 Kvinesdal"	"1990"	5666	96	73	23	159	186	-27	-2
"K_4227 Kvinesdal"	"1991"	5664	86	57	29	206	208	-2	30
"K_4227 Kvinesdal"	"1992"	5694	95	58	37	200	183	17	50
"K_4227 Kvinesdal"	"1993"	5744	79	63	16	154	190	-36	-18
"K_4227 Kvinesdal"	"1994"	5726	84	67	17	205	179	26	42
"K_4227 Kvinesdal"	"1995"	5768	84	67	17	143	224	-81	-55
"K_4227 Kvinesdal"	"1996"	5713	67	69	-2	146	198	-52	-56
"K_4227 Kvinesdal"	"1997"	5657	72	67	5	202	250	-48	-44
"K_4227 Kvinesdal"	"1998"	5613	62	78	-16	171	207	-36	-51
"K_4227 Kvinesdal"	"1999"	5562	70	63	7	159	173	-14	-8
"K_4227 Kvinesdal"	"2000"	5554	69	65	4	158	171	-13	-7
"K_4227 Kvinesdal"	"2001"	5547	69	68	1	165	183	-18	-17
"K_4227 Kvinesdal"	"2002"	5530	73	64	9	187	144	43	48
"K_4227 Kvinesdal"	"2003"	5578	50	53	-3	151	179	-28	-31
"K_4227 Kvinesdal"	"2004"	5547	78	58	20	190	175	15	35
"K_4227 Kvinesdal"	"2005"	5582	62	59	3	178	199	-21	-18
"K_4227 Kvinesdal"	"2006"	5564	60	48	12	170	150	20	31
"K_4227 Kvinesdal"	"2007"	5595	68	45	23	177	165	12	34
"K_4227 Kvinesdal"	"2008"	5629	77	63	14	196	149	47	61
"K_4227 Kvinesdal"	"2009"	5690	74	52	22	216	154	62	86
"K_4227 Kvinesdal"	"2010"	5776	81	49	32	217	211	6	40
"K_4227 Kvinesdal"	"2011"	5816	62	68	-6	214	189	25	18
"K_4227 Kvinesdal"	"2012"	5834	88	70	18	252	206	46	65
"K_4227 Kvinesdal"	"2013"	5899	61	59	2	195	212	-17	-8
"K_4227 Kvinesdal"	"2014"	5891	57	48	9	229	182	47	57
"K_4227 Kvinesdal"	"2015"	5948	74	46	28	288	285	3	33
"K_4227 Kvinesdal"	"2016"	5981	78	69	9	267	269	-2	7
"K_4227 Kvinesdal"	"2017"	5988	52	60	-8	264	222	42	36
"K_4227 Kvinesdal"	"2018"	6024	65	54	11	215	202	13	24
"K_4227 Kvinesdal"	"2019"	6048	56	60	-4	165	223	-58	-61
"K_4227 Kvinesdal"	"2020"	5987	54	53	1	176	245	-69	-65
"K_4227 Kvinesdal"	"2021"	5922	53	54	-1	194	230	-36	-39
"K_4227 Kvinesdal"	"2022"	5883	57	45	12	390	262	128	141
"K_4227 Kvinesdal"	"2023"	6024	58	48	10	437	281	156	168
"K_4227 Kvinesdal"	"2024"	6192	..	..	..	..	..	..	..
"K_4228 Sirdal"	"1951"	1278	26	9	17	..	..	..	-32
"K_4228 Sirdal"	"1952"	1246	19	10	9	..	..	..	-2
"K_4228 Sirdal"	"1953"	1244	20	10	10	..	..	..	-8
"K_4228 Sirdal"	"1954"	1236	19	16	3	..	..	..	-1
"K_4228 Sirdal"	"1955"	1235	20	12	8	..	..	..	0
"K_4228 Sirdal"	"1956"	1235	12	10	2	..	..	..	-25
"K_4228 Sirdal"	"1957"	1210	20	17	3	..	..	..	-5
"K_4228 Sirdal"	"1958"	1205	18	19	-1	30	36	-6	-7
"K_4228 Sirdal"	"1959"	1198	20	18	2	55	55	0	2
"K_4228 Sirdal"	"1960"	1426	27	25	2	72	68	4	20
"K_4228 Sirdal"	"1961"	1446	15	13	2	101	64	37	39
"K_4228 Sirdal"	"1962"	1485	17	17	0	51	35	16	16
"K_4228 Sirdal"	"1963"	1501	11	14	-3	60	54	6	3
"K_4228 Sirdal"	"1964"	1504	25	16	9	50	47	3	12
"K_4228 Sirdal"	"1965"	1516	14	18	-4	125	44	81	77
"K_4228 Sirdal"	"1966"	1593	32	9	23	113	63	50	52
"K_4228 Sirdal"	"1967"	1645	35	16	19	82	65	17	36
"K_4228 Sirdal"	"1968"	1681	24	19	5	162	111	51	65
"K_4228 Sirdal"	"1969"	1746	30	21	9	126	125	1	15
"K_4228 Sirdal"	"1970"	1761	31	15	16	146	162	-16	1
"K_4228 Sirdal"	"1971"	1762	29	23	6	76	114	-38	-28
"K_4228 Sirdal"	"1972"	1734	20	24	-4	60	96	-36	-40
"K_4228 Sirdal"	"1973"	1694	27	35	-8	72	85	-13	-20
"K_4228 Sirdal"	"1974"	1674	23	20	3	89	78	11	15
"K_4228 Sirdal"	"1975"	1689	23	30	-7	94	90	4	-2
"K_4228 Sirdal"	"1976"	1687	24	23	1	71	90	-19	-18
"K_4228 Sirdal"	"1977"	1669	26	25	1	84	70	14	15
"K_4228 Sirdal"	"1978"	1684	20	26	-6	65	85	-20	-26
"K_4228 Sirdal"	"1979"	1658	29	27	2	58	73	-15	-13
"K_4228 Sirdal"	"1980"	1645	19	23	-4	68	59	9	5
"K_4228 Sirdal"	"1981"	1650	25	24	1	65	81	-16	-15
"K_4228 Sirdal"	"1982"	1635	19	20	-1	49	60	-11	-12
"K_4228 Sirdal"	"1983"	1623	20	22	-2	51	59	-8	-10
"K_4228 Sirdal"	"1984"	1613	25	17	8	47	39	8	16
"K_4228 Sirdal"	"1985"	1629	21	24	-3	44	46	-2	-5
"K_4228 Sirdal"	"1986"	1624	21	18	3	55	43	12	54
"K_4228 Sirdal"	"1987"	1678	32	22	10	75	67	8	17
"K_4228 Sirdal"	"1988"	1695	17	22	-5	81	75	6	0
"K_4228 Sirdal"	"1989"	1695	37	15	22	98	92	6	31
"K_4228 Sirdal"	"1990"	1726	29	32	-3	67	86	-19	-22
"K_4228 Sirdal"	"1991"	1704	24	19	5	83	67	16	24
"K_4228 Sirdal"	"1992"	1728	20	24	-4	68	65	3	-3
"K_4228 Sirdal"	"1993"	1725	22	18	4	75	74	1	4
"K_4228 Sirdal"	"1994"	1729	25	17	8	93	97	-4	3
"K_4228 Sirdal"	"1995"	1732	20	21	-1	72	71	1	-1
"K_4228 Sirdal"	"1996"	1731	29	20	9	84	71	13	22
"K_4228 Sirdal"	"1997"	1753	17	23	-6	76	85	-9	-16
"K_4228 Sirdal"	"1998"	1737	22	26	-4	71	65	6	1
"K_4228 Sirdal"	"1999"	1738	24	20	4	63	71	-8	-4
"K_4228 Sirdal"	"2000"	1734	22	20	2	66	65	1	3
"K_4228 Sirdal"	"2001"	1737	30	23	7	85	71	14	21
"K_4228 Sirdal"	"2002"	1758	21	18	3	97	72	25	28
"K_4228 Sirdal"	"2003"	1786	17	20	-3	63	79	-16	-20
"K_4228 Sirdal"	"2004"	1766	30	24	6	63	75	-12	-6
"K_4228 Sirdal"	"2005"	1760	17	23	-6	80	94	-14	-20
"K_4228 Sirdal"	"2006"	1740	16	21	-5	68	65	3	-3
"K_4228 Sirdal"	"2007"	1737	14	30	-16	104	68	36	20
"K_4228 Sirdal"	"2008"	1757	20	24	-4	57	71	-14	-18
"K_4228 Sirdal"	"2009"	1739	25	17	8	119	76	43	51
"K_4228 Sirdal"	"2010"	1790	29	25	4	92	95	-3	1
"K_4228 Sirdal"	"2011"	1791	22	17	5	113	93	20	25
"K_4228 Sirdal"	"2012"	1816	28	23	5	81	71	10	15
"K_4228 Sirdal"	"2013"	1831	21	18	3	76	80	-4	0
"K_4228 Sirdal"	"2014"	1831	19	13	6	64	63	1	7
"K_4228 Sirdal"	"2015"	1838	22	16	6	55	69	-14	-6
"K_4228 Sirdal"	"2016"	1832	15	16	-1	83	78	5	4
"K_4228 Sirdal"	"2017"	1836	20	14	6	75	76	-1	6
"K_4228 Sirdal"	"2018"	1842	18	21	-3	66	66	0	-3
"K_4228 Sirdal"	"2019"	1839	18	13	5	46	68	-22	-17
"K_4228 Sirdal"	"2020"	1822	10	20	-10	69	108	-39	-50
"K_4228 Sirdal"	"2021"	1772	21	12	9	89	61	28	38
"K_4228 Sirdal"	"2022"	1810	10	23	-13	111	71	40	27
"K_4228 Sirdal"	"2023"	1837	16	14	2	106	71	35	36
"K_4228 Sirdal"	"2024"	1873	..	..	..	..	..	..	..
"K_1101 Eigersund"	"1951"	8481	187	71	116	379	395	-16	100
"K_1101 Eigersund"	"1952"	8581	176	76	100	453	461	-8	92
"K_1101 Eigersund"	"1953"	8673	185	64	121	431	476	-45	76
"K_1101 Eigersund"	"1954"	8749	172	92	80	386	453	-67	13
"K_1101 Eigersund"	"1955"	8762	184	69	115	403	429	-26	124
"K_1101 Eigersund"	"1956"	8886	154	87	67	361	341	20	87
"K_1101 Eigersund"	"1957"	8973	171	75	96	430	497	-67	29
"K_1101 Eigersund"	"1958"	9002	171	79	92	341	382	-41	51
"K_1101 Eigersund"	"1959"	9053	164	67	97	398	449	-51	46
"K_1101 Eigersund"	"1960"	9099	144	90	54	412	518	-106	-89
"K_1101 Eigersund"	"1961"	9010	189	85	104	390	382	8	112
"K_1101 Eigersund"	"1962"	9122	169	70	99	405	480	-75	24
"K_1101 Eigersund"	"1963"	9146	157	83	74	419	401	18	92
"K_1101 Eigersund"	"1964"	9238	167	95	72	327	335	-8	64
"K_1101 Eigersund"	"1965"	9416	260	70	190	303	236	67	257
"K_1101 Eigersund"	"1966"	9673	178	96	82	360	302	58	60
"K_1101 Eigersund"	"1967"	9723	189	99	90	392	286	106	196
"K_1101 Eigersund"	"1968"	9919	184	88	96	421	347	74	169
"K_1101 Eigersund"	"1969"	10088	184	79	105	336	333	3	107
"K_1101 Eigersund"	"1970"	10195	187	93	94	625	452	173	258
"K_1101 Eigersund"	"1971"	10453	188	78	110	366	375	-9	100
"K_1101 Eigersund"	"1972"	10553	193	96	97	373	272	101	204
"K_1101 Eigersund"	"1973"	10757	165	103	62	372	316	56	120
"K_1101 Eigersund"	"1974"	10877	188	100	88	502	271	231	316
"K_1101 Eigersund"	"1975"	11193	175	82	93	430	340	90	183
"K_1101 Eigersund"	"1976"	11376	187	104	83	354	306	48	131
"K_1101 Eigersund"	"1977"	11507	176	121	55	356	305	51	106
"K_1101 Eigersund"	"1978"	11613	175	117	58	401	379	22	81
"K_1101 Eigersund"	"1979"	11694	193	108	85	346	360	-14	68
"K_1101 Eigersund"	"1980"	11762	170	103	67	421	382	39	102
"K_1101 Eigersund"	"1981"	11864	198	101	97	451	397	54	150
"K_1101 Eigersund"	"1982"	12014	170	101	69	374	375	-1	70
"K_1101 Eigersund"	"1983"	12084	194	107	87	358	362	-4	80
"K_1101 Eigersund"	"1984"	12164	193	121	72	221	330	-109	-38
"K_1101 Eigersund"	"1985"	12126	178	112	66	314	418	-104	-39
"K_1101 Eigersund"	"1986"	12087	169	116	53	377	359	18	72
"K_1101 Eigersund"	"1987"	12159	180	110	70	340	356	-16	44
"K_1101 Eigersund"	"1988"	12203	186	128	58	450	373	77	134
"K_1101 Eigersund"	"1989"	12337	191	133	58	355	374	-19	54
"K_1101 Eigersund"	"1990"	12391	208	121	87	316	398	-82	7
"K_1101 Eigersund"	"1991"	12398	193	121	72	360	339	21	97
"K_1101 Eigersund"	"1992"	12495	215	98	117	350	317	33	151
"K_1101 Eigersund"	"1993"	12646	190	128	62	333	324	9	75
"K_1101 Eigersund"	"1994"	12721	190	117	73	366	363	3	77
"K_1101 Eigersund"	"1995"	12798	202	144	58	367	361	6	65
"K_1101 Eigersund"	"1996"	12863	175	126	49	396	405	-9	41
"K_1101 Eigersund"	"1997"	12904	210	144	66	374	300	74	141
"K_1101 Eigersund"	"1998"	13045	175	122	53	382	374	8	64
"K_1101 Eigersund"	"1999"	13109	186	127	59	426	305	121	179
"K_1101 Eigersund"	"2000"	13288	205	121	84	349	430	-81	3
"K_1101 Eigersund"	"2001"	13291	166	121	45	387	399	-12	33
"K_1101 Eigersund"	"2002"	13324	159	142	17	377	368	9	26
"K_1101 Eigersund"	"2003"	13350	160	110	50	375	388	-13	38
"K_1101 Eigersund"	"2004"	13388	154	89	65	310	351	-41	20
"K_1101 Eigersund"	"2005"	13408	154	110	44	342	375	-33	10
"K_1101 Eigersund"	"2006"	13418	170	112	58	491	375	116	176
"K_1101 Eigersund"	"2007"	13594	166	107	59	492	366	126	184
"K_1101 Eigersund"	"2008"	13778	171	110	61	564	436	128	191
"K_1101 Eigersund"	"2009"	13969	204	128	76	523	399	124	201
"K_1101 Eigersund"	"2010"	14170	182	115	67	615	508	107	176
"K_1101 Eigersund"	"2011"	14346	164	124	40	573	482	91	129
"K_1101 Eigersund"	"2012"	14475	190	122	68	536	445	91	161
"K_1101 Eigersund"	"2013"	14636	151	116	35	614	477	137	175
"K_1101 Eigersund"	"2014"	14811	170	116	54	598	549	49	105
"K_1101 Eigersund"	"2015"	14916	171	103	68	530	575	-45	26
"K_1101 Eigersund"	"2016"	14942	158	115	43	430	520	-90	-43
"K_1101 Eigersund"	"2017"	14899	152	107	45	445	491	-46	-1
"K_1101 Eigersund"	"2018"	14898	178	119	59	421	547	-126	-68
"K_1101 Eigersund"	"2019"	14830	152	112	40	448	506	-58	-19
"K_1101 Eigersund"	"2020"	14811	138	132	6	458	487	-29	-24
"K_1101 Eigersund"	"2021"	14787	153	111	42	513	486	27	73
"K_1101 Eigersund"	"2022"	14860	154	132	22	616	483	133	151
"K_1101 Eigersund"	"2023"	15011	140	129	11	657	459	198	210
"K_1101 Eigersund"	"2024"	15221	..	..	..	..	..	..	..
"K_1103 Stavanger"	"1951"	73558	1468	552	916	3587	3528	59	975
"K_1103 Stavanger"	"1952"	74533	1556	640	916	3570	3388	182	1098
"K_1103 Stavanger"	"1953"	75631	1488	591	897	3430	3478	-48	849
"K_1103 Stavanger"	"1954"	76480	1572	610	962	3452	3284	168	1130
"K_1103 Stavanger"	"1955"	77610	1581	673	908	3812	3662	150	980
"K_1103 Stavanger"	"1956"	78590	1502	669	833	4049	4227	-178	655
"K_1103 Stavanger"	"1957"	79245	1492	644	848	4316	4129	187	1035
"K_1103 Stavanger"	"1958"	80280	1461	752	709	4433	4402	31	740
"K_1103 Stavanger"	"1959"	81020	1517	717	800	4570	4545	25	825
"K_1103 Stavanger"	"1960"	81845	1530	748	782	4888	4847	41	756
"K_1103 Stavanger"	"1961"	82601	1531	753	778	4470	4398	72	850
"K_1103 Stavanger"	"1962"	83451	1512	756	756	4531	4610	-79	677
"K_1103 Stavanger"	"1963"	84128	1500	856	644	4677	4619	58	702
"K_1103 Stavanger"	"1964"	84830	1549	810	739	4486	4900	-414	325
"K_1103 Stavanger"	"1965"	83413	1357	770	587	2909	3101	-192	395
"K_1103 Stavanger"	"1966"	83808	1528	814	714	3162	3028	134	689
"K_1103 Stavanger"	"1967"	84497	1523	819	704	3650	3389	261	965
"K_1103 Stavanger"	"1968"	85462	1499	839	660	3404	3973	-569	-27
"K_1103 Stavanger"	"1969"	85435	1540	798	742	3717	3663	54	1007
"K_1103 Stavanger"	"1970"	86442	1481	830	651	4086	4600	-514	38
"K_1103 Stavanger"	"1971"	86480	1478	899	579	3744	3711	33	569
"K_1103 Stavanger"	"1972"	87049	1435	790	645	3990	3858	132	788
"K_1103 Stavanger"	"1973"	87837	1417	857	560	4345	3872	473	1057
"K_1103 Stavanger"	"1974"	88894	1422	846	576	4893	4195	698	1242
"K_1103 Stavanger"	"1975"	90136	1426	887	539	5125	4544	581	1103
"K_1103 Stavanger"	"1976"	91239	1335	888	447	5136	4776	360	797
"K_1103 Stavanger"	"1977"	92036	1297	828	469	5174	4852	322	760
"K_1103 Stavanger"	"1978"	92796	1415	883	532	5741	4591	1150	1672
"K_1103 Stavanger"	"1979"	94468	1331	943	388	5105	5078	27	418
"K_1103 Stavanger"	"1980"	94886	1435	910	525	5651	5178	473	856
"K_1103 Stavanger"	"1981"	95742	1329	983	346	5454	5395	59	391
"K_1103 Stavanger"	"1982"	96133	1427	933	494	5664	5138	526	1025
"K_1103 Stavanger"	"1983"	97158	1356	913	443	5896	5368	528	926
"K_1103 Stavanger"	"1984"	98084	1400	915	485	6049	5202	847	1337
"K_1103 Stavanger"	"1985"	99421	1506	913	593	5997	5745	252	890
"K_1103 Stavanger"	"1986"	100311	1498	914	584	5745	5840	-95	450
"K_1103 Stavanger"	"1987"	100761	1538	957	581	5726	5558	168	972
"K_1103 Stavanger"	"1988"	101733	1571	958	613	5964	5998	-34	575
"K_1103 Stavanger"	"1989"	102308	1678	961	717	5651	5667	-16	600
"K_1103 Stavanger"	"1990"	102908	1765	945	820	5471	5662	-191	628
"K_1103 Stavanger"	"1991"	103536	1748	954	794	6091	5209	882	1656
"K_1103 Stavanger"	"1992"	105192	1808	943	865	6125	5381	744	1605
"K_1103 Stavanger"	"1993"	106797	1749	978	771	6217	5720	497	1275
"K_1103 Stavanger"	"1994"	108072	1828	988	840	6256	6064	192	1054
"K_1103 Stavanger"	"1995"	109126	1781	1075	706	6253	6055	198	870
"K_1103 Stavanger"	"1996"	109996	1930	955	975	6493	6137	356	1328
"K_1103 Stavanger"	"1997"	111324	1830	958	872	6833	6401	432	1300
"K_1103 Stavanger"	"1998"	112624	1760	905	855	6786	6347	439	1269
"K_1103 Stavanger"	"1999"	113893	1803	942	861	6583	6541	42	901
"K_1103 Stavanger"	"2000"	114794	1703	952	751	6283	6956	-673	76
"K_1103 Stavanger"	"2001"	114870	1684	942	742	6575	6394	181	911
"K_1103 Stavanger"	"2002"	115781	1660	1034	626	6593	5918	675	1293
"K_1103 Stavanger"	"2003"	117074	1710	939	771	6598	5889	709	1449
"K_1103 Stavanger"	"2004"	118523	1766	948	818	6545	5777	768	1590
"K_1103 Stavanger"	"2005"	120113	1759	927	832	6603	6259	344	1185
"K_1103 Stavanger"	"2006"	121298	1939	917	1022	7567	6369	1198	2215
"K_1103 Stavanger"	"2007"	123513	1867	930	937	8592	6989	1603	2545
"K_1103 Stavanger"	"2008"	126058	1883	905	978	8637	7355	1282	2230
"K_1103 Stavanger"	"2009"	128288	1961	899	1062	8502	7130	1372	2421
"K_1103 Stavanger"	"2010"	130709	2026	950	1076	9293	7924	1369	2433
"K_1103 Stavanger"	"2011"	133142	1978	931	1047	9731	9075	656	1707
"K_1103 Stavanger"	"2012"	134849	1888	960	928	10137	9097	1040	1976
"K_1103 Stavanger"	"2013"	136825	1877	933	944	10050	9236	814	1742
"K_1103 Stavanger"	"2014"	138567	1834	851	983	9615	9118	497	1476
"K_1103 Stavanger"	"2015"	140043	1831	908	923	8995	9226	-231	678
"K_1103 Stavanger"	"2016"	140721	1817	927	890	8117	8868	-751	134
"K_1103 Stavanger"	"2017"	140856	1789	881	908	7725	8294	-569	329
"K_1103 Stavanger"	"2018"	141186	1667	892	775	8324	8246	78	848
"K_1103 Stavanger"	"2019"	142034	1609	928	681	8655	7874	781	1462
"K_1103 Stavanger"	"2020"	143574	1536	928	608	7614	7647	-33	573
"K_1103 Stavanger"	"2021"	144147	1617	876	741	8414	8618	-204	552
"K_1103 Stavanger"	"2022"	144699	1407	988	419	9099	8178	921	1312
"K_1103 Stavanger"	"2023"	146011	1467	980	487	10529	8008	2521	3037
"K_1103 Stavanger"	"2024"	149048	..	..	..	..	..	..	..
"K_1106 Haugesund"	"1951"	23818	451	222	229	..	..	..	238
"K_1106 Haugesund"	"1952"	24056	480	192	288	..	..	..	377
"K_1106 Haugesund"	"1953"	24433	467	206	261	..	..	..	378
"K_1106 Haugesund"	"1954"	24811	431	218	213	..	..	..	321
"K_1106 Haugesund"	"1955"	25132	485	212	273	..	..	..	504
"K_1106 Haugesund"	"1956"	25636	465	200	265	..	..	..	245
"K_1106 Haugesund"	"1957"	25881	499	243	256	..	..	..	510
"K_1106 Haugesund"	"1958"	26391	498	238	260	779	729	50	310
"K_1106 Haugesund"	"1959"	26701	457	233	224	823	790	33	257
"K_1106 Haugesund"	"1960"	26958	471	233	238	1103	1009	94	149
"K_1106 Haugesund"	"1961"	27107	463	241	222	650	876	-226	-4
"K_1106 Haugesund"	"1962"	27103	440	253	187	743	931	-188	-1
"K_1106 Haugesund"	"1963"	27102	460	280	180	795	1080	-285	-105
"K_1106 Haugesund"	"1964"	26997	482	273	209	794	897	-103	106
"K_1106 Haugesund"	"1965"	27173	462	261	201	824	1143	-319	-118
"K_1106 Haugesund"	"1966"	27055	488	302	186	1111	1087	24	192
"K_1106 Haugesund"	"1967"	27247	494	282	212	1074	1248	-174	38
"K_1106 Haugesund"	"1968"	27285	539	336	203	1110	1284	-174	260
"K_1106 Haugesund"	"1969"	27545	474	272	202	1112	1259	-147	-154
"K_1106 Haugesund"	"1970"	27391	464	307	157	1432	1762	-330	-172
"K_1106 Haugesund"	"1971"	27219	486	277	209	1152	1280	-128	81
"K_1106 Haugesund"	"1972"	27300	468	301	167	1205	1312	-107	66
"K_1106 Haugesund"	"1973"	27366	486	322	164	1153	1402	-249	-83
"K_1106 Haugesund"	"1974"	27283	423	277	146	1284	1344	-60	92
"K_1106 Haugesund"	"1975"	27375	478	318	160	1190	1317	-127	-10
"K_1106 Haugesund"	"1976"	27365	400	310	90	1119	1353	-234	-151
"K_1106 Haugesund"	"1977"	27214	372	277	95	1130	1216	-86	6
"K_1106 Haugesund"	"1978"	27220	376	314	62	1158	1358	-200	-139
"K_1106 Haugesund"	"1979"	27081	400	295	105	1127	1196	-69	33
"K_1106 Haugesund"	"1980"	27114	363	319	44	1151	1310	-159	-117
"K_1106 Haugesund"	"1981"	26997	372	298	74	1153	1241	-88	-15
"K_1106 Haugesund"	"1982"	26982	371	331	40	1281	1274	7	48
"K_1106 Haugesund"	"1983"	27030	315	310	5	1268	1262	6	12
"K_1106 Haugesund"	"1984"	27042	335	312	23	1250	1297	-47	-28
"K_1106 Haugesund"	"1985"	27014	335	295	40	1254	1428	-174	-131
"K_1106 Haugesund"	"1986"	26883	368	300	68	1336	1441	-105	1
"K_1106 Haugesund"	"1987"	26884	350	330	20	1407	1308	99	63
"K_1106 Haugesund"	"1988"	26947	389	354	35	1479	1228	251	282
"K_1106 Haugesund"	"1989"	27229	433	343	90	1446	1174	272	371
"K_1106 Haugesund"	"1990"	27600	414	326	88	1401	1307	94	188
"K_1106 Haugesund"	"1991"	27788	424	300	124	1482	1288	194	318
"K_1106 Haugesund"	"1992"	28106	449	330	119	1508	1298	210	330
"K_1106 Haugesund"	"1993"	28436	424	330	94	1656	1520	136	234
"K_1106 Haugesund"	"1994"	28670	451	322	129	1744	1481	263	394
"K_1106 Haugesund"	"1995"	29064	425	328	97	1705	1644	61	165
"K_1106 Haugesund"	"1996"	29229	435	361	74	1614	1532	82	156
"K_1106 Haugesund"	"1997"	29385	467	311	156	1650	1491	159	314
"K_1106 Haugesund"	"1998"	29699	402	319	83	1673	1566	107	189
"K_1106 Haugesund"	"1999"	29888	446	333	113	2010	1649	361	474
"K_1106 Haugesund"	"2000"	30362	458	346	112	1882	1744	138	247
"K_1106 Haugesund"	"2001"	30609	431	334	97	1846	1808	38	133
"K_1106 Haugesund"	"2002"	30742	395	310	85	1839	1655	184	271
"K_1106 Haugesund"	"2003"	31013	430	303	127	1882	1661	221	348
"K_1106 Haugesund"	"2004"	31361	423	297	126	1794	1745	49	169
"K_1106 Haugesund"	"2005"	31530	398	332	66	1859	1718	141	208
"K_1106 Haugesund"	"2006"	31738	426	320	106	2183	1722	461	565
"K_1106 Haugesund"	"2007"	32303	400	308	92	2345	1783	562	653
"K_1106 Haugesund"	"2008"	32956	458	309	149	2349	1789	560	709
"K_1106 Haugesund"	"2009"	33665	446	306	140	2177	1932	245	384
"K_1106 Haugesund"	"2010"	34049	452	330	122	2367	1917	450	570
"K_1106 Haugesund"	"2011"	34619	456	280	176	2474	2170	304	480
"K_1106 Haugesund"	"2012"	35099	427	295	132	2639	2120	519	654
"K_1106 Haugesund"	"2013"	35753	450	308	142	2453	2250	203	346
"K_1106 Haugesund"	"2014"	36099	387	285	102	2505	2167	338	439
"K_1106 Haugesund"	"2015"	36538	445	301	144	2530	2261	269	413
"K_1106 Haugesund"	"2016"	36951	406	332	74	2307	2163	144	215
"K_1106 Haugesund"	"2017"	37166	402	296	106	2158	2267	-109	1
"K_1106 Haugesund"	"2018"	37167	352	290	62	2083	2062	21	83
"K_1106 Haugesund"	"2019"	37250	351	276	75	2023	1990	33	107
"K_1106 Haugesund"	"2020"	37357	330	301	29	1992	2053	-61	-34
"K_1106 Haugesund"	"2021"	37323	412	327	85	2373	2338	35	121
"K_1106 Haugesund"	"2022"	37444	342	317	25	2542	2155	387	411
"K_1106 Haugesund"	"2023"	37855	353	305	48	2394	2008	386	437
"K_1106 Haugesund"	"2024"	38292	..	..	..	..	..	..	..
"K_1108 Sandnes"	"1951"	20066	458	129	329	1277	1070	207	536
"K_1108 Sandnes"	"1952"	20602	501	132	369	1172	1044	128	497
"K_1108 Sandnes"	"1953"	21099	528	131	397	1610	1195	415	812
"K_1108 Sandnes"	"1954"	21911	556	130	426	1329	1169	160	586
"K_1108 Sandnes"	"1955"	22497	574	129	445	1395	1240	155	402
"K_1108 Sandnes"	"1956"	22899	512	172	340	1675	1446	229	569
"K_1108 Sandnes"	"1957"	23468	549	151	398	1564	1510	54	452
"K_1108 Sandnes"	"1958"	23920	565	180	385	1514	1463	51	436
"K_1108 Sandnes"	"1959"	24356	573	145	428	1448	1471	-23	405
"K_1108 Sandnes"	"1960"	24761	542	192	350	1837	1650	187	550
"K_1108 Sandnes"	"1961"	25311	605	162	443	1732	1612	120	563
"K_1108 Sandnes"	"1962"	25874	603	197	406	1642	1564	78	484
"K_1108 Sandnes"	"1963"	26358	575	188	387	1544	1550	-6	381
"K_1108 Sandnes"	"1964"	26739	599	182	417	1316	1528	-212	205
"K_1108 Sandnes"	"1965"	28363	595	195	400	1266	1189	77	477
"K_1108 Sandnes"	"1966"	28840	617	189	428	1496	1309	187	660
"K_1108 Sandnes"	"1967"	29500	656	182	474	1369	1365	4	478
"K_1108 Sandnes"	"1968"	29978	630	183	447	1455	1361	94	587
"K_1108 Sandnes"	"1969"	30565	621	219	402	1450	1452	-2	400
"K_1108 Sandnes"	"1970"	30965	596	212	384	2075	1778	297	637
"K_1108 Sandnes"	"1971"	31602	670	193	477	1828	1472	356	810
"K_1108 Sandnes"	"1972"	32412	618	200	418	1757	1467	290	731
"K_1108 Sandnes"	"1973"	33143	631	240	391	1708	1453	255	646
"K_1108 Sandnes"	"1974"	33789	600	224	376	1923	1707	216	583
"K_1108 Sandnes"	"1975"	34372	614	253	361	1968	1872	96	460
"K_1108 Sandnes"	"1976"	34832	574	241	333	1886	1605	281	614
"K_1108 Sandnes"	"1977"	35446	571	227	344	2064	1766	298	635
"K_1108 Sandnes"	"1978"	36081	577	256	321	1977	1972	5	320
"K_1108 Sandnes"	"1979"	36401	573	263	310	2168	1657	511	828
"K_1108 Sandnes"	"1980"	37229	612	273	339	2286	1963	323	645
"K_1108 Sandnes"	"1981"	37874	627	275	352	2276	2120	156	510
"K_1108 Sandnes"	"1982"	38384	638	242	396	2496	2208	288	676
"K_1108 Sandnes"	"1983"	39060	631	265	366	2633	2113	520	878
"K_1108 Sandnes"	"1984"	39938	650	261	389	2354	2034	320	702
"K_1108 Sandnes"	"1985"	40640	639	277	362	2885	2121	764	1163
"K_1108 Sandnes"	"1986"	41803	741	267	474	2821	2196	625	1084
"K_1108 Sandnes"	"1987"	42887	704	289	415	2722	2434	288	638
"K_1108 Sandnes"	"1988"	43525	787	306	481	2829	2221	608	1088
"K_1108 Sandnes"	"1989"	44613	710	286	424	2579	2307	272	726
"K_1108 Sandnes"	"1990"	45339	835	335	500	2240	2094	146	644
"K_1108 Sandnes"	"1991"	45983	839	346	493	2298	2032	266	764
"K_1108 Sandnes"	"1992"	46747	829	325	504	2659	2053	606	1101
"K_1108 Sandnes"	"1993"	47848	841	341	500	2726	2107	619	1108
"K_1108 Sandnes"	"1994"	48956	832	324	508	2826	2532	294	807
"K_1108 Sandnes"	"1995"	49763	829	374	455	2615	2558	57	510
"K_1108 Sandnes"	"1996"	50273	829	353	476	2698	2470	228	701
"K_1108 Sandnes"	"1997"	50974	832	323	509	2893	2514	379	889
"K_1108 Sandnes"	"1998"	51863	881	356	525	3191	2472	719	1229
"K_1108 Sandnes"	"1999"	53092	836	350	486	3218	2779	439	924
"K_1108 Sandnes"	"2000"	54016	830	352	478	3094	2693	401	877
"K_1108 Sandnes"	"2001"	54893	839	383	456	3298	2664	634	1091
"K_1108 Sandnes"	"2002"	55984	807	382	425	3094	2704	390	821
"K_1108 Sandnes"	"2003"	56805	846	385	461	3148	2694	454	932
"K_1108 Sandnes"	"2004"	57737	862	383	479	3117	2599	518	983
"K_1108 Sandnes"	"2005"	58720	890	373	517	3447	2640	807	1319
"K_1108 Sandnes"	"2006"	60039	947	393	554	3777	2762	1015	1571
"K_1108 Sandnes"	"2007"	61610	948	373	575	4211	3252	959	1543
"K_1108 Sandnes"	"2008"	63153	1015	379	636	4124	3347	777	1412
"K_1108 Sandnes"	"2009"	64565	981	377	604	4134	3490	644	1255
"K_1108 Sandnes"	"2010"	65820	1047	375	672	4545	3624	921	1591
"K_1108 Sandnes"	"2011"	67411	1037	423	614	4894	3895	999	1593
"K_1108 Sandnes"	"2012"	69004	1074	420	654	5393	3780	1613	2269
"K_1108 Sandnes"	"2013"	71273	1072	416	656	5371	4162	1209	1869
"K_1108 Sandnes"	"2014"	73142	1092	392	700	5339	4351	988	1690
"K_1108 Sandnes"	"2015"	74832	1059	401	658	5020	4455	565	1226
"K_1108 Sandnes"	"2016"	76058	1133	429	704	4140	4124	16	718
"K_1108 Sandnes"	"2017"	76742	1068	431	637	4156	3967	189	832
"K_1108 Sandnes"	"2018"	77574	1049	440	609	4106	3862	244	865
"K_1108 Sandnes"	"2019"	78439	1009	411	598	4251	3598	653	1261
"K_1108 Sandnes"	"2020"	79537	994	415	579	3990	3658	332	913
"K_1108 Sandnes"	"2021"	80450	967	443	524	4479	4143	336	855
"K_1108 Sandnes"	"2022"	81305	901	511	390	5288	4430	858	1243
"K_1108 Sandnes"	"2023"	82548	891	479	412	4832	4095	737	1154
"K_1108 Sandnes"	"2024"	83702	..	..	..	..	..	..	..
"K_1111 Sokndal"	"1951"	3234	62	37	25	140	103	37	62
"K_1111 Sokndal"	"1952"	3296	57	33	24	80	116	-36	-12
"K_1111 Sokndal"	"1953"	3284	68	28	40	100	96	4	44
"K_1111 Sokndal"	"1954"	3328	66	31	35	77	107	-30	5
"K_1111 Sokndal"	"1955"	3333	79	28	51	78	123	-45	2
"K_1111 Sokndal"	"1956"	3335	78	28	50	160	120	40	90
"K_1111 Sokndal"	"1957"	3425	64	32	32	121	113	8	40
"K_1111 Sokndal"	"1958"	3465	67	32	35	152	79	73	108
"K_1111 Sokndal"	"1959"	3573	63	29	34	135	134	1	35
"K_1111 Sokndal"	"1960"	3608	71	34	37	125	181	-56	-30
"K_1111 Sokndal"	"1961"	3578	64	36	28	94	134	-40	-12
"K_1111 Sokndal"	"1962"	3566	67	34	33	83	169	-86	-53
"K_1111 Sokndal"	"1963"	3513	73	38	35	80	151	-71	-36
"K_1111 Sokndal"	"1964"	3477	61	32	29	67	138	-71	-42
"K_1111 Sokndal"	"1965"	3435	59	32	27	77	167	-90	-63
"K_1111 Sokndal"	"1966"	3372	56	28	28	179	149	30	104
"K_1111 Sokndal"	"1967"	3486	56	28	28	155	152	3	31
"K_1111 Sokndal"	"1968"	3517	55	33	22	153	145	8	36
"K_1111 Sokndal"	"1969"	3553	64	34	30	144	165	-21	1
"K_1111 Sokndal"	"1970"	3554	46	30	16	128	223	-95	-74
"K_1111 Sokndal"	"1971"	3480	52	33	19	113	135	-22	-5
"K_1111 Sokndal"	"1972"	3475	43	33	10	113	150	-37	-18
"K_1111 Sokndal"	"1973"	3457	41	33	8	109	137	-28	-20
"K_1111 Sokndal"	"1974"	3437	41	41	0	149	110	39	39
"K_1111 Sokndal"	"1975"	3476	44	34	10	113	161	-48	-39
"K_1111 Sokndal"	"1976"	3437	50	35	15	91	135	-44	-29
"K_1111 Sokndal"	"1977"	3408	47	48	-1	119	123	-4	-4
"K_1111 Sokndal"	"1978"	3404	54	33	21	148	122	26	46
"K_1111 Sokndal"	"1979"	3450	44	43	1	101	133	-32	-30
"K_1111 Sokndal"	"1980"	3420	46	44	2	125	108	17	20
"K_1111 Sokndal"	"1981"	3440	40	42	-2	83	64	19	17
"K_1111 Sokndal"	"1982"	3457	43	34	9	129	98	31	41
"K_1111 Sokndal"	"1983"	3498	50	40	10	85	82	3	12
"K_1111 Sokndal"	"1984"	3510	53	44	9	89	101	-12	-1
"K_1111 Sokndal"	"1985"	3509	52	44	8	78	107	-29	-26
"K_1111 Sokndal"	"1986"	3483	47	36	11	71	75	-4	4
"K_1111 Sokndal"	"1987"	3487	53	29	24	94	97	-3	20
"K_1111 Sokndal"	"1988"	3507	46	38	8	79	97	-18	-10
"K_1111 Sokndal"	"1989"	3497	42	40	2	87	101	-14	-10
"K_1111 Sokndal"	"1990"	3487	46	35	11	67	111	-44	-34
"K_1111 Sokndal"	"1991"	3453	56	40	16	122	103	19	33
"K_1111 Sokndal"	"1992"	3486	47	41	6	72	64	8	15
"K_1111 Sokndal"	"1993"	3501	53	46	7	70	72	-2	7
"K_1111 Sokndal"	"1994"	3508	58	39	19	84	93	-9	9
"K_1111 Sokndal"	"1995"	3517	45	37	8	66	96	-30	-22
"K_1111 Sokndal"	"1996"	3495	50	35	15	81	106	-25	-11
"K_1111 Sokndal"	"1997"	3484	47	52	-5	70	125	-55	-60
"K_1111 Sokndal"	"1998"	3424	46	41	5	75	110	-35	-30
"K_1111 Sokndal"	"1999"	3394	39	31	8	72	116	-44	-36
"K_1111 Sokndal"	"2000"	3358	36	36	0	87	91	-4	-4
"K_1111 Sokndal"	"2001"	3354	38	33	5	64	114	-50	-45
"K_1111 Sokndal"	"2002"	3309	43	33	10	91	116	-25	-15
"K_1111 Sokndal"	"2003"	3294	38	39	-1	127	100	27	26
"K_1111 Sokndal"	"2004"	3320	35	40	-5	100	106	-6	-11
"K_1111 Sokndal"	"2005"	3309	40	37	3	99	110	-11	-8
"K_1111 Sokndal"	"2006"	3301	37	32	5	55	95	-40	-35
"K_1111 Sokndal"	"2007"	3266	45	49	-4	93	113	-20	-24
"K_1111 Sokndal"	"2008"	3242	47	43	4	84	84	0	4
"K_1111 Sokndal"	"2009"	3246	46	42	4	124	88	36	39
"K_1111 Sokndal"	"2010"	3285	49	38	11	103	134	-31	-20
"K_1111 Sokndal"	"2011"	3265	32	33	-1	109	116	-7	-8
"K_1111 Sokndal"	"2012"	3257	43	33	10	129	110	19	29
"K_1111 Sokndal"	"2013"	3286	45	46	-1	118	100	18	17
"K_1111 Sokndal"	"2014"	3303	32	42	-10	114	98	16	6
"K_1111 Sokndal"	"2015"	3309	40	33	7	97	100	-3	4
"K_1111 Sokndal"	"2016"	3313	35	30	5	99	101	-2	3
"K_1111 Sokndal"	"2017"	3316	44	38	6	103	94	9	15
"K_1111 Sokndal"	"2018"	3331	30	30	0	63	89	-26	-26
"K_1111 Sokndal"	"2019"	3305	30	29	1	77	103	-26	-25
"K_1111 Sokndal"	"2020"	3280	38	31	7	91	121	-30	-23
"K_1111 Sokndal"	"2021"	3257	28	24	4	136	115	21	24
"K_1111 Sokndal"	"2022"	3281	32	48	-16	146	85	61	43
"K_1111 Sokndal"	"2023"	3324	37	30	7	145	130	15	23
"K_1111 Sokndal"	"2024"	3347	..	..	..	..	..	..	..
"K_1112 Lund"	"1951"	2691	49	24	25	72	114	-42	-17
"K_1112 Lund"	"1952"	2674	54	28	26	105	94	11	37
"K_1112 Lund"	"1953"	2711	47	28	19	69	128	-59	-40
"K_1112 Lund"	"1954"	2671	51	16	35	67	93	-26	9
"K_1112 Lund"	"1955"	2680	50	21	29	53	127	-74	-12
"K_1112 Lund"	"1956"	2668	47	31	16	86	148	-62	-46
"K_1112 Lund"	"1957"	2622	52	16	36	126	123	3	39
"K_1112 Lund"	"1958"	2661	47	14	33	83	122	-39	-6
"K_1112 Lund"	"1959"	2655	44	29	15	73	97	-24	-9
"K_1112 Lund"	"1960"	2646	42	21	21	69	95	-26	10
"K_1112 Lund"	"1961"	2656	45	28	17	77	92	-15	2
"K_1112 Lund"	"1962"	2658	34	20	14	63	116	-53	-39
"K_1112 Lund"	"1963"	2619	43	30	13	65	75	-10	3
"K_1112 Lund"	"1964"	2622	41	29	12	65	85	-20	-8
"K_1112 Lund"	"1965"	2500	53	16	37	84	99	-15	22
"K_1112 Lund"	"1966"	2522	35	33	2	85	114	-29	-28
"K_1112 Lund"	"1967"	2494	43	30	13	103	86	17	30
"K_1112 Lund"	"1968"	2524	37	35	2	84	106	-22	-35
"K_1112 Lund"	"1969"	2489	26	32	-6	75	93	-18	-25
"K_1112 Lund"	"1970"	2464	42	33	9	111	125	-14	-1
"K_1112 Lund"	"1971"	2463	44	30	14	126	111	15	29
"K_1112 Lund"	"1972"	2492	34	29	5	121	89	32	38
"K_1112 Lund"	"1973"	2530	41	25	16	120	60	60	76
"K_1112 Lund"	"1974"	2606	42	35	7	147	89	58	65
"K_1112 Lund"	"1975"	2671	44	26	18	197	88	109	128
"K_1112 Lund"	"1976"	2799	38	32	6	132	103	29	35
"K_1112 Lund"	"1977"	2834	34	39	-5	159	94	65	60
"K_1112 Lund"	"1978"	2894	47	35	12	109	137	-28	-16
"K_1112 Lund"	"1979"	2878	54	31	23	120	92	28	51
"K_1112 Lund"	"1980"	2929	40	42	-2	133	97	36	34
"K_1112 Lund"	"1981"	2963	66	28	38	133	109	24	62
"K_1112 Lund"	"1982"	3025	60	35	25	117	117	0	25
"K_1112 Lund"	"1983"	3050	56	30	26	100	107	-7	19
"K_1112 Lund"	"1984"	3069	53	32	21	114	108	6	27
"K_1112 Lund"	"1985"	3096	54	20	34	92	111	-19	14
"K_1112 Lund"	"1986"	3110	61	22	39	105	146	-41	-1
"K_1112 Lund"	"1987"	3109	49	29	20	107	124	-17	4
"K_1112 Lund"	"1988"	3113	48	32	16	119	110	9	25
"K_1112 Lund"	"1989"	3138	48	31	17	86	139	-53	-37
"K_1112 Lund"	"1990"	3101	38	38	0	111	127	-16	-15
"K_1112 Lund"	"1991"	3086	42	28	14	75	115	-40	-27
"K_1112 Lund"	"1992"	3059	41	30	11	88	76	12	24
"K_1112 Lund"	"1993"	3083	50	39	11	89	112	-23	-12
"K_1112 Lund"	"1994"	3071	40	42	-2	110	108	2	1
"K_1112 Lund"	"1995"	3072	39	22	17	98	122	-24	-9
"K_1112 Lund"	"1996"	3063	35	23	12	118	102	16	28
"K_1112 Lund"	"1997"	3091	38	23	15	93	115	-22	-7
"K_1112 Lund"	"1998"	3084	48	34	14	86	92	-6	8
"K_1112 Lund"	"1999"	3092	44	36	8	113	117	-4	4
"K_1112 Lund"	"2000"	3096	42	38	4	134	120	14	18
"K_1112 Lund"	"2001"	3114	33	37	-4	136	116	20	16
"K_1112 Lund"	"2002"	3130	30	27	3	83	119	-36	-33
"K_1112 Lund"	"2003"	3097	35	30	5	121	119	2	8
"K_1112 Lund"	"2004"	3105	37	37	0	113	89	24	24
"K_1112 Lund"	"2005"	3129	44	32	12	97	135	-38	-31
"K_1112 Lund"	"2006"	3098	51	24	27	117	122	-5	22
"K_1112 Lund"	"2007"	3120	38	33	5	142	155	-13	-8
"K_1112 Lund"	"2008"	3112	37	26	11	159	175	-16	-1
"K_1112 Lund"	"2009"	3111	36	34	2	155	129	26	28
"K_1112 Lund"	"2010"	3139	44	32	12	154	119	35	47
"K_1112 Lund"	"2011"	3186	49	37	12	155	169	-14	-3
"K_1112 Lund"	"2012"	3183	38	27	11	158	179	-21	-10
"K_1112 Lund"	"2013"	3173	45	26	19	178	144	34	52
"K_1112 Lund"	"2014"	3225	44	34	10	181	168	13	22
"K_1112 Lund"	"2015"	3247	34	29	5	182	191	-9	-4
"K_1112 Lund"	"2016"	3243	36	24	12	189	185	4	16
"K_1112 Lund"	"2017"	3259	37	20	17	149	189	-40	-22
"K_1112 Lund"	"2018"	3237	43	29	14	155	193	-38	-24
"K_1112 Lund"	"2019"	3213	29	25	4	169	184	-15	-11
"K_1112 Lund"	"2020"	3202	36	21	15	120	161	-41	-28
"K_1112 Lund"	"2021"	3174	41	26	15	118	135	-17	4
"K_1112 Lund"	"2022"	3178	29	30	-1	162	132	30	28
"K_1112 Lund"	"2023"	3206	37	39	-2	142	121	21	20
"K_1112 Lund"	"2024"	3226	..	..	..	..	..	..	..
"K_1114 Bjerkreim"	"1951"	1799	41	20	21	76	89	-13	8
"K_1114 Bjerkreim"	"1952"	1807	48	18	30	39	52	-13	17
"K_1114 Bjerkreim"	"1953"	1824	45	20	25	65	88	-23	2
"K_1114 Bjerkreim"	"1954"	1826	41	17	24	62	70	-8	16
"K_1114 Bjerkreim"	"1955"	1842	40	16	24	49	123	-74	-58
"K_1114 Bjerkreim"	"1956"	1784	41	20	21	73	107	-34	-13
"K_1114 Bjerkreim"	"1957"	1771	42	13	29	85	90	-5	24
"K_1114 Bjerkreim"	"1958"	1795	45	22	23	58	91	-33	-10
"K_1114 Bjerkreim"	"1959"	1785	33	16	17	74	66	8	25
"K_1114 Bjerkreim"	"1960"	1810	40	16	24	77	87	-10	7
"K_1114 Bjerkreim"	"1961"	1817	38	15	23	68	89	-21	2
"K_1114 Bjerkreim"	"1962"	1819	34	9	25	72	74	-2	23
"K_1114 Bjerkreim"	"1963"	1842	47	17	30	70	89	-19	11
"K_1114 Bjerkreim"	"1964"	1853	31	17	14	33	62	-29	-15
"K_1114 Bjerkreim"	"1965"	1798	32	18	14	51	55	-4	10
"K_1114 Bjerkreim"	"1966"	1808	44	14	30	72	61	11	65
"K_1114 Bjerkreim"	"1967"	1873	33	18	15	75	97	-22	-7
"K_1114 Bjerkreim"	"1968"	1866	43	18	25	38	64	-26	-1
"K_1114 Bjerkreim"	"1969"	1865	35	15	20	61	66	-5	13
"K_1114 Bjerkreim"	"1970"	1878	32	11	21	89	115	-26	-8
"K_1114 Bjerkreim"	"1971"	1870	30	10	20	60	76	-16	7
"K_1114 Bjerkreim"	"1972"	1877	33	15	18	69	52	17	36
"K_1114 Bjerkreim"	"1973"	1913	21	26	-5	47	68	-21	-26
"K_1114 Bjerkreim"	"1974"	1887	44	17	27	97	60	37	63
"K_1114 Bjerkreim"	"1975"	1950	24	18	6	72	74	-2	3
"K_1114 Bjerkreim"	"1976"	1953	34	17	17	68	55	13	30
"K_1114 Bjerkreim"	"1977"	1983	30	16	14	84	62	22	36
"K_1114 Bjerkreim"	"1978"	2019	40	21	19	85	72	13	31
"K_1114 Bjerkreim"	"1979"	2050	36	20	16	58	76	-18	-2
"K_1114 Bjerkreim"	"1980"	2048	39	13	26	84	60	24	52
"K_1114 Bjerkreim"	"1981"	2100	41	11	30	99	77	22	52
"K_1114 Bjerkreim"	"1982"	2152	39	14	25	87	56	31	56
"K_1114 Bjerkreim"	"1983"	2208	42	17	25	53	66	-13	12
"K_1114 Bjerkreim"	"1984"	2220	43	22	21	77	46	31	52
"K_1114 Bjerkreim"	"1985"	2272	43	21	22	81	95	-14	11
"K_1114 Bjerkreim"	"1986"	2283	27	15	12	81	73	8	22
"K_1114 Bjerkreim"	"1987"	2305	50	22	28	78	91	-13	15
"K_1114 Bjerkreim"	"1988"	2320	30	22	8	84	103	-19	-11
"K_1114 Bjerkreim"	"1989"	2309	37	16	21	59	49	10	31
"K_1114 Bjerkreim"	"1990"	2340	43	20	23	66	56	10	33
"K_1114 Bjerkreim"	"1991"	2373	37	13	24	63	87	-24	0
"K_1114 Bjerkreim"	"1992"	2373	47	13	34	89	64	25	59
"K_1114 Bjerkreim"	"1993"	2432	37	15	22	73	90	-17	5
"K_1114 Bjerkreim"	"1994"	2437	35	26	9	79	67	12	21
"K_1114 Bjerkreim"	"1995"	2458	37	21	16	49	78	-29	-9
"K_1114 Bjerkreim"	"1996"	2449	26	26	0	73	74	-1	0
"K_1114 Bjerkreim"	"1997"	2449	31	19	12	70	94	-24	-12
"K_1114 Bjerkreim"	"1998"	2437	39	25	14	66	62	4	17
"K_1114 Bjerkreim"	"1999"	2454	38	23	15	54	67	-13	2
"K_1114 Bjerkreim"	"2000"	2456	33	20	13	83	69	14	27
"K_1114 Bjerkreim"	"2001"	2483	42	17	25	60	101	-41	-16
"K_1114 Bjerkreim"	"2002"	2467	33	18	15	83	84	-1	13
"K_1114 Bjerkreim"	"2003"	2480	38	24	14	55	88	-33	-19
"K_1114 Bjerkreim"	"2004"	2461	35	17	18	83	99	-16	2
"K_1114 Bjerkreim"	"2005"	2463	28	17	11	76	75	1	12
"K_1114 Bjerkreim"	"2006"	2475	34	24	10	112	90	22	32
"K_1114 Bjerkreim"	"2007"	2507	32	29	3	110	81	29	32
"K_1114 Bjerkreim"	"2008"	2539	26	18	8	128	95	33	41
"K_1114 Bjerkreim"	"2009"	2580	32	24	8	109	114	-5	3
"K_1114 Bjerkreim"	"2010"	2583	43	27	16	152	96	56	68
"K_1114 Bjerkreim"	"2011"	2651	37	18	19	162	93	69	88
"K_1114 Bjerkreim"	"2012"	2739	33	22	11	173	143	30	40
"K_1114 Bjerkreim"	"2013"	2779	36	20	16	135	111	24	41
"K_1114 Bjerkreim"	"2014"	2820	45	23	22	150	131	19	41
"K_1114 Bjerkreim"	"2015"	2861	37	22	15	107	158	-51	-36
"K_1114 Bjerkreim"	"2016"	2825	29	21	8	111	118	-7	1
"K_1114 Bjerkreim"	"2017"	2826	40	21	19	77	96	-19	0
"K_1114 Bjerkreim"	"2018"	2826	27	23	4	96	119	-23	-19
"K_1114 Bjerkreim"	"2019"	2807	25	27	-2	103	121	-18	-20
"K_1114 Bjerkreim"	"2020"	2787	29	17	12	101	109	-8	4
"K_1114 Bjerkreim"	"2021"	2791	20	19	1	123	126	-3	-2
"K_1114 Bjerkreim"	"2022"	2789	25	22	3	193	136	57	59
"K_1114 Bjerkreim"	"2023"	2848	25	25	0	190	147	43	44
"K_1114 Bjerkreim"	"2024"	2892	..	..	..	..	..	..	..
"K_1119 Hå"	"1951"	7656	177	64	113	349	384	-35	78
"K_1119 Hå"	"1952"	7734	197	64	133	291	315	-24	109
"K_1119 Hå"	"1953"	7843	221	41	180	264	356	-92	88
"K_1119 Hå"	"1954"	7931	167	44	123	231	269	-38	85
"K_1119 Hå"	"1955"	8016	181	50	131	345	396	-51	83
"K_1119 Hå"	"1956"	8099	195	66	129	421	459	-38	91
"K_1119 Hå"	"1957"	8190	186	56	130	427	526	-99	31
"K_1119 Hå"	"1958"	8221	220	68	152	452	452	0	152
"K_1119 Hå"	"1959"	8373	200	73	127	389	424	-35	92
"K_1119 Hå"	"1960"	8465	204	62	142	461	520	-59	115
"K_1119 Hå"	"1961"	8580	217	62	155	368	435	-67	88
"K_1119 Hå"	"1962"	8668	183	65	118	366	426	-60	58
"K_1119 Hå"	"1963"	8726	210	73	137	404	417	-13	124
"K_1119 Hå"	"1964"	8850	185	68	117	360	323	37	154
"K_1119 Hå"	"1965"	9004	212	71	141	427	309	118	259
"K_1119 Hå"	"1966"	9263	230	72	158	379	395	-16	90
"K_1119 Hå"	"1967"	9353	247	58	189	337	409	-72	117
"K_1119 Hå"	"1968"	9470	235	81	154	452	395	57	272
"K_1119 Hå"	"1969"	9742	242	62	180	442	397	45	236
"K_1119 Hå"	"1970"	9978	243	80	163	1047	575	472	629
"K_1119 Hå"	"1971"	10607	242	94	148	491	433	58	206
"K_1119 Hå"	"1972"	10813	220	99	121	469	512	-43	85
"K_1119 Hå"	"1973"	10898	219	105	114	453	420	33	148
"K_1119 Hå"	"1974"	11046	245	102	143	497	443	54	192
"K_1119 Hå"	"1975"	11238	206	86	120	517	432	85	209
"K_1119 Hå"	"1976"	11447	219	96	123	442	422	20	142
"K_1119 Hå"	"1977"	11589	235	78	157	621	414	207	362
"K_1119 Hå"	"1978"	11951	258	117	141	503	412	91	232
"K_1119 Hå"	"1979"	12183	232	90	142	402	437	-35	107
"K_1119 Hå"	"1980"	12290	232	83	149	423	532	-109	37
"K_1119 Hå"	"1981"	12327	230	79	151	473	490	-17	134
"K_1119 Hå"	"1982"	12461	221	103	118	485	466	19	141
"K_1119 Hå"	"1983"	12602	213	111	102	455	513	-58	41
"K_1119 Hå"	"1984"	12643	194	90	104	358	453	-95	17
"K_1119 Hå"	"1985"	12660	213	101	112	381	434	-53	55
"K_1119 Hå"	"1986"	12715	222	90	132	435	488	-53	87
"K_1119 Hå"	"1987"	12802	230	95	135	428	485	-57	66
"K_1119 Hå"	"1988"	12868	244	88	156	481	511	-30	120
"K_1119 Hå"	"1989"	12988	234	106	128	429	512	-83	46
"K_1119 Hå"	"1990"	13034	199	93	106	365	485	-120	-12
"K_1119 Hå"	"1991"	13022	232	115	117	372	442	-70	45
"K_1119 Hå"	"1992"	13067	204	89	115	423	565	-142	-26
"K_1119 Hå"	"1993"	13041	239	101	138	747	517	230	368
"K_1119 Hå"	"1994"	13409	244	87	157	500	797	-297	-141
"K_1119 Hå"	"1995"	13268	204	99	105	400	493	-93	12
"K_1119 Hå"	"1996"	13280	248	90	158	419	500	-81	76
"K_1119 Hå"	"1997"	13356	236	104	132	428	418	10	142
"K_1119 Hå"	"1998"	13498	236	96	140	541	451	90	225
"K_1119 Hå"	"1999"	13723	215	81	134	526	462	64	198
"K_1119 Hå"	"2000"	13921	218	93	125	551	580	-29	96
"K_1119 Hå"	"2001"	14017	215	99	116	620	551	69	186
"K_1119 Hå"	"2002"	14203	225	111	114	616	521	95	214
"K_1119 Hå"	"2003"	14417	223	114	109	545	502	43	153
"K_1119 Hå"	"2004"	14570	244	99	145	540	472	68	214
"K_1119 Hå"	"2005"	14784	223	93	130	512	543	-31	99
"K_1119 Hå"	"2006"	14883	232	102	130	614	553	61	189
"K_1119 Hå"	"2007"	15072	249	95	154	784	571	213	366
"K_1119 Hå"	"2008"	15438	271	92	179	892	560	332	511
"K_1119 Hå"	"2009"	15949	291	98	193	813	613	200	393
"K_1119 Hå"	"2010"	16342	283	94	189	967	675	292	480
"K_1119 Hå"	"2011"	16822	311	104	207	1077	855	222	422
"K_1119 Hå"	"2012"	17244	284	96	188	1019	816	203	391
"K_1119 Hå"	"2013"	17635	284	115	169	1126	817	309	480
"K_1119 Hå"	"2014"	18115	286	112	174	1075	837	238	413
"K_1119 Hå"	"2015"	18528	261	98	163	886	981	-95	63
"K_1119 Hå"	"2016"	18591	281	98	183	933	913	20	209
"K_1119 Hå"	"2017"	18800	280	108	172	748	954	-206	-38
"K_1119 Hå"	"2018"	18762	228	110	118	679	747	-68	52
"K_1119 Hå"	"2019"	18814	241	110	131	737	693	44	177
"K_1119 Hå"	"2020"	18991	242	97	145	698	717	-19	129
"K_1119 Hå"	"2021"	19120	246	130	116	860	802	58	176
"K_1119 Hå"	"2022"	19296	236	136	100	1434	1178	256	353
"K_1119 Hå"	"2023"	19649	250	109	141	1353	1314	39	178
"K_1119 Hå"	"2024"	19827	..	..	..	..	..	..	..
"K_1120 Klepp"	"1951"	4973	119	36	83	316	324	-8	75
"K_1120 Klepp"	"1952"	5048	129	37	92	219	297	-78	14
"K_1120 Klepp"	"1953"	5062	132	40	92	291	267	24	116
"K_1120 Klepp"	"1954"	5178	133	27	106	207	251	-44	62
"K_1120 Klepp"	"1955"	5240	133	37	96	362	295	67	95
"K_1120 Klepp"	"1956"	5335	151	36	115	358	397	-39	76
"K_1120 Klepp"	"1957"	5411	143	30	113	314	385	-71	42
"K_1120 Klepp"	"1958"	5453	161	40	121	296	301	-5	116
"K_1120 Klepp"	"1959"	5569	138	57	81	407	333	74	155
"K_1120 Klepp"	"1960"	5724	145	34	111	439	397	42	256
"K_1120 Klepp"	"1961"	5980	152	45	107	390	353	37	144
"K_1120 Klepp"	"1962"	6124	153	37	116	466	393	73	189
"K_1120 Klepp"	"1963"	6313	171	47	124	409	357	52	176
"K_1120 Klepp"	"1964"	6489	199	50	149	425	386	39	188
"K_1120 Klepp"	"1965"	6677	186	33	153	490	305	185	338
"K_1120 Klepp"	"1966"	7015	189	46	143	558	397	161	327
"K_1120 Klepp"	"1967"	7342	214	48	166	565	386	179	345
"K_1120 Klepp"	"1968"	7687	212	56	156	515	323	192	351
"K_1120 Klepp"	"1969"	8038	258	44	214	647	347	300	509
"K_1120 Klepp"	"1970"	8547	221	47	174	715	564	151	331
"K_1120 Klepp"	"1971"	8878	210	55	155	605	524	81	242
"K_1120 Klepp"	"1972"	9120	216	42	174	576	493	83	256
"K_1120 Klepp"	"1973"	9376	216	35	181	479	492	-13	169
"K_1120 Klepp"	"1974"	9545	197	57	140	643	531	112	251
"K_1120 Klepp"	"1975"	9796	204	56	148	726	538	188	340
"K_1120 Klepp"	"1976"	10136	197	67	130	523	512	11	139
"K_1120 Klepp"	"1977"	10275	197	59	138	467	553	-86	51
"K_1120 Klepp"	"1978"	10326	192	52	140	630	546	84	225
"K_1120 Klepp"	"1979"	10551	210	77	133	516	608	-92	40
"K_1120 Klepp"	"1980"	10591	196	57	139	576	548	28	167
"K_1120 Klepp"	"1981"	10758	179	64	115	631	596	35	149
"K_1120 Klepp"	"1982"	10907	169	46	123	629	599	30	150
"K_1120 Klepp"	"1983"	11057	177	65	112	619	612	7	117
"K_1120 Klepp"	"1984"	11174	161	59	102	578	568	10	115
"K_1120 Klepp"	"1985"	11289	188	72	116	562	604	-42	69
"K_1120 Klepp"	"1986"	11358	191	63	128	587	503	84	207
"K_1120 Klepp"	"1987"	11565	186	54	132	681	685	-4	123
"K_1120 Klepp"	"1988"	11688	207	58	149	614	653	-39	108
"K_1120 Klepp"	"1989"	11796	195	81	114	590	708	-118	-8
"K_1120 Klepp"	"1990"	11788	235	76	159	576	651	-75	83
"K_1120 Klepp"	"1991"	11871	217	74	143	587	647	-60	82
"K_1120 Klepp"	"1992"	11953	240	61	179	693	625	68	249
"K_1120 Klepp"	"1993"	12202	203	81	122	669	611	58	179
"K_1120 Klepp"	"1994"	12381	245	74	171	717	668	49	224
"K_1120 Klepp"	"1995"	12605	236	79	157	669	673	-4	152
"K_1120 Klepp"	"1996"	12757	212	78	134	653	595	58	193
"K_1120 Klepp"	"1997"	12950	244	66	178	722	610	112	290
"K_1120 Klepp"	"1998"	13240	260	71	189	755	643	112	308
"K_1120 Klepp"	"1999"	13548	241	66	175	763	697	66	241
"K_1120 Klepp"	"2000"	13789	226	85	141	715	761	-46	95
"K_1120 Klepp"	"2001"	13884	220	66	154	675	705	-30	125
"K_1120 Klepp"	"2002"	14009	183	85	98	729	700	29	126
"K_1120 Klepp"	"2003"	14135	221	65	156	773	750	23	178
"K_1120 Klepp"	"2004"	14313	196	72	124	809	712	97	223
"K_1120 Klepp"	"2005"	14536	209	67	142	849	690	159	296
"K_1120 Klepp"	"2006"	14832	227	82	145	952	657	295	439
"K_1120 Klepp"	"2007"	15271	240	78	162	1115	705	410	568
"K_1120 Klepp"	"2008"	15839	239	85	154	1186	829	357	511
"K_1120 Klepp"	"2009"	16350	292	81	211	1217	860	357	568
"K_1120 Klepp"	"2010"	16918	266	73	193	1278	990	288	479
"K_1120 Klepp"	"2011"	17397	268	89	179	1240	1066	174	349
"K_1120 Klepp"	"2012"	17746	288	84	204	1314	1034	280	481
"K_1120 Klepp"	"2013"	18227	277	88	189	1300	1230	70	258
"K_1120 Klepp"	"2014"	18485	246	110	136	1344	1224	120	256
"K_1120 Klepp"	"2015"	18741	266	92	174	1203	1151	52	229
"K_1120 Klepp"	"2016"	18970	235	79	156	1017	1104	-87	72
"K_1120 Klepp"	"2017"	19042	243	92	151	1096	1074	22	175
"K_1120 Klepp"	"2018"	19217	220	107	113	1066	1045	21	137
"K_1120 Klepp"	"2019"	19354	232	92	140	1062	971	91	234
"K_1120 Klepp"	"2020"	19588	237	119	118	1184	1042	142	260
"K_1120 Klepp"	"2021"	19848	261	96	165	1345	1193	152	315
"K_1120 Klepp"	"2022"	20163	253	151	102	1436	1088	348	452
"K_1120 Klepp"	"2023"	20615	246	127	119	1308	1144	164	285
"K_1120 Klepp"	"2024"	20900	..	..	..	..	..	..	..
"K_1121 Time"	"1951"	5206	134	26	108	322	345	-23	85
"K_1121 Time"	"1952"	5291	114	41	73	260	277	-17	56
"K_1121 Time"	"1953"	5347	119	27	92	281	286	-5	87
"K_1121 Time"	"1954"	5434	140	38	102	229	286	-57	45
"K_1121 Time"	"1955"	5479	153	43	110	324	281	43	168
"K_1121 Time"	"1956"	5647	142	41	101	316	306	10	111
"K_1121 Time"	"1957"	5758	138	35	103	352	350	2	105
"K_1121 Time"	"1958"	5863	154	38	116	341	303	38	154
"K_1121 Time"	"1959"	6017	142	48	94	284	314	-30	64
"K_1121 Time"	"1960"	6081	158	49	109	363	348	15	154
"K_1121 Time"	"1961"	6235	164	53	111	397	247	150	261
"K_1121 Time"	"1962"	6496	145	43	102	339	321	18	120
"K_1121 Time"	"1963"	6616	155	59	96	425	322	103	199
"K_1121 Time"	"1964"	6815	192	44	148	403	328	75	223
"K_1121 Time"	"1965"	7038	169	57	112	388	316	72	184
"K_1121 Time"	"1966"	7222	186	50	136	510	331	179	291
"K_1121 Time"	"1967"	7513	197	52	145	448	381	67	212
"K_1121 Time"	"1968"	7725	172	42	130	393	398	-5	122
"K_1121 Time"	"1969"	7847	189	58	131	461	432	29	166
"K_1121 Time"	"1970"	8013	162	53	109	575	556	19	111
"K_1121 Time"	"1971"	8124	189	57	132	551	370	181	303
"K_1121 Time"	"1972"	8427	163	63	100	562	445	117	219
"K_1121 Time"	"1973"	8646	148	81	67	452	390	62	127
"K_1121 Time"	"1974"	8773	160	74	86	502	434	68	149
"K_1121 Time"	"1975"	8922	145	73	72	374	452	-78	-11
"K_1121 Time"	"1976"	8911	157	73	84	518	351	167	253
"K_1121 Time"	"1977"	9164	144	52	92	636	428	208	303
"K_1121 Time"	"1978"	9467	180	55	125	569	412	157	278
"K_1121 Time"	"1979"	9745	193	77	116	538	432	106	225
"K_1121 Time"	"1980"	9970	185	79	106	545	492	53	162
"K_1121 Time"	"1981"	10132	197	66	131	664	479	185	316
"K_1121 Time"	"1982"	10448	207	68	139	681	590	91	230
"K_1121 Time"	"1983"	10678	202	54	148	644	537	107	252
"K_1121 Time"	"1984"	10930	193	62	131	567	615	-48	83
"K_1121 Time"	"1985"	11013	196	64	132	598	560	38	169
"K_1121 Time"	"1986"	11182	189	62	127	586	542	44	171
"K_1121 Time"	"1987"	11353	208	59	149	525	625	-100	54
"K_1121 Time"	"1988"	11407	216	64	152	674	574	100	269
"K_1121 Time"	"1989"	11676	215	74	141	655	565	90	253
"K_1121 Time"	"1990"	11929	209	72	137	554	564	-10	130
"K_1121 Time"	"1991"	12059	240	78	162	554	533	21	186
"K_1121 Time"	"1992"	12245	212	77	135	547	597	-50	86
"K_1121 Time"	"1993"	12331	182	79	103	583	549	34	144
"K_1121 Time"	"1994"	12475	206	84	122	658	567	91	212
"K_1121 Time"	"1995"	12687	206	69	137	591	626	-35	106
"K_1121 Time"	"1996"	12793	177	78	99	582	583	-1	100
"K_1121 Time"	"1997"	12893	203	79	124	585	628	-43	80
"K_1121 Time"	"1998"	12973	199	92	107	632	601	31	127
"K_1121 Time"	"1999"	13100	210	67	143	669	595	74	217
"K_1121 Time"	"2000"	13317	223	83	140	705	661	44	184
"K_1121 Time"	"2001"	13501	215	83	132	611	648	-37	92
"K_1121 Time"	"2002"	13593	208	96	112	747	542	205	316
"K_1121 Time"	"2003"	13909	201	73	128	745	606	139	268
"K_1121 Time"	"2004"	14177	200	73	127	808	645	163	284
"K_1121 Time"	"2005"	14461	211	85	126	874	656	218	346
"K_1121 Time"	"2006"	14807	206	91	115	850	725	125	241
"K_1121 Time"	"2007"	15048	244	96	148	1021	758	263	411
"K_1121 Time"	"2008"	15459	264	85	179	980	790	190	377
"K_1121 Time"	"2009"	15836	247	90	157	940	855	85	241
"K_1121 Time"	"2010"	16077	273	102	171	1042	843	199	373
"K_1121 Time"	"2011"	16450	258	108	150	1076	905	171	319
"K_1121 Time"	"2012"	16769	278	96	182	1400	914	486	668
"K_1121 Time"	"2013"	17437	274	105	169	1300	1008	292	460
"K_1121 Time"	"2014"	17897	285	93	192	1285	1066	219	409
"K_1121 Time"	"2015"	18306	247	102	145	1202	1081	121	266
"K_1121 Time"	"2016"	18572	265	98	167	983	1064	-81	84
"K_1121 Time"	"2017"	18656	244	97	147	909	1012	-103	43
"K_1121 Time"	"2018"	18699	247	105	142	994	1040	-46	96
"K_1121 Time"	"2019"	18795	208	104	104	947	930	17	121
"K_1121 Time"	"2020"	18916	210	105	105	1021	933	88	190
"K_1121 Time"	"2021"	19106	240	89	151	1206	1118	88	247
"K_1121 Time"	"2022"	19353	211	122	89	1302	963	339	428
"K_1121 Time"	"2023"	19781	208	128	80	1187	1139	48	129
"K_1121 Time"	"2024"	19910	..	..	..	..	..	..	..
"K_1122 Gjesdal"	"1951"	2968	67	19	48	180	118	62	110
"K_1122 Gjesdal"	"1952"	3078	75	19	56	54	140	-86	-30
"K_1122 Gjesdal"	"1953"	3048	84	20	64	93	118	-25	39
"K_1122 Gjesdal"	"1954"	3087	69	23	46	91	100	-9	37
"K_1122 Gjesdal"	"1955"	3124	72	18	54	82	155	-73	-69
"K_1122 Gjesdal"	"1956"	3055	61	23	38	177	167	10	48
"K_1122 Gjesdal"	"1957"	3103	73	31	42	125	151	-26	16
"K_1122 Gjesdal"	"1958"	3119	63	15	48	87	115	-28	20
"K_1122 Gjesdal"	"1959"	3139	57	22	35	134	142	-8	27
"K_1122 Gjesdal"	"1960"	3166	73	26	47	153	173	-20	24
"K_1122 Gjesdal"	"1961"	3190	49	32	17	206	140	66	83
"K_1122 Gjesdal"	"1962"	3273	70	20	50	168	158	10	60
"K_1122 Gjesdal"	"1963"	3333	70	25	45	145	199	-54	-9
"K_1122 Gjesdal"	"1964"	3324	59	15	44	127	142	-15	29
"K_1122 Gjesdal"	"1965"	4051	92	20	72	102	172	-70	2
"K_1122 Gjesdal"	"1966"	4053	77	33	44	175	204	-29	29
"K_1122 Gjesdal"	"1967"	4082	89	37	52	247	189	58	110
"K_1122 Gjesdal"	"1968"	4192	110	36	74	244	188	56	133
"K_1122 Gjesdal"	"1969"	4325	108	33	75	204	197	7	78
"K_1122 Gjesdal"	"1970"	4403	94	43	51	232	239	-7	39
"K_1122 Gjesdal"	"1971"	4442	96	28	68	171	198	-27	45
"K_1122 Gjesdal"	"1972"	4487	108	42	66	182	200	-18	47
"K_1122 Gjesdal"	"1973"	4534	81	46	35	165	145	20	51
"K_1122 Gjesdal"	"1974"	4585	92	31	61	303	187	116	177
"K_1122 Gjesdal"	"1975"	4762	90	47	43	266	185	81	124
"K_1122 Gjesdal"	"1976"	4886	116	58	58	238	173	65	122
"K_1122 Gjesdal"	"1977"	5008	94	40	54	252	173	79	133
"K_1122 Gjesdal"	"1978"	5141	99	32	67	280	173	107	173
"K_1122 Gjesdal"	"1979"	5314	119	35	84	293	174	119	202
"K_1122 Gjesdal"	"1980"	5516	124	36	88	255	206	49	135
"K_1122 Gjesdal"	"1981"	5651	102	31	71	300	208	92	163
"K_1122 Gjesdal"	"1982"	5814	120	50	70	284	209	75	144
"K_1122 Gjesdal"	"1983"	5958	115	48	67	312	299	13	82
"K_1122 Gjesdal"	"1984"	6040	107	37	70	219	218	1	69
"K_1122 Gjesdal"	"1985"	6109	104	36	68	309	248	61	129
"K_1122 Gjesdal"	"1986"	6238	115	43	72	512	211	301	370
"K_1122 Gjesdal"	"1987"	6608	142	42	100	435	279	156	258
"K_1122 Gjesdal"	"1988"	6866	124	42	82	418	306	112	191
"K_1122 Gjesdal"	"1989"	7057	156	40	116	450	359	91	206
"K_1122 Gjesdal"	"1990"	7263	172	45	127	380	286	94	218
"K_1122 Gjesdal"	"1991"	7481	162	47	115	388	305	83	201
"K_1122 Gjesdal"	"1992"	7682	169	45	124	396	349	47	173
"K_1122 Gjesdal"	"1993"	7855	166	47	119	341	309	32	143
"K_1122 Gjesdal"	"1994"	7998	162	37	125	442	416	26	150
"K_1122 Gjesdal"	"1995"	8148	158	47	111	463	484	-21	93
"K_1122 Gjesdal"	"1996"	8241	139	53	86	400	366	34	119
"K_1122 Gjesdal"	"1997"	8360	158	37	121	449	393	56	174
"K_1122 Gjesdal"	"1998"	8534	142	70	72	542	404	138	213
"K_1122 Gjesdal"	"1999"	8747	156	58	98	479	408	71	164
"K_1122 Gjesdal"	"2000"	8911	138	42	96	412	429	-17	84
"K_1122 Gjesdal"	"2001"	8995	143	51	92	441	429	12	109
"K_1122 Gjesdal"	"2002"	9104	130	55	75	424	466	-42	33
"K_1122 Gjesdal"	"2003"	9137	138	52	86	469	444	25	111
"K_1122 Gjesdal"	"2004"	9248	107	46	61	408	443	-35	25
"K_1122 Gjesdal"	"2005"	9273	131	54	77	467	392	75	153
"K_1122 Gjesdal"	"2006"	9426	139	47	92	511	407	104	195
"K_1122 Gjesdal"	"2007"	9621	124	60	64	510	464	46	108
"K_1122 Gjesdal"	"2008"	9729	157	56	101	537	401	136	240
"K_1122 Gjesdal"	"2009"	9969	161	60	101	565	430	135	239
"K_1122 Gjesdal"	"2010"	10208	182	47	135	676	511	165	300
"K_1122 Gjesdal"	"2011"	10508	175	48	127	754	603	151	270
"K_1122 Gjesdal"	"2012"	10778	169	65	104	758	600	158	261
"K_1122 Gjesdal"	"2013"	11039	184	60	124	706	553	153	278
"K_1122 Gjesdal"	"2014"	11317	165	41	124	813	654	159	283
"K_1122 Gjesdal"	"2015"	11600	214	55	159	755	662	93	253
"K_1122 Gjesdal"	"2016"	11853	167	50	117	613	683	-70	49
"K_1122 Gjesdal"	"2017"	11902	178	56	122	567	725	-158	-36
"K_1122 Gjesdal"	"2018"	11866	144	62	82	601	651	-50	33
"K_1122 Gjesdal"	"2019"	11899	160	60	100	606	603	3	103
"K_1122 Gjesdal"	"2020"	12002	154	65	89	532	559	-27	62
"K_1122 Gjesdal"	"2021"	12064	136	60	76	668	670	-2	67
"K_1122 Gjesdal"	"2022"	12131	113	63	50	741	620	121	171
"K_1122 Gjesdal"	"2023"	12302	122	74	48	674	668	6	60
"K_1122 Gjesdal"	"2024"	12362	..	..	..	..	..	..	..
"K_1124 Sola"	"1951"	5025	146	28	118	442	387	55	173
"K_1124 Sola"	"1952"	5198	150	22	128	487	404	83	211
"K_1124 Sola"	"1953"	5409	166	34	132	463	471	-8	124
"K_1124 Sola"	"1954"	5533	189	33	156	518	393	125	281
"K_1124 Sola"	"1955"	5814	174	27	147	578	599	-21	126
"K_1124 Sola"	"1956"	5940	166	34	132	513	438	75	207
"K_1124 Sola"	"1957"	6147	179	31	148	655	490	165	313
"K_1124 Sola"	"1958"	6460	200	44	156	618	570	48	204
"K_1124 Sola"	"1959"	6664	177	35	142	633	559	74	216
"K_1124 Sola"	"1960"	6880	164	34	130	603	551	52	195
"K_1124 Sola"	"1961"	7075	195	50	145	642	553	89	234
"K_1124 Sola"	"1962"	7309	209	44	165	669	514	155	320
"K_1124 Sola"	"1963"	7629	190	50	140	694	552	142	282
"K_1124 Sola"	"1964"	7911	228	36	192	665	543	122	314
"K_1124 Sola"	"1965"	8225	198	45	153	610	594	16	169
"K_1124 Sola"	"1966"	8394	236	43	193	773	611	162	398
"K_1124 Sola"	"1967"	8792	242	42	200	752	637	115	315
"K_1124 Sola"	"1968"	9107	245	44	201	894	698	196	399
"K_1124 Sola"	"1969"	9506	218	54	164	716	781	-65	91
"K_1124 Sola"	"1970"	9597	210	43	167	866	734	132	301
"K_1124 Sola"	"1971"	9898	243	70	173	760	571	189	358
"K_1124 Sola"	"1972"	10256	231	48	183	860	656	204	353
"K_1124 Sola"	"1973"	10609	230	55	175	807	698	109	298
"K_1124 Sola"	"1974"	10907	220	52	168	960	889	71	255
"K_1124 Sola"	"1975"	11162	189	53	136	957	859	98	236
"K_1124 Sola"	"1976"	11398	196	64	132	936	840	96	227
"K_1124 Sola"	"1977"	11625	209	59	150	886	850	36	190
"K_1124 Sola"	"1978"	11815	202	52	150	950	966	-16	138
"K_1124 Sola"	"1979"	11953	205	57	148	1053	822	231	371
"K_1124 Sola"	"1980"	12324	210	67	143	1192	988	204	349
"K_1124 Sola"	"1981"	12673	223	79	144	1178	987	191	333
"K_1124 Sola"	"1982"	13006	202	50	152	1171	888	283	436
"K_1124 Sola"	"1983"	13442	212	62	150	1330	952	378	531
"K_1124 Sola"	"1984"	13973	254	76	178	1314	1047	267	447
"K_1124 Sola"	"1985"	14420	247	60	187	1437	1198	239	412
"K_1124 Sola"	"1986"	14832	245	81	164	1199	1242	-43	149
"K_1124 Sola"	"1987"	14981	274	69	205	1293	1237	56	259
"K_1124 Sola"	"1988"	15240	270	60	210	1455	1193	262	465
"K_1124 Sola"	"1989"	15705	257	88	169	1215	1351	-136	14
"K_1124 Sola"	"1990"	15719	274	73	201	1331	1265	66	263
"K_1124 Sola"	"1991"	15982	273	74	199	1274	1083	191	393
"K_1124 Sola"	"1992"	16375	330	93	237	1328	1132	196	439
"K_1124 Sola"	"1993"	16814	298	102	196	1508	1152	356	567
"K_1124 Sola"	"1994"	17381	315	77	238	1432	1261	171	398
"K_1124 Sola"	"1995"	17779	311	79	232	1325	1348	-23	211
"K_1124 Sola"	"1996"	17990	307	86	221	1351	1375	-24	192
"K_1124 Sola"	"1997"	18182	300	97	203	1300	1315	-15	189
"K_1124 Sola"	"1998"	18371	294	92	202	1417	1284	133	335
"K_1124 Sola"	"1999"	18706	301	103	198	1380	1370	10	209
"K_1124 Sola"	"2000"	18915	270	79	191	1371	1451	-80	108
"K_1124 Sola"	"2001"	19023	259	104	155	1422	1372	50	208
"K_1124 Sola"	"2002"	19231	270	115	155	1459	1301	158	307
"K_1124 Sola"	"2003"	19538	254	109	145	1275	1394	-119	17
"K_1124 Sola"	"2004"	19555	293	102	191	1413	1323	90	277
"K_1124 Sola"	"2005"	19832	262	87	175	1511	1379	132	306
"K_1124 Sola"	"2006"	20138	293	89	204	1643	1323	320	528
"K_1124 Sola"	"2007"	20666	296	106	190	2033	1444	589	780
"K_1124 Sola"	"2008"	21446	332	115	217	1950	1539	411	630
"K_1124 Sola"	"2009"	22076	357	112	245	2068	1562	506	755
"K_1124 Sola"	"2010"	22831	366	142	224	2039	1747	292	519
"K_1124 Sola"	"2011"	23350	332	115	217	2272	1958	314	527
"K_1124 Sola"	"2012"	23877	357	126	231	2330	1858	472	702
"K_1124 Sola"	"2013"	24579	354	107	247	2344	2082	262	504
"K_1124 Sola"	"2014"	25083	364	121	243	2426	2044	382	625
"K_1124 Sola"	"2015"	25708	359	130	229	2211	2048	163	388
"K_1124 Sola"	"2016"	26096	358	133	225	1762	2097	-335	-114
"K_1124 Sola"	"2017"	26016	345	114	231	1945	1922	23	249
"K_1124 Sola"	"2018"	26265	317	158	159	1999	1842	157	317
"K_1124 Sola"	"2019"	26582	324	126	198	2196	1822	374	571
"K_1124 Sola"	"2020"	27153	331	152	179	1975	1858	117	304
"K_1124 Sola"	"2021"	27457	343	165	178	2061	2120	-59	111
"K_1124 Sola"	"2022"	27568	336	148	188	2611	2057	554	747
"K_1124 Sola"	"2023"	28315	309	154	155	2717	2499	218	370
"K_1124 Sola"	"2024"	28685	..	..	..	..	..	..	..
"K_1127 Randaberg"	"1951"	2116	66	20	46	99	121	-22	24
"K_1127 Randaberg"	"1952"	2140	57	9	48	74	82	-8	40
"K_1127 Randaberg"	"1953"	2180	65	11	54	121	74	47	101
"K_1127 Randaberg"	"1954"	2281	72	12	60	118	81	37	97
"K_1127 Randaberg"	"1955"	2378	57	14	43	137	107	30	60
"K_1127 Randaberg"	"1956"	2438	65	15	50	135	125	10	60
"K_1127 Randaberg"	"1957"	2498	79	19	60	186	161	25	85
"K_1127 Randaberg"	"1958"	2583	60	17	43	140	125	15	58
"K_1127 Randaberg"	"1959"	2641	74	17	57	134	106	28	85
"K_1127 Randaberg"	"1960"	2726	82	16	66	190	122	68	158
"K_1127 Randaberg"	"1961"	2884	70	15	55	145	121	24	79
"K_1127 Randaberg"	"1962"	2963	76	27	49	165	120	45	94
"K_1127 Randaberg"	"1963"	3057	82	14	68	216	173	43	111
"K_1127 Randaberg"	"1964"	3168	80	18	62	244	180	64	126
"K_1127 Randaberg"	"1965"	3294	119	12	107	249	148	101	208
"K_1127 Randaberg"	"1966"	3502	97	14	83	310	160	150	234
"K_1127 Randaberg"	"1967"	3736	112	18	94	325	177	148	242
"K_1127 Randaberg"	"1968"	3978	120	19	101	328	210	118	218
"K_1127 Randaberg"	"1969"	4196	134	21	113	447	225	222	337
"K_1127 Randaberg"	"1970"	4533	111	29	82	346	260	86	176
"K_1127 Randaberg"	"1971"	4709	129	19	110	308	226	82	192
"K_1127 Randaberg"	"1972"	4901	105	25	80	366	243	123	212
"K_1127 Randaberg"	"1973"	5113	104	27	77	315	293	22	100
"K_1127 Randaberg"	"1974"	5213	84	33	51	311	312	-1	49
"K_1127 Randaberg"	"1975"	5262	120	40	80	332	284	48	132
"K_1127 Randaberg"	"1976"	5394	102	34	68	350	314	36	102
"K_1127 Randaberg"	"1977"	5496	92	23	69	517	306	211	280
"K_1127 Randaberg"	"1978"	5776	94	30	64	334	274	60	124
"K_1127 Randaberg"	"1979"	5900	101	32	69	352	320	32	102
"K_1127 Randaberg"	"1980"	6002	121	29	92	405	336	69	168
"K_1127 Randaberg"	"1981"	6170	97	32	65	467	357	110	175
"K_1127 Randaberg"	"1982"	6345	98	26	72	401	351	50	122
"K_1127 Randaberg"	"1983"	6467	122	28	94	500	422	78	175
"K_1127 Randaberg"	"1984"	6642	105	42	63	578	434	144	206
"K_1127 Randaberg"	"1985"	6848	110	39	71	557	508	49	119
"K_1127 Randaberg"	"1986"	6967	115	37	78	594	490	104	184
"K_1127 Randaberg"	"1987"	7151	136	33	103	555	580	-25	56
"K_1127 Randaberg"	"1988"	7207	143	41	102	658	516	142	244
"K_1127 Randaberg"	"1989"	7451	148	40	108	607	605	2	110
"K_1127 Randaberg"	"1990"	7561	112	34	78	567	528	39	120
"K_1127 Randaberg"	"1991"	7681	156	29	127	573	624	-51	75
"K_1127 Randaberg"	"1992"	7756	133	38	95	573	469	104	199
"K_1127 Randaberg"	"1993"	7955	140	42	98	626	628	-2	96
"K_1127 Randaberg"	"1994"	8051	150	45	105	608	589	19	113
"K_1127 Randaberg"	"1995"	8164	149	32	117	648	608	40	153
"K_1127 Randaberg"	"1996"	8317	171	32	139	592	604	-12	128
"K_1127 Randaberg"	"1997"	8445	135	29	106	605	551	54	160
"K_1127 Randaberg"	"1998"	8605	144	39	105	646	613	33	136
"K_1127 Randaberg"	"1999"	8741	136	35	101	566	635	-69	32
"K_1127 Randaberg"	"2000"	8773	138	57	81	521	613	-92	-11
"K_1127 Randaberg"	"2001"	8762	131	37	94	589	563	26	118
"K_1127 Randaberg"	"2002"	8880	141	39	102	593	578	15	118
"K_1127 Randaberg"	"2003"	8998	114	44	70	521	512	9	78
"K_1127 Randaberg"	"2004"	9076	116	43	73	460	512	-52	23
"K_1127 Randaberg"	"2005"	9099	118	43	75	602	467	135	205
"K_1127 Randaberg"	"2006"	9304	132	42	90	580	472	108	197
"K_1127 Randaberg"	"2007"	9501	124	52	72	617	568	49	121
"K_1127 Randaberg"	"2008"	9622	132	43	89	676	523	153	245
"K_1127 Randaberg"	"2009"	9867	131	51	80	619	571	48	130
"K_1127 Randaberg"	"2010"	9997	128	48	80	657	672	-15	64
"K_1127 Randaberg"	"2011"	10061	116	57	59	831	685	146	204
"K_1127 Randaberg"	"2012"	10265	128	52	76	717	660	57	132
"K_1127 Randaberg"	"2013"	10397	126	50	76	634	692	-58	19
"K_1127 Randaberg"	"2014"	10416	111	63	48	831	740	91	140
"K_1127 Randaberg"	"2015"	10556	148	47	101	775	694	81	181
"K_1127 Randaberg"	"2016"	10737	147	51	96	764	727	37	136
"K_1127 Randaberg"	"2017"	10873	114	64	50	632	582	50	99
"K_1127 Randaberg"	"2018"	10972	140	50	90	645	654	-9	81
"K_1127 Randaberg"	"2019"	11053	97	62	35	705	571	134	167
"K_1127 Randaberg"	"2020"	11221	105	53	52	633	595	38	94
"K_1127 Randaberg"	"2021"	11315	126	66	60	754	673	81	139
"K_1127 Randaberg"	"2022"	11454	123	68	55	837	676	161	217
"K_1127 Randaberg"	"2023"	11671	115	91	24	793	745	48	71
"K_1127 Randaberg"	"2024"	11742	..	..	..	..	..	..	..
"K_1130 Strand"	"1951"	4874	115	27	88	157	133	24	112
"K_1130 Strand"	"1952"	4986	135	33	102	168	157	11	113
"K_1130 Strand"	"1953"	5099	137	31	106	139	141	-2	104
"K_1130 Strand"	"1954"	5203	128	38	90	99	150	-51	39
"K_1130 Strand"	"1955"	5242	130	35	95	80	143	-63	21
"K_1130 Strand"	"1956"	5263	127	51	76	190	166	24	100
"K_1130 Strand"	"1957"	5363	136	36	100	200	200	0	100
"K_1130 Strand"	"1958"	5463	138	29	109	133	144	-11	98
"K_1130 Strand"	"1959"	5561	110	46	64	222	164	58	122
"K_1130 Strand"	"1960"	5683	125	44	81	227	150	77	207
"K_1130 Strand"	"1961"	5890	140	40	100	195	196	-1	99
"K_1130 Strand"	"1962"	5989	129	50	79	208	204	4	83
"K_1130 Strand"	"1963"	6072	133	52	81	210	205	5	86
"K_1130 Strand"	"1964"	6158	130	46	84	205	166	39	123
"K_1130 Strand"	"1965"	6402	157	48	109	193	194	-1	108
"K_1130 Strand"	"1966"	6510	150	38	112	193	199	-6	108
"K_1130 Strand"	"1967"	6618	134	37	97	248	240	8	105
"K_1130 Strand"	"1968"	6723	144	52	92	203	316	-113	-14
"K_1130 Strand"	"1969"	6709	144	47	97	269	198	71	173
"K_1130 Strand"	"1970"	6882	162	46	116	225	264	-39	74
"K_1130 Strand"	"1971"	6956	138	53	85	258	244	14	101
"K_1130 Strand"	"1972"	7057	140	64	76	246	195	51	127
"K_1130 Strand"	"1973"	7184	131	44	87	213	215	-2	85
"K_1130 Strand"	"1974"	7269	138	42	96	288	231	57	153
"K_1130 Strand"	"1975"	7422	153	50	103	290	200	90	191
"K_1130 Strand"	"1976"	7613	147	53	94	288	212	76	171
"K_1130 Strand"	"1977"	7784	136	51	85	302	200	102	190
"K_1130 Strand"	"1978"	7974	138	44	94	327	232	95	189
"K_1130 Strand"	"1979"	8163	148	59	89	321	238	83	172
"K_1130 Strand"	"1980"	8335	155	60	95	342	300	42	137
"K_1130 Strand"	"1981"	8472	138	66	72	326	235	91	162
"K_1130 Strand"	"1982"	8634	183	62	121	313	271	42	165
"K_1130 Strand"	"1983"	8799	147	60	87	307	266	41	127
"K_1130 Strand"	"1984"	8926	138	64	74	244	254	-10	64
"K_1130 Strand"	"1985"	8990	135	61	74	294	294	0	69
"K_1130 Strand"	"1986"	9059	157	66	91	341	269	72	162
"K_1130 Strand"	"1987"	9221	137	52	85	357	225	132	214
"K_1130 Strand"	"1988"	9435	184	75	109	325	355	-30	90
"K_1130 Strand"	"1989"	9525	131	69	62	251	294	-43	20
"K_1130 Strand"	"1990"	9545	149	64	85	231	326	-95	-10
"K_1130 Strand"	"1991"	9535	159	53	106	205	308	-103	3
"K_1130 Strand"	"1992"	9538	133	55	78	218	249	-31	46
"K_1130 Strand"	"1993"	9584	146	90	56	254	268	-14	40
"K_1130 Strand"	"1994"	9624	155	56	99	302	299	3	104
"K_1130 Strand"	"1995"	9728	147	73	74	255	316	-61	12
"K_1130 Strand"	"1996"	9740	130	69	61	272	276	-4	52
"K_1130 Strand"	"1997"	9792	137	90	47	309	312	-3	45
"K_1130 Strand"	"1998"	9837	132	71	61	366	294	72	132
"K_1130 Strand"	"1999"	9969	168	67	101	370	318	52	153
"K_1130 Strand"	"2000"	10122	162	93	69	341	351	-10	60
"K_1130 Strand"	"2001"	10182	132	96	36	319	349	-30	6
"K_1130 Strand"	"2002"	10188	135	82	53	368	312	56	110
"K_1130 Strand"	"2003"	10298	137	86	51	298	324	-26	30
"K_1130 Strand"	"2004"	10328	159	73	86	312	284	28	113
"K_1130 Strand"	"2005"	10441	137	79	58	333	266	67	125
"K_1130 Strand"	"2006"	10566	145	78	67	347	330	17	88
"K_1130 Strand"	"2007"	10654	151	87	64	478	307	171	240
"K_1130 Strand"	"2008"	10894	149	86	63	395	311	84	151
"K_1130 Strand"	"2009"	11045	158	81	77	433	348	85	161
"K_1130 Strand"	"2010"	11206	179	98	81	515	421	94	173
"K_1130 Strand"	"2011"	11379	154	78	76	465	386	79	154
"K_1130 Strand"	"2012"	11533	175	75	100	591	342	249	349
"K_1130 Strand"	"2013"	11882	157	83	74	633	450	183	257
"K_1130 Strand"	"2014"	12139	166	83	83	649	476	173	256
"K_1130 Strand"	"2015"	12395	167	75	92	502	525	-23	69
"K_1130 Strand"	"2016"	12464	180	74	106	576	478	98	198
"K_1130 Strand"	"2017"	12662	153	86	67	422	515	-93	-24
"K_1130 Strand"	"2018"	12638	144	72	72	391	380	11	82
"K_1130 Strand"	"2019"	12720	140	79	61	403	379	24	86
"K_1130 Strand"	"2020"	12968	151	93	58	485	441	44	102
"K_1130 Strand"	"2021"	13070	178	93	85	586	473	113	198
"K_1130 Strand"	"2022"	13268	154	105	49	577	421	156	206
"K_1130 Strand"	"2023"	13474	143	108	35	630	436	194	229
"K_1130 Strand"	"2024"	13703	..	..	..	..	..	..	..
"K_1133 Hjelmeland"	"1951"	3794	64	34	30	115	185	-70	-40
"K_1133 Hjelmeland"	"1952"	3754	79	37	42	64	198	-134	-92
"K_1133 Hjelmeland"	"1953"	3662	66	44	22	82	168	-86	-64
"K_1133 Hjelmeland"	"1954"	3598	67	45	22	79	107	-28	-6
"K_1133 Hjelmeland"	"1955"	3592	73	42	31	60	181	-121	-74
"K_1133 Hjelmeland"	"1956"	3518	71	20	51	98	157	-59	-8
"K_1133 Hjelmeland"	"1957"	3510	64	40	24	99	156	-57	-33
"K_1133 Hjelmeland"	"1958"	3477	53	25	28	94	108	-14	14
"K_1133 Hjelmeland"	"1959"	3491	47	28	19	79	159	-80	-61
"K_1133 Hjelmeland"	"1960"	3430	52	30	22	125	224	-99	-56
"K_1133 Hjelmeland"	"1961"	3374	49	30	19	100	129	-29	-10
"K_1133 Hjelmeland"	"1962"	3364	53	42	11	108	133	-25	-14
"K_1133 Hjelmeland"	"1963"	3350	52	46	6	104	154	-50	-44
"K_1133 Hjelmeland"	"1964"	3306	53	34	19	89	146	-57	-38
"K_1133 Hjelmeland"	"1965"	2909	47	34	13	93	140	-47	-34
"K_1133 Hjelmeland"	"1966"	2875	45	34	11	103	146	-43	-41
"K_1133 Hjelmeland"	"1967"	2834	47	31	16	55	114	-59	-43
"K_1133 Hjelmeland"	"1968"	2791	45	40	5	108	131	-23	-23
"K_1133 Hjelmeland"	"1969"	2768	43	33	10	44	126	-82	-80
"K_1133 Hjelmeland"	"1970"	2688	24	33	-9	84	128	-44	-49
"K_1133 Hjelmeland"	"1971"	2639	40	39	1	72	109	-37	-36
"K_1133 Hjelmeland"	"1972"	2603	30	21	9	89	116	-27	-18
"K_1133 Hjelmeland"	"1973"	2585	34	29	5	79	93	-14	-8
"K_1133 Hjelmeland"	"1974"	2577	38	31	7	106	89	17	9
"K_1133 Hjelmeland"	"1975"	2586	35	22	13	134	94	40	53
"K_1133 Hjelmeland"	"1976"	2639	44	29	15	112	95	17	32
"K_1133 Hjelmeland"	"1977"	2671	42	36	6	149	89	60	66
"K_1133 Hjelmeland"	"1978"	2737	42	46	-4	123	99	24	20
"K_1133 Hjelmeland"	"1979"	2757	42	26	16	103	110	-7	9
"K_1133 Hjelmeland"	"1980"	2766	41	34	7	125	140	-15	-8
"K_1133 Hjelmeland"	"1981"	2758	37	36	1	146	95	51	52
"K_1133 Hjelmeland"	"1982"	2810	37	32	5	144	118	26	31
"K_1133 Hjelmeland"	"1983"	2841	40	35	5	73	69	4	8
"K_1133 Hjelmeland"	"1984"	2849	42	25	17	95	113	-18	-1
"K_1133 Hjelmeland"	"1985"	2848	47	30	17	72	74	-2	12
"K_1133 Hjelmeland"	"1986"	2860	36	37	-1	87	109	-22	-23
"K_1133 Hjelmeland"	"1987"	2837	42	37	5	91	129	-38	-32
"K_1133 Hjelmeland"	"1988"	2805	46	29	17	91	76	15	28
"K_1133 Hjelmeland"	"1989"	2833	38	34	4	73	82	-9	-6
"K_1133 Hjelmeland"	"1990"	2827	38	38	0	94	109	-15	-15
"K_1133 Hjelmeland"	"1991"	2812	46	48	-2	96	82	14	10
"K_1133 Hjelmeland"	"1992"	2822	27	20	7	75	116	-41	-33
"K_1133 Hjelmeland"	"1993"	2789	29	37	-8	64	116	-52	-59
"K_1133 Hjelmeland"	"1994"	2730	29	25	4	99	91	8	13
"K_1133 Hjelmeland"	"1995"	2743	39	28	11	122	105	17	28
"K_1133 Hjelmeland"	"1996"	2771	29	32	-3	111	117	-6	-9
"K_1133 Hjelmeland"	"1997"	2762	31	29	2	138	154	-16	-14
"K_1133 Hjelmeland"	"1998"	2748	39	29	10	129	126	3	14
"K_1133 Hjelmeland"	"1999"	2762	32	28	4	116	126	-10	-6
"K_1133 Hjelmeland"	"2000"	2756	33	35	-2	120	129	-9	-11
"K_1133 Hjelmeland"	"2001"	2745	28	38	-10	101	126	-25	-37
"K_1133 Hjelmeland"	"2002"	2708	28	41	-13	125	112	13	0
"K_1133 Hjelmeland"	"2003"	2708	41	30	11	148	120	28	39
"K_1133 Hjelmeland"	"2004"	2747	27	42	-15	111	107	4	-11
"K_1133 Hjelmeland"	"2005"	2736	27	45	-18	109	107	2	-13
"K_1133 Hjelmeland"	"2006"	2723	35	29	6	96	118	-22	-16
"K_1133 Hjelmeland"	"2007"	2707	29	39	-10	139	159	-20	-29
"K_1133 Hjelmeland"	"2008"	2678	32	24	8	130	118	12	23
"K_1133 Hjelmeland"	"2009"	2701	41	28	13	156	127	29	43
"K_1133 Hjelmeland"	"2010"	2744	47	29	18	198	148	50	70
"K_1133 Hjelmeland"	"2011"	2814	25	29	-4	151	154	-3	-7
"K_1133 Hjelmeland"	"2012"	2807	34	33	1	135	144	-9	-8
"K_1133 Hjelmeland"	"2013"	2799	23	39	-16	136	132	4	-12
"K_1133 Hjelmeland"	"2014"	2787	39	24	15	117	134	-17	-2
"K_1133 Hjelmeland"	"2015"	2785	28	23	5	104	157	-53	-48
"K_1133 Hjelmeland"	"2016"	2737	25	18	7	110	150	-40	-29
"K_1133 Hjelmeland"	"2017"	2708	32	14	18	124	127	-3	15
"K_1133 Hjelmeland"	"2018"	2723	26	21	5	98	142	-44	-39
"K_1133 Hjelmeland"	"2019"	2684	21	27	-6	85	112	-27	-33
"K_1133 Hjelmeland"	"2020"	2574	23	33	-10	126	110	16	6
"K_1133 Hjelmeland"	"2021"	2580	24	19	5	110	161	-51	-46
"K_1133 Hjelmeland"	"2022"	2534	17	14	3	192	110	82	85
"K_1133 Hjelmeland"	"2023"	2619	25	24	1	164	141	23	24
"K_1133 Hjelmeland"	"2024"	2643	..	..	..	..	..	..	..
"K_1134 Suldal"	"1951"	4593	79	55	24	122	264	-142	-118
"K_1134 Suldal"	"1952"	4475	80	42	38	147	214	-67	-29
"K_1134 Suldal"	"1953"	4446	81	41	40	137	180	-43	-3
"K_1134 Suldal"	"1954"	4443	64	47	17	92	171	-79	-62
"K_1134 Suldal"	"1955"	4381	82	50	32	115	212	-97	-20
"K_1134 Suldal"	"1956"	4361	77	46	31	164	268	-104	-73
"K_1134 Suldal"	"1957"	4288	66	48	18	163	237	-74	-56
"K_1134 Suldal"	"1958"	4232	68	52	16	189	219	-30	-14
"K_1134 Suldal"	"1959"	4218	71	50	21	169	242	-73	-52
"K_1134 Suldal"	"1960"	4166	65	49	16	152	289	-137	-86
"K_1134 Suldal"	"1961"	4080	60	41	19	165	223	-58	-39
"K_1134 Suldal"	"1962"	4041	55	43	12	171	191	-20	-8
"K_1134 Suldal"	"1963"	4033	52	44	8	273	147	126	134
"K_1134 Suldal"	"1964"	4167	65	41	24	230	239	-9	15
"K_1134 Suldal"	"1965"	4146	74	58	16	170	185	-15	1
"K_1134 Suldal"	"1966"	4147	66	50	16	192	205	-13	-5
"K_1134 Suldal"	"1967"	4142	69	59	10	137	291	-154	-144
"K_1134 Suldal"	"1968"	3998	68	51	17	143	295	-152	-138
"K_1134 Suldal"	"1969"	3860	56	59	-3	132	213	-81	-82
"K_1134 Suldal"	"1970"	3778	46	57	-11	119	233	-114	-130
"K_1134 Suldal"	"1971"	3648	59	37	22	143	148	-5	21
"K_1134 Suldal"	"1972"	3669	49	41	8	123	133	-10	-2
"K_1134 Suldal"	"1973"	3667	50	47	3	160	180	-20	-17
"K_1134 Suldal"	"1974"	3650	56	40	16	248	117	131	147
"K_1134 Suldal"	"1975"	3797	54	41	13	312	201	111	125
"K_1134 Suldal"	"1976"	3922	66	46	20	357	152	205	226
"K_1134 Suldal"	"1977"	4148	66	50	16	312	197	115	131
"K_1134 Suldal"	"1978"	4292	94	50	44	328	185	143	187
"K_1134 Suldal"	"1979"	4479	75	39	36	240	186	54	91
"K_1134 Suldal"	"1980"	4570	89	46	43	205	253	-48	-5
"K_1134 Suldal"	"1981"	4565	83	51	32	192	206	-14	17
"K_1134 Suldal"	"1982"	4582	81	50	31	141	212	-71	-40
"K_1134 Suldal"	"1983"	4542	67	45	22	178	198	-20	2
"K_1134 Suldal"	"1984"	4544	54	55	-1	111	177	-66	-69
"K_1134 Suldal"	"1985"	4475	79	41	38	143	249	-106	-65
"K_1134 Suldal"	"1986"	4410	57	45	12	138	283	-145	-129
"K_1134 Suldal"	"1987"	4281	67	57	10	163	215	-52	-40
"K_1134 Suldal"	"1988"	4241	44	49	-5	145	234	-89	-91
"K_1134 Suldal"	"1989"	4150	52	62	-10	129	148	-19	-31
"K_1134 Suldal"	"1990"	4119	51	47	4	157	141	16	18
"K_1134 Suldal"	"1991"	4137	60	52	8	125	163	-38	-30
"K_1134 Suldal"	"1992"	4107	49	39	10	116	119	-3	7
"K_1134 Suldal"	"1993"	4114	52	59	-7	125	136	-11	-17
"K_1134 Suldal"	"1994"	4097	45	49	-4	142	132	10	5
"K_1134 Suldal"	"1995"	4102	58	47	11	146	149	-3	11
"K_1134 Suldal"	"1996"	4113	56	47	9	114	132	-18	-7
"K_1134 Suldal"	"1997"	4106	52	42	10	166	199	-33	-24
"K_1134 Suldal"	"1998"	4082	53	32	21	139	180	-41	-19
"K_1134 Suldal"	"1999"	4063	44	53	-9	142	152	-10	-20
"K_1134 Suldal"	"2000"	4043	52	45	7	197	204	-7	-1
"K_1134 Suldal"	"2001"	4042	38	50	-12	141	189	-48	-58
"K_1134 Suldal"	"2002"	3984	36	36	0	89	149	-60	-61
"K_1134 Suldal"	"2003"	3923	43	30	13	118	159	-41	-28
"K_1134 Suldal"	"2004"	3895	37	51	-14	138	118	20	6
"K_1134 Suldal"	"2005"	3901	53	29	24	126	167	-41	-18
"K_1134 Suldal"	"2006"	3883	41	55	-14	155	145	10	-9
"K_1134 Suldal"	"2007"	3874	32	41	-9	104	146	-42	-51
"K_1134 Suldal"	"2008"	3823	45	41	4	125	119	6	10
"K_1134 Suldal"	"2009"	3833	47	44	3	138	125	13	16
"K_1134 Suldal"	"2010"	3849	30	44	-14	170	155	15	1
"K_1134 Suldal"	"2011"	3850	39	49	-10	147	142	5	-5
"K_1134 Suldal"	"2012"	3845	42	54	-12	185	144	41	27
"K_1134 Suldal"	"2013"	3872	47	51	-4	167	153	14	9
"K_1134 Suldal"	"2014"	3881	41	48	-7	151	133	18	11
"K_1134 Suldal"	"2015"	3892	37	33	4	164	158	6	11
"K_1134 Suldal"	"2016"	3903	44	42	2	126	177	-51	-50
"K_1134 Suldal"	"2017"	3853	47	32	15	123	141	-18	-4
"K_1134 Suldal"	"2018"	3849	36	46	-10	131	176	-45	-55
"K_1134 Suldal"	"2019"	3794	37	37	0	129	119	10	10
"K_1134 Suldal"	"2020"	3804	30	26	4	132	131	1	5
"K_1134 Suldal"	"2021"	3809	32	34	-2	150	172	-22	-25
"K_1134 Suldal"	"2022"	3784	34	46	-12	175	130	45	31
"K_1134 Suldal"	"2023"	3815	44	29	15	206	152	54	74
"K_1134 Suldal"	"2024"	3889	..	..	..	..	..	..	..
"K_1135 Sauda"	"1951"	5348	106	25	81	263	267	-4	77
"K_1135 Sauda"	"1952"	5425	105	32	73	277	208	69	142
"K_1135 Sauda"	"1953"	5567	132	42	90	253	250	3	93
"K_1135 Sauda"	"1954"	5660	116	31	85	147	270	-123	-38
"K_1135 Sauda"	"1955"	5622	115	27	88	212	230	-18	40
"K_1135 Sauda"	"1956"	5662	124	35	89	352	255	97	186
"K_1135 Sauda"	"1957"	5848	136	35	101	249	271	-22	79
"K_1135 Sauda"	"1958"	5927	116	50	66	253	241	12	78
"K_1135 Sauda"	"1959"	6005	123	45	78	262	235	27	105
"K_1135 Sauda"	"1960"	6110	124	47	77	344	278	66	153
"K_1135 Sauda"	"1961"	6263	128	57	71	226	277	-51	20
"K_1135 Sauda"	"1962"	6283	118	45	73	163	364	-201	-128
"K_1135 Sauda"	"1963"	6155	118	50	68	188	254	-66	2
"K_1135 Sauda"	"1964"	6157	119	44	75	158	248	-90	-15
"K_1135 Sauda"	"1965"	6142	129	36	93	206	339	-133	-40
"K_1135 Sauda"	"1966"	6102	90	40	50	208	252	-44	52
"K_1135 Sauda"	"1967"	6154	111	37	74	174	309	-135	-61
"K_1135 Sauda"	"1968"	6093	100	55	45	207	315	-108	-66
"K_1135 Sauda"	"1969"	6027	118	48	70	168	324	-156	-79
"K_1135 Sauda"	"1970"	5948	99	53	46	262	364	-102	-62
"K_1135 Sauda"	"1971"	5886	92	56	36	220	233	-13	18
"K_1135 Sauda"	"1972"	5904	76	61	15	170	240	-70	-56
"K_1135 Sauda"	"1973"	5848	72	51	21	219	255	-36	-15
"K_1135 Sauda"	"1974"	5833	80	57	23	209	262	-53	-34
"K_1135 Sauda"	"1975"	5799	79	47	32	181	226	-45	-16
"K_1135 Sauda"	"1976"	5783	76	67	9	164	192	-28	-19
"K_1135 Sauda"	"1977"	5764	76	70	6	188	199	-11	-7
"K_1135 Sauda"	"1978"	5757	55	65	-10	167	200	-33	-44
"K_1135 Sauda"	"1979"	5713	70	58	12	161	176	-15	-1
"K_1135 Sauda"	"1980"	5712	63	65	-2	156	222	-66	-75
"K_1135 Sauda"	"1981"	5637	74	66	8	124	250	-126	-118
"K_1135 Sauda"	"1982"	5519	76	58	18	161	184	-23	-5
"K_1135 Sauda"	"1983"	5514	79	69	10	125	151	-26	-16
"K_1135 Sauda"	"1984"	5498	57	61	-4	159	176	-17	-21
"K_1135 Sauda"	"1985"	5477	75	63	12	154	160	-6	7
"K_1135 Sauda"	"1986"	5484	73	61	12	156	172	-16	-2
"K_1135 Sauda"	"1987"	5482	75	77	-2	147	202	-55	-66
"K_1135 Sauda"	"1988"	5416	73	57	16	139	171	-32	-13
"K_1135 Sauda"	"1989"	5403	78	52	26	93	163	-70	-48
"K_1135 Sauda"	"1990"	5355	64	75	-11	110	168	-58	-69
"K_1135 Sauda"	"1991"	5286	81	64	17	136	145	-9	8
"K_1135 Sauda"	"1992"	5294	68	62	6	107	125	-18	-11
"K_1135 Sauda"	"1993"	5283	61	62	-1	113	189	-76	-84
"K_1135 Sauda"	"1994"	5199	87	62	25	149	149	0	27
"K_1135 Sauda"	"1995"	5226	59	52	7	140	184	-44	-36
"K_1135 Sauda"	"1996"	5190	66	56	10	144	176	-32	-24
"K_1135 Sauda"	"1997"	5166	66	50	16	117	144	-27	-11
"K_1135 Sauda"	"1998"	5155	59	61	-2	124	173	-49	-53
"K_1135 Sauda"	"1999"	5102	61	62	-1	135	155	-20	-21
"K_1135 Sauda"	"2000"	5081	52	53	-1	103	164	-61	-62
"K_1135 Sauda"	"2001"	5019	34	63	-29	109	173	-64	-93
"K_1135 Sauda"	"2002"	4926	41	56	-15	144	144	0	-11
"K_1135 Sauda"	"2003"	4915	39	66	-27	107	116	-9	-37
"K_1135 Sauda"	"2004"	4878	45	64	-19	95	135	-40	-59
"K_1135 Sauda"	"2005"	4819	45	70	-25	128	157	-29	-50
"K_1135 Sauda"	"2006"	4769	42	60	-18	125	145	-20	-37
"K_1135 Sauda"	"2007"	4732	45	57	-12	147	133	14	2
"K_1135 Sauda"	"2008"	4734	46	68	-22	174	156	18	-4
"K_1135 Sauda"	"2009"	4730	44	61	-17	131	154	-23	-35
"K_1135 Sauda"	"2010"	4695	41	67	-26	176	137	39	8
"K_1135 Sauda"	"2011"	4703	38	51	-13	207	143	64	51
"K_1135 Sauda"	"2012"	4754	49	62	-13	163	160	3	-9
"K_1135 Sauda"	"2013"	4745	37	45	-8	176	156	20	15
"K_1135 Sauda"	"2014"	4760	40	54	-14	158	145	13	-4
"K_1135 Sauda"	"2015"	4756	44	54	-10	142	178	-36	-46
"K_1135 Sauda"	"2016"	4710	41	64	-23	218	140	78	50
"K_1135 Sauda"	"2017"	4760	36	54	-18	135	213	-78	-97
"K_1135 Sauda"	"2018"	4663	40	53	-13	124	177	-53	-66
"K_1135 Sauda"	"2019"	4597	39	54	-15	146	134	12	-2
"K_1135 Sauda"	"2020"	4595	34	59	-25	154	162	-8	-34
"K_1135 Sauda"	"2021"	4561	48	61	-13	140	162	-22	-36
"K_1135 Sauda"	"2022"	4525	39	79	-40	211	154	57	18
"K_1135 Sauda"	"2023"	4543	30	58	-28	232	175	57	29
"K_1135 Sauda"	"2024"	4572	..	..	..	..	..	..	..
"K_1144 Kvitsøy"	"1951"	676	8	5	3	13	19	-6	-3
"K_1144 Kvitsøy"	"1952"	673	8	3	5	14	23	-9	-4
"K_1144 Kvitsøy"	"1953"	669	15	4	11	18	26	-8	3
"K_1144 Kvitsøy"	"1954"	672	13	5	8	20	25	-5	3
"K_1144 Kvitsøy"	"1955"	675	15	7	8	20	20	0	3
"K_1144 Kvitsøy"	"1956"	678	12	4	8	14	32	-18	-10
"K_1144 Kvitsøy"	"1957"	668	16	4	12	20	28	-8	4
"K_1144 Kvitsøy"	"1958"	672	14	10	4	20	29	-9	-5
"K_1144 Kvitsøy"	"1959"	667	15	7	8	15	20	-5	3
"K_1144 Kvitsøy"	"1960"	670	20	10	10	28	30	-2	2
"K_1144 Kvitsøy"	"1961"	672	14	10	4	13	17	-4	0
"K_1144 Kvitsøy"	"1962"	672	12	4	8	27	25	2	10
"K_1144 Kvitsøy"	"1963"	682	15	7	8	21	28	-7	1
"K_1144 Kvitsøy"	"1964"	683	12	8	4	19	23	-4	0
"K_1144 Kvitsøy"	"1965"	683	14	7	7	15	41	-26	-19
"K_1144 Kvitsøy"	"1966"	664	9	8	1	26	39	-13	-3
"K_1144 Kvitsøy"	"1967"	661	7	5	2	15	29	-14	-12
"K_1144 Kvitsøy"	"1968"	649	12	6	6	27	24	3	9
"K_1144 Kvitsøy"	"1969"	658	12	4	8	26	56	-30	-23
"K_1144 Kvitsøy"	"1970"	635	7	13	-6	15	41	-26	-30
"K_1144 Kvitsøy"	"1971"	605	7	12	-5	22	29	-7	-12
"K_1144 Kvitsøy"	"1972"	593	2	5	-3	13	30	-17	-20
"K_1144 Kvitsøy"	"1973"	573	4	7	-3	3	18	-15	-18
"K_1144 Kvitsøy"	"1974"	555	5	9	-4	21	35	-14	-19
"K_1144 Kvitsøy"	"1975"	536	3	4	-1	23	29	-6	-7
"K_1144 Kvitsøy"	"1976"	529	0	5	-5	21	14	7	2
"K_1144 Kvitsøy"	"1977"	531	7	8	-1	21	7	14	13
"K_1144 Kvitsøy"	"1978"	544	5	6	-1	19	14	5	4
"K_1144 Kvitsøy"	"1979"	548	7	7	0	21	15	6	7
"K_1144 Kvitsøy"	"1980"	555	6	12	-6	13	17	-4	-11
"K_1144 Kvitsøy"	"1981"	544	5	11	-6	46	30	16	10
"K_1144 Kvitsøy"	"1982"	554	6	3	3	11	29	-18	-15
"K_1144 Kvitsøy"	"1983"	539	7	9	-2	34	31	3	1
"K_1144 Kvitsøy"	"1984"	540	5	5	0	13	22	-9	-9
"K_1144 Kvitsøy"	"1985"	531	7	6	1	19	33	-14	-13
"K_1144 Kvitsøy"	"1986"	518	3	7	-4	10	18	-8	-12
"K_1144 Kvitsøy"	"1987"	506	5	8	-3	11	25	-14	-18
"K_1144 Kvitsøy"	"1988"	488	6	12	-6	33	17	16	11
"K_1144 Kvitsøy"	"1989"	499	6	10	-4	13	16	-3	-7
"K_1144 Kvitsøy"	"1990"	492	5	9	-4	11	19	-8	-12
"K_1144 Kvitsøy"	"1991"	480	6	7	-1	21	18	3	2
"K_1144 Kvitsøy"	"1992"	482	7	3	4	14	18	-4	0
"K_1144 Kvitsøy"	"1993"	482	10	11	-1	22	13	9	8
"K_1144 Kvitsøy"	"1994"	490	8	5	3	35	13	22	25
"K_1144 Kvitsøy"	"1995"	515	10	5	5	33	22	11	17
"K_1144 Kvitsøy"	"1996"	532	7	9	-2	28	40	-12	-14
"K_1144 Kvitsøy"	"1997"	518	3	3	0	28	23	5	5
"K_1144 Kvitsøy"	"1998"	523	3	2	1	18	32	-14	-13
"K_1144 Kvitsøy"	"1999"	510	7	6	1	30	18	12	13
"K_1144 Kvitsøy"	"2000"	523	9	6	3	41	38	3	6
"K_1144 Kvitsøy"	"2001"	529	5	9	-4	28	33	-5	-9
"K_1144 Kvitsøy"	"2002"	520	4	9	-5	39	35	4	-1
"K_1144 Kvitsøy"	"2003"	519	4	4	0	19	30	-11	-11
"K_1144 Kvitsøy"	"2004"	508	10	6	4	28	29	-1	3
"K_1144 Kvitsøy"	"2005"	511	4	5	-1	29	17	12	10
"K_1144 Kvitsøy"	"2006"	521	4	5	-1	28	21	7	6
"K_1144 Kvitsøy"	"2007"	527	6	3	3	31	23	8	11
"K_1144 Kvitsøy"	"2008"	538	6	2	4	18	19	-1	4
"K_1144 Kvitsøy"	"2009"	542	7	12	-5	20	29	-9	-15
"K_1144 Kvitsøy"	"2010"	527	5	7	-2	22	19	3	1
"K_1144 Kvitsøy"	"2011"	528	2	6	-4	17	22	-5	-9
"K_1144 Kvitsøy"	"2012"	519	3	8	-5	32	18	14	9
"K_1144 Kvitsøy"	"2013"	528	5	6	-1	28	24	4	3
"K_1144 Kvitsøy"	"2014"	531	6	6	0	52	49	3	3
"K_1144 Kvitsøy"	"2015"	534	4	6	-2	26	34	-8	-10
"K_1144 Kvitsøy"	"2016"	524	6	6	0	26	16	10	10
"K_1144 Kvitsøy"	"2017"	534	7	4	3	27	23	4	8
"K_1144 Kvitsøy"	"2018"	542	0	4	-4	14	36	-22	-26
"K_1144 Kvitsøy"	"2019"	516	3	5	-2	23	19	4	1
"K_1144 Kvitsøy"	"2020"	517	7	6	1	15	26	-11	-10
"K_1144 Kvitsøy"	"2021"	507	5	3	2	35	21	14	16
"K_1144 Kvitsøy"	"2022"	523	1	4	-3	48	33	15	12
"K_1144 Kvitsøy"	"2023"	535	6	9	-3	41	29	12	9
"K_1144 Kvitsøy"	"2024"	544	..	..	..	..	..	..	..
"K_1145 Bokn"	"1951"	790	15	3	12	18	43	-25	-13
"K_1145 Bokn"	"1952"	777	15	10	5	29	33	-4	1
"K_1145 Bokn"	"1953"	778	14	12	2	24	27	-3	-1
"K_1145 Bokn"	"1954"	777	13	4	9	15	13	2	11
"K_1145 Bokn"	"1955"	788	16	3	13	17	14	3	30
"K_1145 Bokn"	"1956"	818	19	10	9	28	43	-15	-6
"K_1145 Bokn"	"1957"	812	19	5	14	40	39	1	15
"K_1145 Bokn"	"1958"	827	21	7	14	19	26	-7	7
"K_1145 Bokn"	"1959"	834	21	10	11	22	33	-11	0
"K_1145 Bokn"	"1960"	834	16	7	9	15	34	-19	-12
"K_1145 Bokn"	"1961"	822	17	9	8	22	32	-10	-2
"K_1145 Bokn"	"1962"	820	19	8	11	15	26	-11	0
"K_1145 Bokn"	"1963"	820	13	11	2	19	40	-21	-19
"K_1145 Bokn"	"1964"	801	12	7	5	23	36	-13	-8
"K_1145 Bokn"	"1965"	793	12	4	8	16	40	-24	-16
"K_1145 Bokn"	"1966"	777	13	4	9	27	42	-15	-3
"K_1145 Bokn"	"1967"	774	12	10	2	14	44	-30	-28
"K_1145 Bokn"	"1968"	746	13	7	6	18	26	-8	-3
"K_1145 Bokn"	"1969"	743	17	11	6	55	49	6	16
"K_1145 Bokn"	"1970"	759	11	8	3	34	37	-3	-8
"K_1145 Bokn"	"1971"	751	13	9	4	18	46	-28	-25
"K_1145 Bokn"	"1972"	726	10	8	2	32	46	-14	-17
"K_1145 Bokn"	"1973"	709	10	13	-3	24	18	6	4
"K_1145 Bokn"	"1974"	713	10	11	-1	32	35	-3	-7
"K_1145 Bokn"	"1975"	706	5	11	-6	33	31	2	-6
"K_1145 Bokn"	"1976"	700	13	5	8	37	31	6	14
"K_1145 Bokn"	"1977"	714	12	5	7	15	19	-4	2
"K_1145 Bokn"	"1978"	716	7	7	0	27	18	9	9
"K_1145 Bokn"	"1979"	725	12	13	-1	29	28	1	0
"K_1145 Bokn"	"1980"	725	15	9	6	29	44	-15	-9
"K_1145 Bokn"	"1981"	716	9	6	3	27	26	1	4
"K_1145 Bokn"	"1982"	720	7	4	3	17	21	-4	-1
"K_1145 Bokn"	"1983"	719	8	6	2	32	20	12	14
"K_1145 Bokn"	"1984"	733	15	12	3	24	19	5	10
"K_1145 Bokn"	"1985"	743	11	5	6	16	22	-6	-1
"K_1145 Bokn"	"1986"	742	9	2	7	12	22	-10	-3
"K_1145 Bokn"	"1987"	739	8	11	-3	16	16	0	-3
"K_1145 Bokn"	"1988"	736	10	2	8	13	20	-7	2
"K_1145 Bokn"	"1989"	738	5	2	3	14	17	-3	0
"K_1145 Bokn"	"1990"	738	9	7	2	24	28	-4	-2
"K_1145 Bokn"	"1991"	736	6	5	1	20	19	1	2
"K_1145 Bokn"	"1992"	738	8	6	2	43	23	20	22
"K_1145 Bokn"	"1993"	760	10	9	1	40	26	14	15
"K_1145 Bokn"	"1994"	775	12	16	-4	43	38	5	-3
"K_1145 Bokn"	"1995"	772	8	8	0	31	24	7	7
"K_1145 Bokn"	"1996"	779	12	8	4	24	36	-12	-8
"K_1145 Bokn"	"1997"	771	9	9	0	21	19	2	2
"K_1145 Bokn"	"1998"	773	9	10	-1	17	36	-19	-20
"K_1145 Bokn"	"1999"	753	14	6	8	48	23	25	33
"K_1145 Bokn"	"2000"	786	10	10	0	34	28	6	6
"K_1145 Bokn"	"2001"	792	9	12	-3	27	51	-24	-27
"K_1145 Bokn"	"2002"	765	8	6	2	21	23	-2	0
"K_1145 Bokn"	"2003"	765	17	3	14	29	41	-12	2
"K_1145 Bokn"	"2004"	767	11	2	9	33	40	-7	2
"K_1145 Bokn"	"2005"	769	6	10	-4	30	25	5	1
"K_1145 Bokn"	"2006"	770	13	7	6	36	19	17	23
"K_1145 Bokn"	"2007"	793	5	2	3	47	20	27	30
"K_1145 Bokn"	"2008"	823	12	12	0	27	39	-12	-12
"K_1145 Bokn"	"2009"	811	13	7	6	44	29	15	20
"K_1145 Bokn"	"2010"	831	8	10	-2	49	41	8	6
"K_1145 Bokn"	"2011"	837	6	6	0	43	29	14	14
"K_1145 Bokn"	"2012"	851	5	3	2	57	45	12	14
"K_1145 Bokn"	"2013"	865	2	7	-5	56	48	8	3
"K_1145 Bokn"	"2014"	868	8	5	3	35	41	-6	-3
"K_1145 Bokn"	"2015"	865	12	8	4	40	44	-4	0
"K_1145 Bokn"	"2016"	865	4	8	-4	32	38	-6	-10
"K_1145 Bokn"	"2017"	855	9	3	6	29	46	-17	-11
"K_1145 Bokn"	"2018"	844	6	8	-2	32	34	-2	-4
"K_1145 Bokn"	"2019"	840	10	6	4	21	13	8	12
"K_1145 Bokn"	"2020"	852	5	8	-3	30	20	10	7
"K_1145 Bokn"	"2021"	859	9	6	3	31	38	-7	-4
"K_1145 Bokn"	"2022"	855	9	8	1	51	40	11	13
"K_1145 Bokn"	"2023"	868	8	9	-1	57	41	16	15
"K_1145 Bokn"	"2024"	883	..	..	..	..	..	..	..
"K_1146 Tysvær"	"1951"	3331	59	28	31	98	162	-64	-33
"K_1146 Tysvær"	"1952"	3298	71	29	42	95	169	-74	-32
"K_1146 Tysvær"	"1953"	3266	60	38	22	118	154	-36	-14
"K_1146 Tysvær"	"1954"	3252	68	32	36	120	184	-64	-28
"K_1146 Tysvær"	"1955"	3224	61	24	37	97	180	-83	6
"K_1146 Tysvær"	"1956"	3230	66	25	41	137	163	-26	15
"K_1146 Tysvær"	"1957"	3245	60	21	39	83	172	-89	-50
"K_1146 Tysvær"	"1958"	3195	62	29	33	132	169	-37	-4
"K_1146 Tysvær"	"1959"	3191	58	25	33	90	179	-89	-56
"K_1146 Tysvær"	"1960"	3135	53	28	25	156	188	-32	-24
"K_1146 Tysvær"	"1961"	3111	72	25	47	116	141	-25	22
"K_1146 Tysvær"	"1962"	3133	51	26	25	93	179	-86	-61
"K_1146 Tysvær"	"1963"	3072	56	24	32	78	141	-63	-31
"K_1146 Tysvær"	"1964"	3041	61	34	27	105	111	-6	21
"K_1146 Tysvær"	"1965"	5207	108	49	59	249	234	15	74
"K_1146 Tysvær"	"1966"	5281	104	49	55	238	282	-44	162
"K_1146 Tysvær"	"1967"	5443	98	62	36	230	227	3	39
"K_1146 Tysvær"	"1968"	5482	105	58	47	288	285	3	37
"K_1146 Tysvær"	"1969"	5525	113	48	65	283	220	63	-42
"K_1146 Tysvær"	"1970"	5483	114	50	64	347	314	33	118
"K_1146 Tysvær"	"1971"	5601	117	60	57	328	223	105	165
"K_1146 Tysvær"	"1972"	5766	118	51	67	348	225	123	205
"K_1146 Tysvær"	"1973"	5971	118	67	51	407	217	190	238
"K_1146 Tysvær"	"1974"	6209	115	61	54	380	245	135	176
"K_1146 Tysvær"	"1975"	6385	111	47	64	276	254	22	83
"K_1146 Tysvær"	"1976"	6468	106	53	53	240	198	42	98
"K_1146 Tysvær"	"1977"	6566	110	53	57	211	203	8	66
"K_1146 Tysvær"	"1978"	6632	118	67	51	359	224	135	180
"K_1146 Tysvær"	"1979"	6812	112	59	53	282	245	37	90
"K_1146 Tysvær"	"1980"	6902	117	72	45	264	245	19	65
"K_1146 Tysvær"	"1981"	6967	96	65	31	235	214	21	56
"K_1146 Tysvær"	"1982"	7023	100	72	28	268	214	54	82
"K_1146 Tysvær"	"1983"	7105	106	43	63	467	236	231	290
"K_1146 Tysvær"	"1984"	7395	114	57	57	460	275	185	243
"K_1146 Tysvær"	"1985"	7638	106	65	41	341	411	-70	-25
"K_1146 Tysvær"	"1986"	7613	135	61	74	366	293	73	144
"K_1146 Tysvær"	"1987"	7757	111	47	64	303	272	31	99
"K_1146 Tysvær"	"1988"	7856	134	57	77	320	292	28	101
"K_1146 Tysvær"	"1989"	7957	133	58	75	307	318	-11	56
"K_1146 Tysvær"	"1990"	8013	136	70	66	243	348	-105	-39
"K_1146 Tysvær"	"1991"	7974	121	47	74	318	316	2	77
"K_1146 Tysvær"	"1992"	8051	108	63	45	265	339	-74	-28
"K_1146 Tysvær"	"1993"	8023	124	60	64	309	324	-15	49
"K_1146 Tysvær"	"1994"	8072	131	71	60	331	331	0	61
"K_1146 Tysvær"	"1995"	8133	119	57	62	430	334	96	158
"K_1146 Tysvær"	"1996"	8291	138	57	81	390	370	20	102
"K_1146 Tysvær"	"1997"	8393	126	72	54	391	331	60	113
"K_1146 Tysvær"	"1998"	8506	152	54	98	435	371	64	163
"K_1146 Tysvær"	"1999"	8669	128	65	63	474	384	90	159
"K_1146 Tysvær"	"2000"	8828	140	62	78	420	417	3	81
"K_1146 Tysvær"	"2001"	8909	128	47	81	458	414	44	127
"K_1146 Tysvær"	"2002"	9036	119	65	54	378	376	2	56
"K_1146 Tysvær"	"2003"	9092	119	64	55	487	421	66	121
"K_1146 Tysvær"	"2004"	9213	124	63	61	540	446	94	157
"K_1146 Tysvær"	"2005"	9370	140	54	86	360	461	-101	-21
"K_1146 Tysvær"	"2006"	9349	141	42	99	473	407	66	164
"K_1146 Tysvær"	"2007"	9513	130	53	77	497	484	13	91
"K_1146 Tysvær"	"2008"	9604	118	66	52	514	456	58	108
"K_1146 Tysvær"	"2009"	9712	158	58	100	568	453	115	216
"K_1146 Tysvær"	"2010"	9928	147	62	85	606	429	177	263
"K_1146 Tysvær"	"2011"	10191	120	69	51	725	648	77	129
"K_1146 Tysvær"	"2012"	10320	153	81	72	601	511	90	167
"K_1146 Tysvær"	"2013"	10487	120	58	62	616	497	119	181
"K_1146 Tysvær"	"2014"	10668	155	59	96	595	501	94	189
"K_1146 Tysvær"	"2015"	10857	126	73	53	597	584	13	68
"K_1146 Tysvær"	"2016"	10925	150	63	87	530	499	31	116
"K_1146 Tysvær"	"2017"	11041	128	67	61	459	537	-78	-18
"K_1146 Tysvær"	"2018"	11023	113	63	50	483	528	-45	5
"K_1146 Tysvær"	"2019"	11028	120	60	60	473	496	-23	37
"K_1146 Tysvær"	"2020"	11065	127	75	52	645	586	59	113
"K_1146 Tysvær"	"2021"	11178	141	70	71	583	542	41	105
"K_1146 Tysvær"	"2022"	11283	120	83	37	633	549	84	122
"K_1146 Tysvær"	"2023"	11405	116	87	29	655	519	136	165
"K_1146 Tysvær"	"2024"	11570	..	..	..	..	..	..	..
"K_1149 Karmøy"	"1951"	20170	481	167	314	680	717	-37	277
"K_1149 Karmøy"	"1952"	20447	499	161	338	636	656	-20	318
"K_1149 Karmøy"	"1953"	20765	491	153	338	723	774	-51	287
"K_1149 Karmøy"	"1954"	21052	475	158	317	741	690	51	368
"K_1149 Karmøy"	"1955"	21420	441	167	274	706	770	-64	257
"K_1149 Karmøy"	"1956"	21677	467	178	289	848	841	7	296
"K_1149 Karmøy"	"1957"	21973	452	169	283	896	928	-32	251
"K_1149 Karmøy"	"1958"	22224	498	178	320	824	880	-56	264
"K_1149 Karmøy"	"1959"	22488	455	186	269	729	923	-194	75
"K_1149 Karmøy"	"1960"	22563	466	170	296	1047	1346	-299	41
"K_1149 Karmøy"	"1961"	22604	455	205	250	773	776	-3	247
"K_1149 Karmøy"	"1962"	22851	471	212	259	1075	904	171	430
"K_1149 Karmøy"	"1963"	23281	499	204	295	1111	937	174	469
"K_1149 Karmøy"	"1964"	23750	534	193	341	1137	947	190	531
"K_1149 Karmøy"	"1965"	23217	517	185	332	1196	543	653	985
"K_1149 Karmøy"	"1966"	24202	598	224	374	1097	651	446	852
"K_1149 Karmøy"	"1967"	25054	606	217	389	1292	805	487	876
"K_1149 Karmøy"	"1968"	25930	621	188	433	1131	846	285	603
"K_1149 Karmøy"	"1969"	26533	660	249	411	1076	909	167	774
"K_1149 Karmøy"	"1970"	27307	634	238	396	1141	1133	8	330
"K_1149 Karmøy"	"1971"	27637	655	227	428	1012	833	179	611
"K_1149 Karmøy"	"1972"	28248	573	231	342	943	941	2	362
"K_1149 Karmøy"	"1973"	28610	548	249	299	961	817	144	446
"K_1149 Karmøy"	"1974"	29056	476	232	244	1082	937	145	392
"K_1149 Karmøy"	"1975"	29448	469	250	219	1053	796	257	510
"K_1149 Karmøy"	"1976"	29958	487	241	246	1108	847	261	505
"K_1149 Karmøy"	"1977"	30463	504	221	283	992	801	191	471
"K_1149 Karmøy"	"1978"	30934	485	207	278	966	744	222	500
"K_1149 Karmøy"	"1979"	31434	539	240	299	914	926	-12	283
"K_1149 Karmøy"	"1980"	31717	527	210	317	955	905	50	368
"K_1149 Karmøy"	"1981"	32085	465	226	239	1126	826	300	549
"K_1149 Karmøy"	"1982"	32634	511	249	262	1015	856	159	423
"K_1149 Karmøy"	"1983"	33057	499	245	254	1067	927	140	395
"K_1149 Karmøy"	"1984"	33452	460	274	186	1077	825	252	436
"K_1149 Karmøy"	"1985"	33888	470	249	221	1040	949	91	308
"K_1149 Karmøy"	"1986"	34196	480	272	208	1254	1090	164	358
"K_1149 Karmøy"	"1987"	34554	539	258	281	1055	1056	-1	273
"K_1149 Karmøy"	"1988"	34827	555	266	289	997	1077	-80	188
"K_1149 Karmøy"	"1989"	35015	583	298	285	956	1179	-223	79
"K_1149 Karmøy"	"1990"	35094	587	291	296	977	1246	-269	37
"K_1149 Karmøy"	"1991"	35131	538	263	275	943	1182	-239	23
"K_1149 Karmøy"	"1992"	35154	571	257	314	1117	1093	24	335
"K_1149 Karmøy"	"1993"	35489	570	285	285	1099	1224	-125	156
"K_1149 Karmøy"	"1994"	35645	523	298	225	1162	1378	-216	13
"K_1149 Karmøy"	"1995"	35658	552	285	267	1127	1270	-143	125
"K_1149 Karmøy"	"1996"	35783	530	257	273	1227	1245	-18	258
"K_1149 Karmøy"	"1997"	36041	510	273	237	1173	1193	-20	219
"K_1149 Karmøy"	"1998"	36260	535	270	265	1245	1138	107	377
"K_1149 Karmøy"	"1999"	36637	566	316	250	1330	1242	88	334
"K_1149 Karmøy"	"2000"	36971	526	280	246	1207	1279	-72	174
"K_1149 Karmøy"	"2001"	37145	480	284	196	1141	1386	-245	-52
"K_1149 Karmøy"	"2002"	37093	472	277	195	1061	1149	-88	106
"K_1149 Karmøy"	"2003"	37199	474	295	179	1169	1261	-92	82
"K_1149 Karmøy"	"2004"	37281	420	250	170	1220	1109	111	286
"K_1149 Karmøy"	"2005"	37567	468	255	213	1251	1099	152	361
"K_1149 Karmøy"	"2006"	37928	497	277	220	1401	1206	195	421
"K_1149 Karmøy"	"2007"	38349	481	305	176	1601	1202	399	577
"K_1149 Karmøy"	"2008"	38926	531	297	234	1547	1353	194	428
"K_1149 Karmøy"	"2009"	39354	510	270	240	1308	1277	31	270
"K_1149 Karmøy"	"2010"	39624	565	291	274	1546	1383	163	439
"K_1149 Karmøy"	"2011"	40063	516	319	197	1766	1487	279	473
"K_1149 Karmøy"	"2012"	40536	531	298	233	1706	1355	351	582
"K_1149 Karmøy"	"2013"	41118	515	279	236	1740	1344	396	635
"K_1149 Karmøy"	"2014"	41753	532	272	260	1588	1539	49	309
"K_1149 Karmøy"	"2015"	42062	504	280	224	1531	1628	-97	125
"K_1149 Karmøy"	"2016"	42187	477	300	177	1457	1595	-138	42
"K_1149 Karmøy"	"2017"	42229	460	315	145	1418	1544	-126	14
"K_1149 Karmøy"	"2018"	42243	442	284	158	1357	1599	-242	-82
"K_1149 Karmøy"	"2019"	42161	439	315	124	1299	1406	-107	25
"K_1149 Karmøy"	"2020"	42186	445	306	139	1413	1391	22	159
"K_1149 Karmøy"	"2021"	42345	467	337	130	1531	1469	62	196
"K_1149 Karmøy"	"2022"	42541	415	356	59	1664	1359	305	362
"K_1149 Karmøy"	"2023"	42903	448	363	85	1671	1353	318	403
"K_1149 Karmøy"	"2024"	43306	..	..	..	..	..	..	..
"K_1151 Utsira"	"1951"	428	10	4	6	2	14	-12	-6
"K_1151 Utsira"	"1952"	422	5	4	1	8	37	-29	-28
"K_1151 Utsira"	"1953"	394	9	2	7	1	7	-6	1
"K_1151 Utsira"	"1954"	395	8	6	2	0	3	-3	-1
"K_1151 Utsira"	"1955"	394	9	4	5	3	14	-11	11
"K_1151 Utsira"	"1956"	405	7	4	3	6	23	-17	-14
"K_1151 Utsira"	"1957"	391	7	6	1	6	29	-23	-22
"K_1151 Utsira"	"1958"	369	8	0	8	19	8	11	19
"K_1151 Utsira"	"1959"	388	8	2	6	10	10	0	6
"K_1151 Utsira"	"1960"	394	8	5	3	6	23	-17	3
"K_1151 Utsira"	"1961"	397	2	6	-4	14	17	-3	-7
"K_1151 Utsira"	"1962"	390	9	7	2	4	15	-11	-9
"K_1151 Utsira"	"1963"	381	4	2	2	14	20	-6	-4
"K_1151 Utsira"	"1964"	377	6	3	3	18	24	-6	-3
"K_1151 Utsira"	"1965"	374	3	3	0	2	27	-25	-25
"K_1151 Utsira"	"1966"	349	7	3	4	15	13	2	8
"K_1151 Utsira"	"1967"	357	4	4	0	14	18	-4	-4
"K_1151 Utsira"	"1968"	353	3	3	0	9	11	-2	-2
"K_1151 Utsira"	"1969"	351	3	1	2	10	42	-32	-31
"K_1151 Utsira"	"1970"	320	0	4	-4	9	26	-17	-16
"K_1151 Utsira"	"1971"	304	4	8	-4	11	12	-1	-5
"K_1151 Utsira"	"1972"	299	2	2	0	11	19	-8	-8
"K_1151 Utsira"	"1973"	291	3	3	0	9	12	-3	-4
"K_1151 Utsira"	"1974"	287	0	3	-3	18	12	6	4
"K_1151 Utsira"	"1975"	291	2	0	2	8	15	-7	-5
"K_1151 Utsira"	"1976"	286	3	2	1	2	6	-4	-3
"K_1151 Utsira"	"1977"	283	8	5	3	18	22	-4	-1
"K_1151 Utsira"	"1978"	282	2	4	-2	11	20	-9	-11
"K_1151 Utsira"	"1979"	271	5	7	-2	10	15	-5	-6
"K_1151 Utsira"	"1980"	265	3	4	-1	11	11	0	-2
"K_1151 Utsira"	"1981"	263	3	1	2	15	6	9	11
"K_1151 Utsira"	"1982"	274	3	1	2	10	23	-13	-11
"K_1151 Utsira"	"1983"	263	4	4	0	13	7	6	6
"K_1151 Utsira"	"1984"	269	1	6	-5	16	29	-13	-18
"K_1151 Utsira"	"1985"	251	3	4	-1	8	6	2	1
"K_1151 Utsira"	"1986"	252	1	3	-2	14	20	-6	-8
"K_1151 Utsira"	"1987"	244	3	1	2	8	33	-25	-23
"K_1151 Utsira"	"1988"	221	3	3	0	5	8	-3	-3
"K_1151 Utsira"	"1989"	218	2	0	2	11	8	3	7
"K_1151 Utsira"	"1990"	225	3	5	-2	19	12	7	5
"K_1151 Utsira"	"1991"	230	6	6	0	11	16	-5	-5
"K_1151 Utsira"	"1992"	225	3	5	-2	12	13	-1	-3
"K_1151 Utsira"	"1993"	222	5	2	3	12	20	-8	-5
"K_1151 Utsira"	"1994"	217	2	3	-1	6	10	-4	-5
"K_1151 Utsira"	"1995"	212	2	1	1	7	6	1	2
"K_1151 Utsira"	"1996"	214	5	3	2	9	11	-2	0
"K_1151 Utsira"	"1997"	214	5	1	4	18	8	10	14
"K_1151 Utsira"	"1998"	228	3	2	1	27	10	17	18
"K_1151 Utsira"	"1999"	246	3	3	0	23	13	10	10
"K_1151 Utsira"	"2000"	256	2	6	-4	7	27	-20	-24
"K_1151 Utsira"	"2001"	232	3	3	0	16	15	1	1
"K_1151 Utsira"	"2002"	233	4	5	-1	9	17	-8	-9
"K_1151 Utsira"	"2003"	224	3	6	-3	6	12	-6	-9
"K_1151 Utsira"	"2004"	215	1	2	-1	12	13	-1	-2
"K_1151 Utsira"	"2005"	213	2	2	0	5	9	-4	-4
"K_1151 Utsira"	"2006"	209	1	1	0	11	6	5	5
"K_1151 Utsira"	"2007"	214	2	4	-2	15	15	0	-2
"K_1151 Utsira"	"2008"	212	1	4	-3	18	13	5	2
"K_1151 Utsira"	"2009"	214	1	0	0	12	9	3	4
"K_1151 Utsira"	"2010"	218	3	3	0	14	16	-2	-2
"K_1151 Utsira"	"2011"	216	2	1	1	15	14	1	2
"K_1151 Utsira"	"2012"	218	3	3	0	8	17	-9	-9
"K_1151 Utsira"	"2013"	209	4	4	0	15	13	2	2
"K_1151 Utsira"	"2014"	211	2	1	1	14	20	-6	-5
"K_1151 Utsira"	"2015"	206	0	0	0	11	17	-6	-6
"K_1151 Utsira"	"2016"	200	2	7	-5	19	13	6	1
"K_1151 Utsira"	"2017"	201	2	1	1	7	1	6	7
"K_1151 Utsira"	"2018"	208	2	2	0	6	18	-12	-12
"K_1151 Utsira"	"2019"	196	2	1	1	9	8	1	2
"K_1151 Utsira"	"2020"	198	0	3	-3	11	14	-3	-6
"K_1151 Utsira"	"2021"	192	0	1	-1	8	11	-3	-4
"K_1151 Utsira"	"2022"	188	0	2	-2	30	8	22	20
"K_1151 Utsira"	"2023"	208	1	3	-2	25	16	9	7
"K_1151 Utsira"	"2024"	215	..	..	..	..	..	..	..
"K_1160 Vindafjord"	"1951"	8014	163	69	94	338	420	-82	12
"K_1160 Vindafjord"	"1952"	8026	179	62	117	261	361	-100	17
"K_1160 Vindafjord"	"1953"	8043	164	81	83	281	369	-88	-5
"K_1160 Vindafjord"	"1954"	8038	157	80	77	249	389	-140	-63
"K_1160 Vindafjord"	"1955"	7975	159	57	102	233	384	-151	7
"K_1160 Vindafjord"	"1956"	7982	139	84	55	345	423	-78	-23
"K_1160 Vindafjord"	"1957"	7959	130	74	56	319	414	-95	-39
"K_1160 Vindafjord"	"1958"	7920	162	58	104	305	432	-127	-23
"K_1160 Vindafjord"	"1959"	7897	135	74	61	332	365	-33	28
"K_1160 Vindafjord"	"1960"	7925	140	56	84	395	438	-43	28
"K_1160 Vindafjord"	"1961"	7953	142	83	59	316	357	-41	18
"K_1160 Vindafjord"	"1962"	7971	138	76	62	358	403	-45	17
"K_1160 Vindafjord"	"1963"	7988	148	89	59	269	331	-62	-3
"K_1160 Vindafjord"	"1964"	8539	162	97	65	276	312	-36	29
"K_1160 Vindafjord"	"1965"	7356	129	92	37	308	335	-27	10
"K_1160 Vindafjord"	"1966"	7366	131	73	58	248	387	-139	-85
"K_1160 Vindafjord"	"1967"	7281	129	82	47	254	319	-65	-18
"K_1160 Vindafjord"	"1968"	7263	103	75	28	299	324	-25	7
"K_1160 Vindafjord"	"1969"	7264	124	77	47	289	293	-4	25
"K_1160 Vindafjord"	"1970"	7289	103	86	17	293	440	-147	-132
"K_1160 Vindafjord"	"1971"	7157	127	59	68	271	311	-40	22
"K_1160 Vindafjord"	"1972"	7179	111	76	35	222	272	-50	7
"K_1160 Vindafjord"	"1973"	7186	124	98	26	343	285	58	84
"K_1160 Vindafjord"	"1974"	7270	98	88	10	304	296	8	18
"K_1160 Vindafjord"	"1975"	7288	103	83	20	340	249	91	113
"K_1160 Vindafjord"	"1976"	7401	94	82	12	290	278	12	23
"K_1160 Vindafjord"	"1977"	7424	104	73	31	378	264	114	145
"K_1160 Vindafjord"	"1978"	7556	112	85	27	289	237	52	79
"K_1160 Vindafjord"	"1979"	7635	111	80	31	343	281	62	96
"K_1160 Vindafjord"	"1980"	7731	104	93	11	369	295	74	84
"K_1160 Vindafjord"	"1981"	7815	140	81	59	269	253	16	74
"K_1160 Vindafjord"	"1982"	7889	122	71	51	300	328	-28	24
"K_1160 Vindafjord"	"1983"	7913	135	81	54	314	310	4	58
"K_1160 Vindafjord"	"1984"	7971	112	76	36	226	236	-10	26
"K_1160 Vindafjord"	"1985"	7997	110	88	22	306	289	17	38
"K_1160 Vindafjord"	"1986"	8035	119	85	34	247	338	-91	-62
"K_1160 Vindafjord"	"1987"	7973	110	86	24	283	307	-24	8
"K_1160 Vindafjord"	"1988"	7981	113	74	39	241	241	0	39
"K_1160 Vindafjord"	"1989"	8020	100	89	11	251	263	-12	0
"K_1160 Vindafjord"	"1990"	8020	111	83	28	213	235	-22	6
"K_1160 Vindafjord"	"1991"	8026	107	74	33	269	301	-32	2
"K_1160 Vindafjord"	"1992"	8028	122	67	55	263	246	17	72
"K_1160 Vindafjord"	"1993"	8100	99	82	17	266	289	-23	-10
"K_1160 Vindafjord"	"1994"	8090	100	73	27	327	313	14	43
"K_1160 Vindafjord"	"1995"	8133	135	87	48	232	293	-61	-11
"K_1160 Vindafjord"	"1996"	8122	111	83	28	285	325	-40	-13
"K_1160 Vindafjord"	"1997"	8109	115	85	30	279	292	-13	16
"K_1160 Vindafjord"	"1998"	8125	103	72	31	310	304	6	38
"K_1160 Vindafjord"	"1999"	8163	114	92	22	244	293	-49	-28
"K_1160 Vindafjord"	"2000"	8135	122	75	47	291	326	-35	12
"K_1160 Vindafjord"	"2001"	8147	124	75	49	321	356	-35	18
"K_1160 Vindafjord"	"2002"	8165	101	102	-1	281	314	-33	-35
"K_1160 Vindafjord"	"2003"	8130	120	63	57	308	314	-6	52
"K_1160 Vindafjord"	"2004"	8182	94	87	7	299	368	-69	-62
"K_1160 Vindafjord"	"2005"	8120	100	62	38	276	316	-40	-1
"K_1160 Vindafjord"	"2006"	8119	93	79	14	286	308	-22	-8
"K_1160 Vindafjord"	"2007"	8111	107	100	7	263	296	-33	-27
"K_1160 Vindafjord"	"2008"	8084	85	70	15	311	260	51	77
"K_1160 Vindafjord"	"2009"	8161	99	69	30	305	299	6	36
"K_1160 Vindafjord"	"2010"	8197	107	77	30	379	309	70	101
"K_1160 Vindafjord"	"2011"	8298	119	78	41	400	292	108	149
"K_1160 Vindafjord"	"2012"	8447	114	71	43	419	294	125	168
"K_1160 Vindafjord"	"2013"	8615	101	71	30	421	319	102	132
"K_1160 Vindafjord"	"2014"	8747	109	77	32	357	370	-13	18
"K_1160 Vindafjord"	"2015"	8765	94	86	8	349	333	16	23
"K_1160 Vindafjord"	"2016"	8788	113	69	44	336	342	-6	40
"K_1160 Vindafjord"	"2017"	8828	107	80	27	291	353	-62	-35
"K_1160 Vindafjord"	"2018"	8793	88	81	7	263	320	-57	-50
"K_1160 Vindafjord"	"2019"	8743	103	81	22	281	332	-51	-29
"K_1160 Vindafjord"	"2020"	8714	80	72	8	309	327	-18	-9
"K_1160 Vindafjord"	"2021"	8705	75	62	13	412	353	59	70
"K_1160 Vindafjord"	"2022"	8775	101	71	30	397	358	39	69
"K_1160 Vindafjord"	"2023"	8844	91	82	9	418	334	84	94
"K_1160 Vindafjord"	"2024"	8938	..	..	..	..	..	..	..
"K_4601 Bergen"	"1951"	155517	2604	1291	1313	7602	7213	389	1702
"K_4601 Bergen"	"1952"	157219	2849	1254	1595	7360	6908	452	2047
"K_4601 Bergen"	"1953"	159266	2828	1325	1503	8620	8009	611	2114
"K_4601 Bergen"	"1954"	161380	2889	1447	1442	8405	7671	734	2176
"K_4601 Bergen"	"1955"	163556	2934	1319	1615	8592	7725	867	2581
"K_4601 Bergen"	"1956"	166137	2943	1370	1573	8558	7924	634	2207
"K_4601 Bergen"	"1957"	168344	3101	1572	1529	10124	9385	739	2268
"K_4601 Bergen"	"1958"	170612	3130	1530	1600	9638	8586	1052	2652
"K_4601 Bergen"	"1959"	173264	3315	1614	1701	9805	9192	613	2314
"K_4601 Bergen"	"1960"	175578	3163	1549	1614	10918	9939	979	2206
"K_4601 Bergen"	"1961"	177784	3273	1574	1699	10138	9209	929	2628
"K_4601 Bergen"	"1962"	180412	3278	1721	1557	10381	9692	689	2246
"K_4601 Bergen"	"1963"	182658	3358	1749	1609	10515	9863	652	2261
"K_4601 Bergen"	"1964"	193777	3600	1824	1776	10072	9962	110	1886
"K_4601 Bergen"	"1965"	195663	3616	1677	1939	11623	11301	322	2261
"K_4601 Bergen"	"1966"	197924	3814	1740	2074	12004	11710	294	2337
"K_4601 Bergen"	"1967"	200261	4035	1846	2189	12726	12490	236	2425
"K_4601 Bergen"	"1968"	202686	3984	1986	1998	13470	13284	186	2457
"K_4601 Bergen"	"1969"	205143	4032	2054	1978	14241	13266	975	2936
"K_4601 Bergen"	"1970"	208079	3945	1889	2056	17792	17284	508	2318
"K_4601 Bergen"	"1971"	210397	3836	1896	1940	14012	14266	-254	1573
"K_4601 Bergen"	"1972"	211970	3961	1931	2030	7695	7891	-196	1747
"K_4601 Bergen"	"1973"	213717	3824	1923	1901	7630	8763	-1133	863
"K_4601 Bergen"	"1974"	214580	3572	1936	1636	7649	9753	-2104	-561
"K_4601 Bergen"	"1975"	214019	3365	1858	1507	7320	9174	-1854	-425
"K_4601 Bergen"	"1976"	213594	3160	1946	1214	6654	8682	-2028	-839
"K_4601 Bergen"	"1977"	212755	2843	1922	921	7201	8994	-1793	-894
"K_4601 Bergen"	"1978"	211861	2847	1916	931	6486	8794	-2308	-1456
"K_4601 Bergen"	"1979"	210405	2762	2039	723	6586	8817	-2231	-1495
"K_4601 Bergen"	"1980"	208910	2783	1931	852	6797	8666	-1869	-1111
"K_4601 Bergen"	"1981"	207799	2784	2009	775	7005	8170	-1165	-380
"K_4601 Bergen"	"1982"	207419	2777	2050	727	6805	7606	-801	-127
"K_4601 Bergen"	"1983"	207292	2619	2063	556	6934	7464	-530	40
"K_4601 Bergen"	"1984"	207332	2619	2039	580	6701	7217	-516	84
"K_4601 Bergen"	"1985"	207416	2757	2131	626	7181	7330	-149	506
"K_4601 Bergen"	"1986"	207922	2976	2056	920	7482	7407	75	964
"K_4601 Bergen"	"1987"	208886	3012	2139	873	7872	7688	184	945
"K_4601 Bergen"	"1988"	209831	3260	2074	1186	7725	7661	64	1264
"K_4601 Bergen"	"1989"	211095	3409	2183	1226	7002	7472	-470	731
"K_4601 Bergen"	"1990"	211826	3458	2100	1358	7112	6941	171	1518
"K_4601 Bergen"	"1991"	213344	3540	2132	1408	7645	6282	1363	2722
"K_4601 Bergen"	"1992"	216066	3419	2021	1398	7303	6615	688	2078
"K_4601 Bergen"	"1993"	218144	3453	2274	1179	7761	7158	603	1740
"K_4601 Bergen"	"1994"	219884	3566	2078	1488	7884	7579	305	1833
"K_4601 Bergen"	"1995"	221717	3461	2104	1357	7932	7767	165	1521
"K_4601 Bergen"	"1996"	223238	3479	2098	1381	8258	8550	-292	1070
"K_4601 Bergen"	"1997"	224308	3295	2146	1149	8622	8628	-6	1131
"K_4601 Bergen"	"1998"	225439	3196	2046	1150	9001	8319	682	1837
"K_4601 Bergen"	"1999"	227276	3273	2162	1111	8948	7837	1111	2220
"K_4601 Bergen"	"2000"	229496	3269	2195	1074	8862	8479	383	1452
"K_4601 Bergen"	"2001"	230948	3092	2093	999	9385	8035	1350	2343
"K_4601 Bergen"	"2002"	233291	3193	2199	994	9233	8140	1093	2132
"K_4601 Bergen"	"2003"	235423	3186	2067	1119	9310	8439	871	2007
"K_4601 Bergen"	"2004"	237430	3294	1998	1296	9540	9099	441	1779
"K_4601 Bergen"	"2005"	239209	3363	1906	1457	10472	8975	1497	2949
"K_4601 Bergen"	"2006"	242158	3350	2014	1336	11192	10082	1110	2462
"K_4601 Bergen"	"2007"	244620	3371	2009	1362	12144	10372	1772	3126
"K_4601 Bergen"	"2008"	247746	3459	2043	1416	12061	9199	2862	4305
"K_4601 Bergen"	"2009"	252051	3517	1944	1573	12620	9646	2974	4549
"K_4601 Bergen"	"2010"	256600	3547	2031	1516	13057	10773	2284	3792
"K_4601 Bergen"	"2011"	260392	3498	2092	1406	14137	12183	1954	3370
"K_4601 Bergen"	"2012"	263762	3440	2031	1409	14448	11652	2796	4188
"K_4601 Bergen"	"2013"	267950	3441	2046	1395	14801	12224	2577	3999
"K_4601 Bergen"	"2014"	271949	3394	1990	1404	14278	12527	1751	3163
"K_4601 Bergen"	"2015"	275112	3527	1955	1572	13893	13170	723	2279
"K_4601 Bergen"	"2016"	277391	3551	1998	1553	12945	13335	-390	1164
"K_4601 Bergen"	"2017"	278556	3218	1940	1278	13190	13231	-41	1236
"K_4601 Bergen"	"2018"	279792	3167	1892	1275	13037	12907	130	1398
"K_4601 Bergen"	"2019"	281190	3192	1938	1254	13303	11819	1484	2739
"K_4601 Bergen"	"2020"	283929	3118	2086	1032	13152	12518	634	1672
"K_4601 Bergen"	"2021"	285601	3226	1989	1237	13967	13868	99	1329
"K_4601 Bergen"	"2022"	286930	2962	2206	756	15597	13946	1651	2400
"K_4601 Bergen"	"2023"	289330	2865	2150	715	15793	13938	1855	2610
"K_4601 Bergen"	"2024"	291940	..	..	..	..	..	..	..
"K_4602 Kinn"	"1951"	7908	169	65	104	371	353	18	122
"K_4602 Kinn"	"1952"	8030	157	76	81	319	315	4	85
"K_4602 Kinn"	"1953"	8115	158	80	78	377	392	-15	63
"K_4602 Kinn"	"1954"	8178	172	75	97	323	345	-22	75
"K_4602 Kinn"	"1955"	8253	172	63	109	384	465	-81	-10
"K_4602 Kinn"	"1956"	8243	192	77	115	426	435	-9	106
"K_4602 Kinn"	"1957"	8349	163	65	98	421	463	-42	56
"K_4602 Kinn"	"1958"	8405	170	83	87	427	460	-33	54
"K_4602 Kinn"	"1959"	8459	140	80	60	392	470	-78	-18
"K_4602 Kinn"	"1960"	8441	165	62	103	546	666	-120	1
"K_4602 Kinn"	"1961"	8442	150	74	76	510	539	-29	47
"K_4602 Kinn"	"1962"	8489	168	80	88	481	553	-72	16
"K_4602 Kinn"	"1963"	8505	167	92	75	471	496	-25	50
"K_4602 Kinn"	"1964"	14677	275	141	134	425	588	-163	-29
"K_4602 Kinn"	"1965"	14648	278	117	161	489	667	-178	-17
"K_4602 Kinn"	"1966"	14631	265	140	125	629	513	116	244
"K_4602 Kinn"	"1967"	14875	287	147	140	546	658	-112	28
"K_4602 Kinn"	"1968"	14903	254	131	123	491	627	-136	-12
"K_4602 Kinn"	"1969"	14891	279	124	155	487	648	-161	-25
"K_4602 Kinn"	"1970"	14866	270	150	120	702	820	-118	15
"K_4602 Kinn"	"1971"	14881	281	158	123	651	612	39	153
"K_4602 Kinn"	"1972"	15034	258	158	100	704	590	114	219
"K_4602 Kinn"	"1973"	15253	281	153	128	683	662	21	135
"K_4602 Kinn"	"1974"	15388	246	139	107	630	671	-41	75
"K_4602 Kinn"	"1975"	15463	247	148	99	626	681	-55	36
"K_4602 Kinn"	"1976"	15499	219	151	68	606	583	23	89
"K_4602 Kinn"	"1977"	15588	196	147	49	601	663	-62	-11
"K_4602 Kinn"	"1978"	15577	230	152	78	594	643	-49	27
"K_4602 Kinn"	"1979"	15604	251	131	120	478	664	-186	-65
"K_4602 Kinn"	"1980"	15539	239	150	89	568	571	-3	83
"K_4602 Kinn"	"1981"	15622	200	146	54	526	543	-17	38
"K_4602 Kinn"	"1982"	15660	192	150	42	522	560	-38	6
"K_4602 Kinn"	"1983"	15666	217	146	71	409	446	-37	37
"K_4602 Kinn"	"1984"	15703	225	141	84	417	426	-9	73
"K_4602 Kinn"	"1985"	15776	210	140	70	498	459	39	107
"K_4602 Kinn"	"1986"	15883	208	137	71	528	513	15	87
"K_4602 Kinn"	"1987"	15970	205	151	54	541	543	-2	50
"K_4602 Kinn"	"1988"	16020	238	170	68	594	496	98	160
"K_4602 Kinn"	"1989"	16180	241	164	77	520	555	-35	49
"K_4602 Kinn"	"1990"	16229	236	163	73	619	480	139	212
"K_4602 Kinn"	"1991"	16441	235	137	98	591	451	140	244
"K_4602 Kinn"	"1992"	16685	254	169	85	564	513	51	136
"K_4602 Kinn"	"1993"	16821	245	149	96	545	469	76	169
"K_4602 Kinn"	"1994"	16990	306	169	137	770	600	170	308
"K_4602 Kinn"	"1995"	17298	266	149	117	578	654	-76	46
"K_4602 Kinn"	"1996"	17344	281	165	116	695	726	-31	80
"K_4602 Kinn"	"1997"	17424	256	165	91	705	692	13	102
"K_4602 Kinn"	"1998"	17526	278	158	120	731	720	11	128
"K_4602 Kinn"	"1999"	17654	269	154	115	641	706	-65	51
"K_4602 Kinn"	"2000"	17705	243	144	99	670	757	-87	10
"K_4602 Kinn"	"2001"	17715	231	173	58	734	805	-71	-7
"K_4602 Kinn"	"2002"	17708	229	171	58	705	736	-31	33
"K_4602 Kinn"	"2003"	17741	229	151	78	558	756	-198	-122
"K_4602 Kinn"	"2004"	17619	224	129	95	530	662	-132	-37
"K_4602 Kinn"	"2005"	17582	213	134	79	481	607	-126	-49
"K_4602 Kinn"	"2006"	17533	214	141	73	472	669	-197	-128
"K_4602 Kinn"	"2007"	17405	198	192	6	655	657	-2	1
"K_4602 Kinn"	"2008"	17406	236	138	98	602	669	-67	31
"K_4602 Kinn"	"2009"	17437	206	164	42	678	577	101	145
"K_4602 Kinn"	"2010"	17582	221	164	57	679	698	-19	36
"K_4602 Kinn"	"2011"	17618	218	162	56	686	572	114	165
"K_4602 Kinn"	"2012"	17783	191	160	31	613	615	-2	33
"K_4602 Kinn"	"2013"	17816	179	150	29	707	680	27	54
"K_4602 Kinn"	"2014"	17870	176	136	40	681	646	35	74
"K_4602 Kinn"	"2015"	17944	173	161	12	681	671	10	25
"K_4602 Kinn"	"2016"	17969	181	149	32	698	667	31	61
"K_4602 Kinn"	"2017"	18030	169	136	33	646	718	-72	-41
"K_4602 Kinn"	"2018"	17989	141	156	-15	531	685	-154	-167
"K_4602 Kinn"	"2019"	17822	141	149	-8	550	630	-80	-82
"K_4602 Kinn"	"2020"	17207	142	136	6	504	557	-53	-47
"K_4602 Kinn"	"2021"	17160	160	177	-17	649	662	-13	-29
"K_4602 Kinn"	"2022"	17131	133	161	-28	803	725	78	48
"K_4602 Kinn"	"2023"	17179	154	148	6	902	736	166	170
"K_4602 Kinn"	"2024"	17349	..	..	..	..	..	..	..
"K_4611 Etne"	"1951"	2452	37	16	21	100	121	-21	0
"K_4611 Etne"	"1952"	2452	50	19	31	60	97	-37	-6
"K_4611 Etne"	"1953"	2446	49	25	24	57	97	-40	-16
"K_4611 Etne"	"1954"	2430	59	21	38	58	83	-25	13
"K_4611 Etne"	"1955"	2443	41	18	23	106	99	7	50
"K_4611 Etne"	"1956"	2493	53	12	41	109	145	-36	5
"K_4611 Etne"	"1957"	2498	40	26	14	91	102	-11	3
"K_4611 Etne"	"1958"	2501	54	27	27	80	113	-33	-6
"K_4611 Etne"	"1959"	2495	43	24	19	110	112	-2	17
"K_4611 Etne"	"1960"	2512	43	24	19	89	101	-12	3
"K_4611 Etne"	"1961"	2515	42	32	10	97	128	-31	-21
"K_4611 Etne"	"1962"	2494	39	20	19	73	98	-25	-6
"K_4611 Etne"	"1963"	2488	40	26	14	58	81	-23	-9
"K_4611 Etne"	"1964"	2479	35	35	0	60	90	-30	-30
"K_4611 Etne"	"1965"	3942	53	54	-1	113	132	-19	-20
"K_4611 Etne"	"1966"	3922	71	36	35	164	181	-17	24
"K_4611 Etne"	"1967"	3946	72	47	25	161	206	-45	-20
"K_4611 Etne"	"1968"	3926	65	51	14	124	180	-56	-50
"K_4611 Etne"	"1969"	3876	63	49	14	180	136	44	54
"K_4611 Etne"	"1970"	3930	69	44	25	217	266	-49	-27
"K_4611 Etne"	"1971"	3903	58	33	25	169	159	10	36
"K_4611 Etne"	"1972"	3939	74	57	17	134	192	-58	-40
"K_4611 Etne"	"1973"	3899	65	48	17	147	184	-37	-21
"K_4611 Etne"	"1974"	3878	55	48	7	126	150	-24	-16
"K_4611 Etne"	"1975"	3862	47	49	-2	114	145	-31	-34
"K_4611 Etne"	"1976"	3828	53	47	6	132	99	33	38
"K_4611 Etne"	"1977"	3866	51	37	14	118	110	8	22
"K_4611 Etne"	"1978"	3888	48	38	10	174	113	61	72
"K_4611 Etne"	"1979"	3960	58	51	7	169	158	11	20
"K_4611 Etne"	"1980"	3980	62	46	16	149	130	19	32
"K_4611 Etne"	"1981"	4012	66	56	10	121	100	21	30
"K_4611 Etne"	"1982"	4042	60	53	7	102	109	-7	-2
"K_4611 Etne"	"1983"	4040	58	47	11	119	116	3	16
"K_4611 Etne"	"1984"	4056	52	45	7	89	99	-10	-4
"K_4611 Etne"	"1985"	4052	45	28	17	146	129	17	34
"K_4611 Etne"	"1986"	4086	55	53	2	123	144	-21	-16
"K_4611 Etne"	"1987"	4070	64	54	10	153	114	39	49
"K_4611 Etne"	"1988"	4119	42	47	-5	92	147	-55	-60
"K_4611 Etne"	"1989"	4059	68	58	10	101	131	-30	-22
"K_4611 Etne"	"1990"	4037	54	43	11	105	142	-37	-26
"K_4611 Etne"	"1991"	4011	54	44	10	137	169	-32	-21
"K_4611 Etne"	"1992"	3990	50	55	-5	88	141	-53	-58
"K_4611 Etne"	"1993"	3932	29	56	-27	102	93	9	-18
"K_4611 Etne"	"1994"	3914	54	45	9	107	88	19	27
"K_4611 Etne"	"1995"	3941	56	41	15	156	132	24	45
"K_4611 Etne"	"1996"	3986	48	44	4	107	136	-29	-27
"K_4611 Etne"	"1997"	3959	46	46	0	110	131	-21	-21
"K_4611 Etne"	"1998"	3938	56	36	20	107	118	-11	10
"K_4611 Etne"	"1999"	3948	46	35	11	110	152	-42	-31
"K_4611 Etne"	"2000"	3917	56	28	28	129	129	0	28
"K_4611 Etne"	"2001"	3945	48	39	9	162	150	12	21
"K_4611 Etne"	"2002"	3966	63	41	22	122	151	-29	-6
"K_4611 Etne"	"2003"	3960	39	46	-7	143	180	-37	-44
"K_4611 Etne"	"2004"	3916	48	44	4	143	158	-15	-12
"K_4611 Etne"	"2005"	3904	44	54	-10	142	162	-20	-32
"K_4611 Etne"	"2006"	3872	37	51	-14	139	140	-1	-14
"K_4611 Etne"	"2007"	3858	35	34	1	142	148	-6	-6
"K_4611 Etne"	"2008"	3852	38	40	-2	119	115	4	2
"K_4611 Etne"	"2009"	3854	42	34	8	145	127	18	28
"K_4611 Etne"	"2010"	3882	44	49	-5	170	136	34	27
"K_4611 Etne"	"2011"	3909	62	35	27	162	133	29	54
"K_4611 Etne"	"2012"	3963	56	42	14	203	140	63	77
"K_4611 Etne"	"2013"	4040	46	39	7	165	155	10	17
"K_4611 Etne"	"2014"	4057	43	34	9	153	116	37	46
"K_4611 Etne"	"2015"	4103	48	44	4	153	154	-1	3
"K_4611 Etne"	"2016"	4106	51	37	14	154	139	15	29
"K_4611 Etne"	"2017"	4135	49	42	7	122	181	-59	-52
"K_4611 Etne"	"2018"	4083	53	27	26	123	155	-32	-6
"K_4611 Etne"	"2019"	4077	44	28	16	100	132	-32	-15
"K_4611 Etne"	"2020"	4062	33	35	-2	114	121	-7	-9
"K_4611 Etne"	"2021"	4053	32	47	-15	144	139	5	-10
"K_4611 Etne"	"2022"	4043	55	38	17	152	140	12	30
"K_4611 Etne"	"2023"	4073	28	40	-12	159	148	11	-1
"K_4611 Etne"	"2024"	4072	..	..	..	..	..	..	..
"K_4612 Sveio"	"1951"	3173	55	29	26	100	170	-70	-44
"K_4612 Sveio"	"1952"	3129	62	27	35	71	123	-52	-17
"K_4612 Sveio"	"1953"	3112	56	27	29	115	154	-39	-10
"K_4612 Sveio"	"1954"	3102	53	38	15	134	133	1	16
"K_4612 Sveio"	"1955"	3118	58	28	30	146	123	23	76
"K_4612 Sveio"	"1956"	3194	62	41	21	117	141	-24	-3
"K_4612 Sveio"	"1957"	3191	53	41	12	119	186	-67	-55
"K_4612 Sveio"	"1958"	3136	61	53	8	113	161	-48	-40
"K_4612 Sveio"	"1959"	3096	56	32	24	96	162	-66	-42
"K_4612 Sveio"	"1960"	3054	41	36	5	115	171	-56	-77
"K_4612 Sveio"	"1961"	2977	54	23	31	80	142	-62	-31
"K_4612 Sveio"	"1962"	2946	46	24	22	69	123	-54	-32
"K_4612 Sveio"	"1963"	2914	49	23	26	87	114	-27	-1
"K_4612 Sveio"	"1964"	3408	61	48	13	92	127	-35	-22
"K_4612 Sveio"	"1965"	3386	44	45	-1	114	141	-27	-28
"K_4612 Sveio"	"1966"	3358	72	35	37	156	158	-2	40
"K_4612 Sveio"	"1967"	3398	45	34	11	134	163	-29	-18
"K_4612 Sveio"	"1968"	3380	50	43	7	152	148	4	3
"K_4612 Sveio"	"1969"	3383	60	33	27	213	149	64	94
"K_4612 Sveio"	"1970"	3477	79	35	44	247	198	49	91
"K_4612 Sveio"	"1971"	3568	53	33	20	227	165	62	84
"K_4612 Sveio"	"1972"	3652	60	42	18	174	142	32	51
"K_4612 Sveio"	"1973"	3703	49	43	6	207	180	27	32
"K_4612 Sveio"	"1974"	3735	56	55	1	190	142	48	49
"K_4612 Sveio"	"1975"	3784	62	40	22	188	150	38	55
"K_4612 Sveio"	"1976"	3839	55	41	14	209	151	58	72
"K_4612 Sveio"	"1977"	3911	70	40	30	159	128	31	64
"K_4612 Sveio"	"1978"	3975	75	34	41	273	169	104	143
"K_4612 Sveio"	"1979"	4118	73	41	32	217	152	65	98
"K_4612 Sveio"	"1980"	4216	50	61	-11	186	145	41	29
"K_4612 Sveio"	"1981"	4245	68	43	25	224	176	48	76
"K_4612 Sveio"	"1982"	4321	83	47	36	157	157	0	35
"K_4612 Sveio"	"1983"	4356	76	33	43	180	134	46	89
"K_4612 Sveio"	"1984"	4445	78	34	44	210	152	58	100
"K_4612 Sveio"	"1985"	4545	54	35	19	134	155	-21	-1
"K_4612 Sveio"	"1986"	4544	60	36	24	190	186	4	23
"K_4612 Sveio"	"1987"	4567	64	35	29	199	205	-6	27
"K_4612 Sveio"	"1988"	4594	67	44	23	185	209	-24	-7
"K_4612 Sveio"	"1989"	4587	68	49	19	169	190	-21	-5
"K_4612 Sveio"	"1990"	4582	61	36	25	156	181	-25	0
"K_4612 Sveio"	"1991"	4582	65	54	11	139	175	-36	-21
"K_4612 Sveio"	"1992"	4561	68	28	40	191	162	29	71
"K_4612 Sveio"	"1993"	4632	47	34	13	175	184	-9	5
"K_4612 Sveio"	"1994"	4637	54	48	6	146	193	-47	-43
"K_4612 Sveio"	"1995"	4594	57	43	14	165	176	-11	3
"K_4612 Sveio"	"1996"	4597	62	51	11	196	223	-27	-17
"K_4612 Sveio"	"1997"	4580	52	51	1	163	188	-25	-23
"K_4612 Sveio"	"1998"	4557	67	39	28	195	198	-3	24
"K_4612 Sveio"	"1999"	4581	62	47	15	234	207	27	42
"K_4612 Sveio"	"2000"	4623	58	36	22	218	194	24	46
"K_4612 Sveio"	"2001"	4669	67	43	24	225	234	-9	14
"K_4612 Sveio"	"2002"	4683	50	31	19	190	227	-37	-17
"K_4612 Sveio"	"2003"	4666	55	42	13	205	197	8	21
"K_4612 Sveio"	"2004"	4687	42	37	5	190	210	-20	-15
"K_4612 Sveio"	"2005"	4672	60	30	30	243	198	45	75
"K_4612 Sveio"	"2006"	4747	56	34	22	231	236	-5	17
"K_4612 Sveio"	"2007"	4764	53	42	11	263	214	49	61
"K_4612 Sveio"	"2008"	4825	68	34	34	263	219	44	81
"K_4612 Sveio"	"2009"	4906	67	37	30	286	223	63	93
"K_4612 Sveio"	"2010"	4999	71	44	27	380	269	111	139
"K_4612 Sveio"	"2011"	5138	85	29	56	339	304	35	90
"K_4612 Sveio"	"2012"	5228	74	31	43	386	258	128	172
"K_4612 Sveio"	"2013"	5400	76	55	21	328	286	42	63
"K_4612 Sveio"	"2014"	5463	67	40	27	325	306	19	46
"K_4612 Sveio"	"2015"	5509	83	36	47	319	282	37	84
"K_4612 Sveio"	"2016"	5593	65	33	32	301	271	30	63
"K_4612 Sveio"	"2017"	5656	56	37	19	296	252	44	65
"K_4612 Sveio"	"2018"	5721	76	43	33	263	296	-33	0
"K_4612 Sveio"	"2019"	5721	58	42	16	249	220	29	45
"K_4612 Sveio"	"2020"	5766	59	38	21	293	282	11	32
"K_4612 Sveio"	"2021"	5798	56	40	16	283	319	-36	-23
"K_4612 Sveio"	"2022"	5775	57	49	8	319	368	-49	-43
"K_4612 Sveio"	"2023"	5732	48	36	12	288	294	-6	10
"K_4612 Sveio"	"2024"	5742	..	..	..	..	..	..	..
"K_4613 Bømlo"	"1951"	7745	198	67	131	241	310	-69	62
"K_4613 Bømlo"	"1952"	7807	207	58	149	180	273	-93	56
"K_4613 Bømlo"	"1953"	7863	209	47	162	190	270	-80	82
"K_4613 Bømlo"	"1954"	7945	184	56	128	223	303	-80	48
"K_4613 Bømlo"	"1955"	7993	195	44	151	166	285	-119	-11
"K_4613 Bømlo"	"1956"	7982	167	77	90	198	313	-115	-25
"K_4613 Bømlo"	"1957"	7957	202	68	134	236	316	-80	54
"K_4613 Bømlo"	"1958"	8011	174	62	112	246	272	-26	86
"K_4613 Bømlo"	"1959"	8097	163	55	108	183	290	-107	1
"K_4613 Bømlo"	"1960"	8098	185	55	130	254	395	-141	6
"K_4613 Bømlo"	"1961"	8104	160	64	96	274	330	-56	40
"K_4613 Bømlo"	"1962"	8144	160	71	89	223	330	-107	-18
"K_4613 Bømlo"	"1963"	8126	152	62	90	213	265	-52	38
"K_4613 Bømlo"	"1964"	8164	173	74	99	281	280	1	100
"K_4613 Bømlo"	"1965"	8264	177	74	103	247	277	-30	73
"K_4613 Bømlo"	"1966"	8337	171	62	109	247	271	-24	26
"K_4613 Bømlo"	"1967"	8363	171	79	92	218	284	-66	26
"K_4613 Bømlo"	"1968"	8389	172	63	109	228	381	-153	-40
"K_4613 Bømlo"	"1969"	8349	174	62	112	240	359	-119	-10
"K_4613 Bømlo"	"1970"	8339	159	75	84	313	460	-147	-63
"K_4613 Bømlo"	"1971"	8276	169	77	92	262	381	-119	-30
"K_4613 Bømlo"	"1972"	8246	164	91	73	382	299	83	157
"K_4613 Bømlo"	"1973"	8403	157	67	90	369	279	90	182
"K_4613 Bømlo"	"1974"	8585	160	68	92	299	284	15	107
"K_4613 Bømlo"	"1975"	8692	143	90	53	326	260	66	117
"K_4613 Bømlo"	"1976"	8809	135	73	62	357	265	92	154
"K_4613 Bømlo"	"1977"	8963	152	64	88	330	301	29	117
"K_4613 Bømlo"	"1978"	9080	159	95	64	291	262	29	91
"K_4613 Bømlo"	"1979"	9171	171	75	96	227	282	-55	42
"K_4613 Bømlo"	"1980"	9213	146	76	70	243	268	-25	45
"K_4613 Bømlo"	"1981"	9258	142	86	56	240	287	-47	8
"K_4613 Bømlo"	"1982"	9266	167	72	95	228	260	-32	63
"K_4613 Bømlo"	"1983"	9329	173	63	110	234	248	-14	96
"K_4613 Bømlo"	"1984"	9425	165	82	83	234	212	22	105
"K_4613 Bømlo"	"1985"	9530	151	89	62	198	287	-89	-28
"K_4613 Bømlo"	"1986"	9502	148	70	78	239	292	-53	23
"K_4613 Bømlo"	"1987"	9525	142	95	47	258	262	-4	44
"K_4613 Bømlo"	"1988"	9569	183	100	83	260	257	3	84
"K_4613 Bømlo"	"1989"	9653	166	81	85	201	266	-65	22
"K_4613 Bømlo"	"1990"	9675	134	87	47	233	228	5	52
"K_4613 Bømlo"	"1991"	9727	157	79	78	183	207	-24	54
"K_4613 Bømlo"	"1992"	9781	159	94	65	215	206	9	74
"K_4613 Bømlo"	"1993"	9855	159	98	61	286	199	87	151
"K_4613 Bømlo"	"1994"	10006	171	85	86	276	292	-16	294
"K_4613 Bømlo"	"1995"	10300	128	88	40	483	263	220	37
"K_4613 Bømlo"	"1996"	10337	176	74	102	296	259	37	140
"K_4613 Bømlo"	"1997"	10477	170	91	79	278	282	-4	76
"K_4613 Bømlo"	"1998"	10553	160	88	72	328	251	77	141
"K_4613 Bømlo"	"1999"	10694	135	74	61	288	305	-17	45
"K_4613 Bømlo"	"2000"	10739	179	100	79	325	305	20	100
"K_4613 Bømlo"	"2001"	10839	170	78	92	309	347	-38	53
"K_4613 Bømlo"	"2002"	10892	160	96	64	286	373	-87	-25
"K_4613 Bømlo"	"2003"	10867	139	95	44	242	337	-95	-52
"K_4613 Bømlo"	"2004"	10815	162	80	82	255	319	-64	15
"K_4613 Bømlo"	"2005"	10830	121	74	47	249	316	-67	-22
"K_4613 Bømlo"	"2006"	10808	154	71	83	297	296	1	84
"K_4613 Bømlo"	"2007"	10892	151	81	70	375	340	35	106
"K_4613 Bømlo"	"2008"	10998	128	86	42	348	303	45	87
"K_4613 Bømlo"	"2009"	11085	172	78	94	420	329	91	190
"K_4613 Bømlo"	"2010"	11275	149	82	67	427	351	76	146
"K_4613 Bømlo"	"2011"	11421	136	79	57	424	398	26	82
"K_4613 Bømlo"	"2012"	11503	130	89	41	480	384	96	135
"K_4613 Bømlo"	"2013"	11638	142	99	43	464	395	69	111
"K_4613 Bømlo"	"2014"	11749	147	95	52	392	436	-44	12
"K_4613 Bømlo"	"2015"	11761	127	99	28	436	454	-18	17
"K_4613 Bømlo"	"2016"	11778	136	84	52	440	463	-23	28
"K_4613 Bømlo"	"2017"	11806	119	79	40	420	369	51	96
"K_4613 Bømlo"	"2018"	11902	110	108	2	396	339	57	58
"K_4613 Bømlo"	"2019"	11960	119	96	23	327	357	-30	-3
"K_4613 Bømlo"	"2020"	11957	117	75	42	362	402	-40	-4
"K_4613 Bømlo"	"2021"	11953	116	92	24	469	382	87	108
"K_4613 Bømlo"	"2022"	12061	102	80	22	414	364	50	71
"K_4613 Bømlo"	"2023"	12132	116	101	15	639	517	122	136
"K_4613 Bømlo"	"2024"	12268	..	..	..	..	..	..	..
"K_4614 Stord"	"1951"	5583	154	45	109	325	191	134	243
"K_4614 Stord"	"1952"	5826	138	35	103	270	163	107	210
"K_4614 Stord"	"1953"	6036	171	39	132	264	181	83	215
"K_4614 Stord"	"1954"	6251	157	33	124	235	168	67	191
"K_4614 Stord"	"1955"	6442	170	45	125	245	206	39	31
"K_4614 Stord"	"1956"	6473	165	31	134	446	282	164	298
"K_4614 Stord"	"1957"	6771	194	51	143	334	290	44	187
"K_4614 Stord"	"1958"	6958	177	42	135	333	250	83	218
"K_4614 Stord"	"1959"	7176	204	35	169	414	289	125	294
"K_4614 Stord"	"1960"	7470	202	42	160	473	303	170	296
"K_4614 Stord"	"1961"	7766	210	44	166	463	324	139	305
"K_4614 Stord"	"1962"	8071	202	40	162	368	338	30	192
"K_4614 Stord"	"1963"	8263	229	56	173	390	350	40	213
"K_4614 Stord"	"1964"	8476	238	59	179	350	387	-37	142
"K_4614 Stord"	"1965"	8618	221	55	166	488	341	147	313
"K_4614 Stord"	"1966"	8931	250	49	201	588	455	133	295
"K_4614 Stord"	"1967"	9226	213	51	162	568	467	101	263
"K_4614 Stord"	"1968"	9489	241	37	204	679	531	148	360
"K_4614 Stord"	"1969"	9849	258	59	199	643	546	97	301
"K_4614 Stord"	"1970"	10150	236	62	174	938	662	276	457
"K_4614 Stord"	"1971"	10607	249	55	194	897	533	364	549
"K_4614 Stord"	"1972"	11156	277	64	213	808	775	33	257
"K_4614 Stord"	"1973"	11413	251	66	185	813	631	182	366
"K_4614 Stord"	"1974"	11779	269	71	198	909	696	213	410
"K_4614 Stord"	"1975"	12189	246	62	184	766	702	64	247
"K_4614 Stord"	"1976"	12436	249	80	169	1365	853	512	682
"K_4614 Stord"	"1977"	13118	254	60	194	996	1114	-118	76
"K_4614 Stord"	"1978"	13194	237	71	166	644	1179	-535	-366
"K_4614 Stord"	"1979"	12828	216	66	150	515	633	-118	31
"K_4614 Stord"	"1980"	12859	223	61	162	638	652	-14	148
"K_4614 Stord"	"1981"	13007	183	77	106	577	606	-29	73
"K_4614 Stord"	"1982"	13080	225	61	164	576	505	71	234
"K_4614 Stord"	"1983"	13314	228	80	148	590	553	37	186
"K_4614 Stord"	"1984"	13500	215	71	144	530	584	-54	91
"K_4614 Stord"	"1985"	13591	219	60	159	632	520	112	274
"K_4614 Stord"	"1986"	13865	232	77	155	581	588	-7	147
"K_4614 Stord"	"1987"	14012	194	91	103	669	577	92	185
"K_4614 Stord"	"1988"	14197	250	80	170	582	564	18	186
"K_4614 Stord"	"1989"	14383	259	94	165	504	568	-64	100
"K_4614 Stord"	"1990"	14483	269	78	191	532	521	11	201
"K_4614 Stord"	"1991"	14684	260	76	184	570	569	1	186
"K_4614 Stord"	"1992"	14870	270	86	184	718	484	234	423
"K_4614 Stord"	"1993"	15293	290	99	191	649	604	45	247
"K_4614 Stord"	"1994"	15540	276	77	199	554	742	-188	7
"K_4614 Stord"	"1995"	15547	278	107	171	641	615	26	194
"K_4614 Stord"	"1996"	15741	261	104	157	577	695	-118	40
"K_4614 Stord"	"1997"	15781	266	98	168	582	704	-122	46
"K_4614 Stord"	"1998"	15827	248	80	168	636	554	82	244
"K_4614 Stord"	"1999"	16071	251	105	146	604	677	-73	73
"K_4614 Stord"	"2000"	16144	269	95	174	609	685	-76	97
"K_4614 Stord"	"2001"	16241	222	91	131	554	707	-153	-22
"K_4614 Stord"	"2002"	16219	229	103	126	604	636	-32	91
"K_4614 Stord"	"2003"	16310	203	97	106	578	587	-9	95
"K_4614 Stord"	"2004"	16405	206	110	96	554	535	19	111
"K_4614 Stord"	"2005"	16516	224	116	108	674	614	60	166
"K_4614 Stord"	"2006"	16682	210	89	121	654	609	45	168
"K_4614 Stord"	"2007"	16850	208	98	110	749	616	133	242
"K_4614 Stord"	"2008"	17092	218	109	109	726	634	92	197
"K_4614 Stord"	"2009"	17289	276	106	170	789	680	109	276
"K_4614 Stord"	"2010"	17565	251	103	148	775	682	93	239
"K_4614 Stord"	"2011"	17804	218	144	74	812	732	80	153
"K_4614 Stord"	"2012"	17957	235	130	105	809	707	102	204
"K_4614 Stord"	"2013"	18161	202	124	78	909	723	186	264
"K_4614 Stord"	"2014"	18425	252	112	140	845	721	124	260
"K_4614 Stord"	"2015"	18685	218	120	98	807	815	-8	90
"K_4614 Stord"	"2016"	18775	221	108	113	766	833	-67	46
"K_4614 Stord"	"2017"	18821	218	107	111	704	856	-152	-41
"K_4614 Stord"	"2018"	18780	200	125	75	716	871	-155	-81
"K_4614 Stord"	"2019"	18699	218	125	93	776	811	-35	60
"K_4614 Stord"	"2020"	18759	183	102	81	757	739	18	102
"K_4614 Stord"	"2021"	18861	188	128	60	795	800	-5	58
"K_4614 Stord"	"2022"	18919	161	126	35	924	778	146	179
"K_4614 Stord"	"2023"	19098	181	147	34	1049	898	151	189
"K_4614 Stord"	"2024"	19287	..	..	..	..	..	..	..
"K_4615 Fitjar"	"1951"	3092	79	31	48	99	152	-53	-5
"K_4615 Fitjar"	"1952"	3087	82	31	51	80	104	-24	27
"K_4615 Fitjar"	"1953"	3114	77	31	46	79	116	-37	9
"K_4615 Fitjar"	"1954"	3123	96	29	67	59	97	-38	29
"K_4615 Fitjar"	"1955"	3152	81	21	60	63	101	-38	5
"K_4615 Fitjar"	"1956"	3157	76	27	49	133	191	-58	-9
"K_4615 Fitjar"	"1957"	3148	75	38	37	129	139	-10	27
"K_4615 Fitjar"	"1958"	3175	75	24	51	126	166	-40	11
"K_4615 Fitjar"	"1959"	3186	63	25	38	97	149	-52	-14
"K_4615 Fitjar"	"1960"	3172	67	42	25	112	159	-47	6
"K_4615 Fitjar"	"1961"	3178	70	29	41	90	118	-28	13
"K_4615 Fitjar"	"1962"	3191	73	36	37	86	113	-27	10
"K_4615 Fitjar"	"1963"	3201	49	26	23	90	187	-97	-74
"K_4615 Fitjar"	"1964"	2431	51	22	29	94	128	-34	-5
"K_4615 Fitjar"	"1965"	2426	48	15	33	112	133	-21	12
"K_4615 Fitjar"	"1966"	2438	51	21	30	85	114	-29	21
"K_4615 Fitjar"	"1967"	2459	41	27	14	109	107	2	16
"K_4615 Fitjar"	"1968"	2475	52	12	40	112	129	-17	40
"K_4615 Fitjar"	"1969"	2515	52	22	30	105	121	-16	5
"K_4615 Fitjar"	"1970"	2520	46	25	21	155	188	-33	-16
"K_4615 Fitjar"	"1971"	2504	47	20	27	120	115	5	33
"K_4615 Fitjar"	"1972"	2537	49	24	25	104	83	21	51
"K_4615 Fitjar"	"1973"	2588	64	19	45	125	118	7	49
"K_4615 Fitjar"	"1974"	2637	61	23	38	136	90	46	84
"K_4615 Fitjar"	"1975"	2721	66	23	43	128	121	7	52
"K_4615 Fitjar"	"1976"	2773	73	22	51	97	96	1	55
"K_4615 Fitjar"	"1977"	2828	47	24	23	94	127	-33	-10
"K_4615 Fitjar"	"1978"	2818	67	14	53	112	100	12	64
"K_4615 Fitjar"	"1979"	2882	62	33	29	60	82	-22	6
"K_4615 Fitjar"	"1980"	2888	41	21	20	90	84	6	24
"K_4615 Fitjar"	"1981"	2912	57	18	39	104	108	-4	35
"K_4615 Fitjar"	"1982"	2947	42	20	22	111	131	-20	3
"K_4615 Fitjar"	"1983"	2950	59	27	32	98	101	-3	29
"K_4615 Fitjar"	"1984"	2979	41	27	14	69	68	1	15
"K_4615 Fitjar"	"1985"	2994	46	24	22	72	88	-16	4
"K_4615 Fitjar"	"1986"	2998	48	22	26	113	124	-11	16
"K_4615 Fitjar"	"1987"	3014	42	23	19	116	114	2	24
"K_4615 Fitjar"	"1988"	3038	47	20	27	114	90	24	51
"K_4615 Fitjar"	"1989"	3089	36	25	11	89	123	-34	-17
"K_4615 Fitjar"	"1990"	3072	53	24	29	90	107	-17	14
"K_4615 Fitjar"	"1991"	3086	44	21	23	129	116	13	36
"K_4615 Fitjar"	"1992"	3122	49	32	17	79	88	-9	6
"K_4615 Fitjar"	"1993"	3128	35	26	9	119	113	6	14
"K_4615 Fitjar"	"1994"	3142	53	31	22	107	107	0	-208
"K_4615 Fitjar"	"1995"	2934	41	23	18	89	335	-246	-2
"K_4615 Fitjar"	"1996"	2932	49	20	29	91	116	-25	3
"K_4615 Fitjar"	"1997"	2935	37	14	23	90	96	-6	17
"K_4615 Fitjar"	"1998"	2952	50	17	33	101	123	-22	10
"K_4615 Fitjar"	"1999"	2962	51	23	28	102	100	2	30
"K_4615 Fitjar"	"2000"	2992	52	24	28	62	104	-42	-14
"K_4615 Fitjar"	"2001"	2978	38	19	19	82	161	-79	-57
"K_4615 Fitjar"	"2002"	2921	35	16	19	54	103	-49	-29
"K_4615 Fitjar"	"2003"	2892	40	16	24	91	96	-5	19
"K_4615 Fitjar"	"2004"	2911	50	23	27	68	111	-43	-16
"K_4615 Fitjar"	"2005"	2895	36	23	13	93	105	-12	6
"K_4615 Fitjar"	"2006"	2901	38	25	13	85	102	-17	-4
"K_4615 Fitjar"	"2007"	2897	33	19	14	96	96	0	15
"K_4615 Fitjar"	"2008"	2912	39	16	23	79	104	-25	-4
"K_4615 Fitjar"	"2009"	2908	34	28	6	114	97	17	23
"K_4615 Fitjar"	"2010"	2931	29	24	5	119	126	-7	-2
"K_4615 Fitjar"	"2011"	2929	37	27	10	110	106	4	15
"K_4615 Fitjar"	"2012"	2944	35	25	10	134	108	26	36
"K_4615 Fitjar"	"2013"	2980	34	26	8	139	117	22	29
"K_4615 Fitjar"	"2014"	3009	31	16	15	177	108	69	84
"K_4615 Fitjar"	"2015"	3093	35	27	8	150	111	39	47
"K_4615 Fitjar"	"2016"	3140	31	35	-4	177	123	54	49
"K_4615 Fitjar"	"2017"	3189	41	20	21	100	116	-16	5
"K_4615 Fitjar"	"2018"	3194	24	10	14	103	110	-7	7
"K_4615 Fitjar"	"2019"	3201	32	26	6	98	117	-19	-12
"K_4615 Fitjar"	"2020"	3189	35	35	0	108	150	-42	-42
"K_4615 Fitjar"	"2021"	3147	15	25	-10	114	133	-19	-30
"K_4615 Fitjar"	"2022"	3117	37	21	16	172	123	49	64
"K_4615 Fitjar"	"2023"	3181	27	21	6	148	133	15	22
"K_4615 Fitjar"	"2024"	3203	..	..	..	..	..	..	..
"K_4616 Tysnes"	"1951"	3866	65	44	21	110	183	-73	-52
"K_4616 Tysnes"	"1952"	3814	87	29	58	116	154	-38	20
"K_4616 Tysnes"	"1953"	3834	84	36	48	73	179	-106	-58
"K_4616 Tysnes"	"1954"	3776	78	46	32	104	165	-61	-29
"K_4616 Tysnes"	"1955"	3747	50	34	16	66	177	-111	-67
"K_4616 Tysnes"	"1956"	3680	65	48	17	104	189	-85	-68
"K_4616 Tysnes"	"1957"	3612	61	48	13	147	156	-9	4
"K_4616 Tysnes"	"1958"	3616	64	53	11	129	178	-49	-38
"K_4616 Tysnes"	"1959"	3578	55	44	11	111	141	-30	-19
"K_4616 Tysnes"	"1960"	3559	48	47	1	106	181	-75	-62
"K_4616 Tysnes"	"1961"	3497	50	51	-1	92	156	-64	-65
"K_4616 Tysnes"	"1962"	3432	67	41	26	89	159	-70	-44
"K_4616 Tysnes"	"1963"	3388	45	43	2	135	126	9	11
"K_4616 Tysnes"	"1964"	3399	53	36	17	69	141	-72	-55
"K_4616 Tysnes"	"1965"	3344	41	45	-4	113	147	-34	-38
"K_4616 Tysnes"	"1966"	3306	50	40	10	98	195	-97	-111
"K_4616 Tysnes"	"1967"	3195	46	46	0	115	166	-51	-51
"K_4616 Tysnes"	"1968"	3144	44	39	5	122	179	-57	-62
"K_4616 Tysnes"	"1969"	3082	30	41	-11	113	166	-53	-63
"K_4616 Tysnes"	"1970"	3019	42	44	-2	125	213	-88	-109
"K_4616 Tysnes"	"1971"	2910	35	41	-6	98	157	-59	-61
"K_4616 Tysnes"	"1972"	2849	18	48	-30	128	154	-26	-58
"K_4616 Tysnes"	"1973"	2791	33	33	0	102	154	-52	-52
"K_4616 Tysnes"	"1974"	2739	21	36	-15	68	100	-32	-47
"K_4616 Tysnes"	"1975"	2692	37	41	-4	98	88	10	6
"K_4616 Tysnes"	"1976"	2698	26	46	-20	108	93	15	-5
"K_4616 Tysnes"	"1977"	2693	28	39	-11	130	100	30	19
"K_4616 Tysnes"	"1978"	2712	28	39	-11	121	69	52	41
"K_4616 Tysnes"	"1979"	2753	25	36	-11	119	87	32	21
"K_4616 Tysnes"	"1980"	2774	36	34	2	124	95	29	33
"K_4616 Tysnes"	"1981"	2807	30	42	-12	109	92	17	5
"K_4616 Tysnes"	"1982"	2812	31	29	2	124	89	35	37
"K_4616 Tysnes"	"1983"	2849	35	33	2	92	67	25	27
"K_4616 Tysnes"	"1984"	2876	26	39	-13	62	54	8	-5
"K_4616 Tysnes"	"1985"	2871	36	31	5	93	76	17	22
"K_4616 Tysnes"	"1986"	2893	32	50	-18	100	76	24	10
"K_4616 Tysnes"	"1987"	2903	38	38	0	69	96	-27	-24
"K_4616 Tysnes"	"1988"	2879	35	40	-5	118	92	26	23
"K_4616 Tysnes"	"1989"	2902	37	41	-4	105	84	21	13
"K_4616 Tysnes"	"1990"	2915	35	41	-6	91	105	-14	-20
"K_4616 Tysnes"	"1991"	2895	30	34	-4	83	87	-4	-7
"K_4616 Tysnes"	"1992"	2888	40	39	1	71	88	-17	-14
"K_4616 Tysnes"	"1993"	2874	40	50	-10	71	66	5	-5
"K_4616 Tysnes"	"1994"	2869	25	41	-16	99	100	-1	-17
"K_4616 Tysnes"	"1995"	2852	24	44	-20	90	122	-32	-52
"K_4616 Tysnes"	"1996"	2800	25	37	-12	76	73	3	-9
"K_4616 Tysnes"	"1997"	2791	24	35	-11	131	90	41	30
"K_4616 Tysnes"	"1998"	2821	31	38	-7	83	90	-7	-16
"K_4616 Tysnes"	"1999"	2805	41	32	9	107	78	29	38
"K_4616 Tysnes"	"2000"	2843	28	34	-6	214	113	101	95
"K_4616 Tysnes"	"2001"	2938	22	42	-20	88	162	-74	-95
"K_4616 Tysnes"	"2002"	2843	31	48	-17	96	101	-5	-22
"K_4616 Tysnes"	"2003"	2821	26	41	-15	99	101	-2	-9
"K_4616 Tysnes"	"2004"	2812	22	32	-10	110	89	21	13
"K_4616 Tysnes"	"2005"	2825	23	33	-10	70	89	-19	-30
"K_4616 Tysnes"	"2006"	2795	26	36	-10	104	136	-32	-42
"K_4616 Tysnes"	"2007"	2753	25	31	-6	132	106	26	20
"K_4616 Tysnes"	"2008"	2773	29	28	1	123	105	18	19
"K_4616 Tysnes"	"2009"	2792	29	28	1	99	113	-14	-13
"K_4616 Tysnes"	"2010"	2779	32	30	2	98	123	-25	-23
"K_4616 Tysnes"	"2011"	2756	24	29	-5	109	94	15	10
"K_4616 Tysnes"	"2012"	2766	25	38	-13	95	113	-18	-30
"K_4616 Tysnes"	"2013"	2736	21	31	-10	116	98	18	9
"K_4616 Tysnes"	"2014"	2745	33	44	-11	131	84	47	37
"K_4616 Tysnes"	"2015"	2782	17	35	-18	137	103	34	15
"K_4616 Tysnes"	"2016"	2797	38	28	10	138	97	41	50
"K_4616 Tysnes"	"2017"	2847	31	32	-1	131	120	11	10
"K_4616 Tysnes"	"2018"	2857	31	43	-12	118	120	-2	-11
"K_4616 Tysnes"	"2019"	2846	34	31	3	94	75	19	23
"K_4616 Tysnes"	"2020"	2869	31	42	-11	149	84	65	55
"K_4616 Tysnes"	"2021"	2924	25	24	1	102	144	-42	-41
"K_4616 Tysnes"	"2022"	2883	30	33	-3	140	109	31	27
"K_4616 Tysnes"	"2023"	2910	25	44	-19	150	119	31	12
"K_4616 Tysnes"	"2024"	2922	..	..	..	..	..	..	..
"K_4617 Kvinnherad"	"1951"	7786	155	64	91	300	346	-46	45
"K_4617 Kvinnherad"	"1952"	7831	175	61	114	204	230	-26	88
"K_4617 Kvinnherad"	"1953"	7919	163	70	93	216	248	-32	61
"K_4617 Kvinnherad"	"1954"	7980	156	71	85	170	270	-100	-15
"K_4617 Kvinnherad"	"1955"	7965	166	80	86	158	242	-84	-143
"K_4617 Kvinnherad"	"1956"	7822	168	82	86	245	297	-52	34
"K_4617 Kvinnherad"	"1957"	7856	145	79	66	267	371	-104	-38
"K_4617 Kvinnherad"	"1958"	7818	145	72	73	217	313	-96	-23
"K_4617 Kvinnherad"	"1959"	7795	148	79	69	232	324	-92	-23
"K_4617 Kvinnherad"	"1960"	7772	134	90	44	378	428	-50	74
"K_4617 Kvinnherad"	"1961"	7846	149	96	53	220	305	-85	-32
"K_4617 Kvinnherad"	"1962"	7814	125	79	46	262	315	-53	-7
"K_4617 Kvinnherad"	"1963"	7807	137	85	52	353	297	56	108
"K_4617 Kvinnherad"	"1964"	7915	120	74	46	414	236	178	224
"K_4617 Kvinnherad"	"1965"	9839	190	97	93	633	283	350	443
"K_4617 Kvinnherad"	"1966"	10282	214	96	118	689	429	260	409
"K_4617 Kvinnherad"	"1967"	10691	233	102	131	873	513	360	491
"K_4617 Kvinnherad"	"1968"	11182	242	102	140	855	551	304	453
"K_4617 Kvinnherad"	"1969"	11635	256	118	138	742	711	31	176
"K_4617 Kvinnherad"	"1970"	11811	233	127	106	1065	824	241	341
"K_4617 Kvinnherad"	"1971"	12152	262	119	143	667	655	12	145
"K_4617 Kvinnherad"	"1972"	12297	212	107	105	481	739	-258	-106
"K_4617 Kvinnherad"	"1973"	12191	225	117	108	624	579	45	131
"K_4617 Kvinnherad"	"1974"	12322	195	107	88	591	648	-57	16
"K_4617 Kvinnherad"	"1975"	12338	222	113	109	513	524	-11	96
"K_4617 Kvinnherad"	"1976"	12434	175	115	60	435	455	-20	38
"K_4617 Kvinnherad"	"1977"	12472	171	92	79	504	454	50	129
"K_4617 Kvinnherad"	"1978"	12601	183	109	74	456	426	30	104
"K_4617 Kvinnherad"	"1979"	12705	182	106	76	512	472	40	116
"K_4617 Kvinnherad"	"1980"	12821	188	132	56	436	461	-25	33
"K_4617 Kvinnherad"	"1981"	12854	174	109	65	472	444	28	92
"K_4617 Kvinnherad"	"1982"	12946	194	107	87	398	405	-7	80
"K_4617 Kvinnherad"	"1983"	13026	175	123	52	352	353	-1	48
"K_4617 Kvinnherad"	"1984"	13074	217	109	108	344	367	-23	85
"K_4617 Kvinnherad"	"1985"	13159	198	121	77	363	411	-48	28
"K_4617 Kvinnherad"	"1986"	13187	185	117	68	368	478	-110	-47
"K_4617 Kvinnherad"	"1987"	13140	189	120	69	424	429	-5	66
"K_4617 Kvinnherad"	"1988"	13206	163	122	41	382	403	-21	26
"K_4617 Kvinnherad"	"1989"	13232	177	113	64	286	459	-173	-111
"K_4617 Kvinnherad"	"1990"	13121	196	121	75	294	400	-106	-31
"K_4617 Kvinnherad"	"1991"	13090	178	98	80	257	363	-106	-29
"K_4617 Kvinnherad"	"1992"	13061	169	92	77	287	325	-38	39
"K_4617 Kvinnherad"	"1993"	13100	178	117	61	268	310	-42	21
"K_4617 Kvinnherad"	"1994"	13121	168	116	52	362	354	8	60
"K_4617 Kvinnherad"	"1995"	13181	178	128	50	337	441	-104	-52
"K_4617 Kvinnherad"	"1996"	13129	189	114	75	350	444	-94	-18
"K_4617 Kvinnherad"	"1997"	13111	174	126	48	418	422	-4	44
"K_4617 Kvinnherad"	"1998"	13155	179	128	51	421	425	-4	51
"K_4617 Kvinnherad"	"1999"	13206	163	132	31	335	376	-41	-10
"K_4617 Kvinnherad"	"2000"	13196	191	125	66	399	448	-49	16
"K_4617 Kvinnherad"	"2001"	13212	154	129	25	329	430	-101	-72
"K_4617 Kvinnherad"	"2002"	13140	169	118	51	353	387	-34	17
"K_4617 Kvinnherad"	"2003"	13157	156	112	44	392	438	-46	1
"K_4617 Kvinnherad"	"2004"	13158	161	109	52	307	395	-88	-36
"K_4617 Kvinnherad"	"2005"	13122	136	120	16	345	407	-62	-51
"K_4617 Kvinnherad"	"2006"	13071	139	122	17	321	378	-57	-39
"K_4617 Kvinnherad"	"2007"	13032	164	101	63	335	365	-30	31
"K_4617 Kvinnherad"	"2008"	13063	162	130	32	360	344	16	49
"K_4617 Kvinnherad"	"2009"	13112	156	120	36	392	352	40	75
"K_4617 Kvinnherad"	"2010"	13187	133	128	5	424	373	51	56
"K_4617 Kvinnherad"	"2011"	13243	144	122	22	451	397	54	75
"K_4617 Kvinnherad"	"2012"	13318	139	125	14	424	451	-27	-13
"K_4617 Kvinnherad"	"2013"	13305	135	110	25	411	468	-57	-73
"K_4617 Kvinnherad"	"2014"	13232	117	102	15	364	377	-13	2
"K_4617 Kvinnherad"	"2015"	13234	139	120	19	379	361	18	37
"K_4617 Kvinnherad"	"2016"	13271	109	130	-21	444	454	-10	-30
"K_4617 Kvinnherad"	"2017"	13241	118	117	1	399	461	-62	-61
"K_4617 Kvinnherad"	"2018"	13180	109	103	6	313	358	-45	-43
"K_4617 Kvinnherad"	"2019"	13137	119	138	-19	337	384	-47	-66
"K_4617 Kvinnherad"	"2020"	13071	104	114	-10	333	356	-23	-32
"K_4617 Kvinnherad"	"2021"	13039	126	130	-4	370	388	-18	-22
"K_4617 Kvinnherad"	"2022"	13017	129	151	-22	375	314	61	41
"K_4617 Kvinnherad"	"2023"	13058	118	115	3	447	415	32	31
"K_4617 Kvinnherad"	"2024"	13089	..	..	..	..	..	..	..
"K_4618 Ullensvang"	"1951"	13042	230	109	121	459	560	-101	20
"K_4618 Ullensvang"	"1952"	13062	255	114	141	393	508	-115	26
"K_4618 Ullensvang"	"1953"	13088	248	121	127	506	621	-115	12
"K_4618 Ullensvang"	"1954"	13100	238	117	121	435	552	-117	4
"K_4618 Ullensvang"	"1955"	13104	229	119	110	415	532	-117	51
"K_4618 Ullensvang"	"1956"	13155	283	126	157	482	546	-64	93
"K_4618 Ullensvang"	"1957"	13248	267	119	148	502	561	-59	89
"K_4618 Ullensvang"	"1958"	13337	245	131	114	553	548	5	119
"K_4618 Ullensvang"	"1959"	13456	247	135	112	423	472	-49	63
"K_4618 Ullensvang"	"1960"	13519	245	138	107	531	654	-123	-22
"K_4618 Ullensvang"	"1961"	13497	208	118	90	411	581	-170	-80
"K_4618 Ullensvang"	"1962"	13417	214	110	104	363	464	-101	3
"K_4618 Ullensvang"	"1963"	13420	198	139	59	476	494	-18	41
"K_4618 Ullensvang"	"1964"	11876	184	98	86	587	381	206	292
"K_4618 Ullensvang"	"1965"	11753	203	110	93	510	609	-99	-6
"K_4618 Ullensvang"	"1966"	11747	213	120	93	452	559	-107	-9
"K_4618 Ullensvang"	"1967"	11738	189	123	66	374	668	-294	-228
"K_4618 Ullensvang"	"1968"	11510	196	133	63	392	608	-216	-154
"K_4618 Ullensvang"	"1969"	11356	185	133	52	426	516	-90	-37
"K_4618 Ullensvang"	"1970"	11319	171	146	25	754	728	26	36
"K_4618 Ullensvang"	"1971"	11355	209	116	93	529	600	-71	19
"K_4618 Ullensvang"	"1972"	11374	173	119	54	418	759	-341	-285
"K_4618 Ullensvang"	"1973"	11089	163	117	46	467	620	-153	-108
"K_4618 Ullensvang"	"1974"	10981	153	148	5	383	623	-240	-234
"K_4618 Ullensvang"	"1975"	10747	136	94	42	479	503	-24	13
"K_4618 Ullensvang"	"1976"	10760	123	138	-15	419	497	-78	-93
"K_4618 Ullensvang"	"1977"	14604	185	160	25	633	802	-169	-148
"K_4618 Ullensvang"	"1978"	14456	180	151	29	693	691	2	32
"K_4618 Ullensvang"	"1979"	14488	187	160	27	562	590	-28	9
"K_4618 Ullensvang"	"1980"	14497	174	153	21	538	669	-131	-115
"K_4618 Ullensvang"	"1981"	14382	197	179	18	488	582	-94	-77
"K_4618 Ullensvang"	"1982"	14305	157	166	-9	475	564	-89	-99
"K_4618 Ullensvang"	"1983"	14206	156	177	-21	432	476	-44	-65
"K_4618 Ullensvang"	"1984"	14141	157	164	-7	463	537	-74	-83
"K_4618 Ullensvang"	"1985"	14058	140	180	-40	514	516	-2	-46
"K_4618 Ullensvang"	"1986"	14012	144	173	-29	408	633	-225	-254
"K_4618 Ullensvang"	"1987"	13758	159	174	-15	486	568	-82	-92
"K_4618 Ullensvang"	"1988"	13666	163	172	-9	429	526	-97	-105
"K_4618 Ullensvang"	"1989"	13561	163	188	-25	506	490	16	-18
"K_4618 Ullensvang"	"1990"	13543	153	168	-15	462	511	-49	-62
"K_4618 Ullensvang"	"1991"	13481	157	197	-40	530	540	-10	-51
"K_4618 Ullensvang"	"1992"	13430	176	172	4	477	627	-150	-142
"K_4618 Ullensvang"	"1993"	13288	173	171	2	519	585	-66	-60
"K_4618 Ullensvang"	"1994"	13228	164	171	-7	412	540	-128	-142
"K_4618 Ullensvang"	"1995"	13086	147	181	-34	426	563	-137	-169
"K_4618 Ullensvang"	"1996"	12917	172	155	17	409	512	-103	-89
"K_4618 Ullensvang"	"1997"	12828	162	156	6	434	517	-83	-77
"K_4618 Ullensvang"	"1998"	12751	139	172	-33	339	544	-205	-250
"K_4618 Ullensvang"	"1999"	12501	155	166	-11	452	503	-51	-61
"K_4618 Ullensvang"	"2000"	12440	153	140	13	466	536	-70	-58
"K_4618 Ullensvang"	"2001"	12382	123	174	-51	406	482	-76	-135
"K_4618 Ullensvang"	"2002"	12247	106	144	-38	353	439	-86	-124
"K_4618 Ullensvang"	"2003"	12123	132	142	-10	372	434	-62	-69
"K_4618 Ullensvang"	"2004"	12054	112	126	-14	387	453	-66	-81
"K_4618 Ullensvang"	"2005"	11973	112	143	-31	393	555	-162	-194
"K_4618 Ullensvang"	"2006"	11779	107	135	-28	372	500	-128	-153
"K_4618 Ullensvang"	"2007"	11626	108	178	-70	402	391	11	-57
"K_4618 Ullensvang"	"2008"	11569	107	146	-39	363	465	-102	-142
"K_4618 Ullensvang"	"2009"	11427	102	174	-72	449	340	109	38
"K_4618 Ullensvang"	"2010"	11465	111	161	-50	388	372	16	-34
"K_4618 Ullensvang"	"2011"	11431	103	128	-25	476	470	6	-18
"K_4618 Ullensvang"	"2012"	11413	114	155	-41	500	437	63	24
"K_4618 Ullensvang"	"2013"	11437	116	146	-30	455	436	19	32
"K_4618 Ullensvang"	"2014"	11469	95	132	-37	462	430	32	-6
"K_4618 Ullensvang"	"2015"	11463	91	139	-48	456	436	20	-28
"K_4618 Ullensvang"	"2016"	11435	98	131	-33	588	484	104	75
"K_4618 Ullensvang"	"2017"	11510	93	133	-40	369	545	-176	-216
"K_4618 Ullensvang"	"2018"	11294	66	132	-66	370	447	-77	-142
"K_4618 Ullensvang"	"2019"	11152	91	113	-22	376	391	-15	-37
"K_4618 Ullensvang"	"2020"	11048	88	123	-35	352	365	-13	-46
"K_4618 Ullensvang"	"2021"	11002	99	132	-33	362	425	-63	-99
"K_4618 Ullensvang"	"2022"	10881	87	144	-57	874	542	332	267
"K_4618 Ullensvang"	"2023"	11148	100	127	-27	858	970	-112	-131
"K_4618 Ullensvang"	"2024"	11017	..	..	..	..	..	..	..
"K_4619 Eidfjord"	"1951"	1126	21	9	12	35	46	-11	1
"K_4619 Eidfjord"	"1952"	1127	22	11	11	23	42	-19	-8
"K_4619 Eidfjord"	"1953"	1119	13	9	4	34	51	-17	-13
"K_4619 Eidfjord"	"1954"	1106	6	12	-6	38	48	-10	-16
"K_4619 Eidfjord"	"1955"	1090	16	13	3	17	47	-30	-5
"K_4619 Eidfjord"	"1956"	1085	21	9	12	29	65	-36	-24
"K_4619 Eidfjord"	"1957"	1061	18	10	8	36	59	-23	-15
"K_4619 Eidfjord"	"1958"	1046	21	11	10	34	57	-23	-13
"K_4619 Eidfjord"	"1959"	1033	8	13	-5	22	35	-13	-18
"K_4619 Eidfjord"	"1960"	1015	18	14	4	54	67	-13	-3
"K_4619 Eidfjord"	"1961"	1012	17	16	1	31	35	-4	-3
"K_4619 Eidfjord"	"1962"	1009	13	10	3	28	49	-21	-18
"K_4619 Eidfjord"	"1963"	991	14	20	-6	23	25	-2	-8
"K_4619 Eidfjord"	"1964"	0	0	0	0	0	0	0	0
"K_4619 Eidfjord"	"1965"	0	0	0	0	0	0	0	0
"K_4619 Eidfjord"	"1966"	0	0	0	0	0	0	0	0
"K_4619 Eidfjord"	"1967"	0	0	0	0	0	0	0	0
"K_4619 Eidfjord"	"1968"	0	0	0	0	0	0	0	0
"K_4619 Eidfjord"	"1969"	0	0	0	0	0	0	0	0
"K_4619 Eidfjord"	"1970"	0	0	0	0	0	0	0	0
"K_4619 Eidfjord"	"1971"	0	0	0	0	0	0	0	0
"K_4619 Eidfjord"	"1972"	0	0	0	0	0	0	0	0
"K_4619 Eidfjord"	"1973"	0	0	0	0	0	0	0	0
"K_4619 Eidfjord"	"1974"	0	0	0	0	0	0	0	0
"K_4619 Eidfjord"	"1975"	0	0	0	0	0	0	0	0
"K_4619 Eidfjord"	"1976"	0	0	0	0	0	0	0	0
"K_4619 Eidfjord"	"1977"	1223	12	16	-4	84	65	19	15
"K_4619 Eidfjord"	"1978"	1238	12	14	-2	80	81	-1	-4
"K_4619 Eidfjord"	"1979"	1234	13	16	-3	59	78	-19	-26
"K_4619 Eidfjord"	"1980"	1208	20	15	5	51	113	-62	-53
"K_4619 Eidfjord"	"1981"	1155	15	9	6	52	117	-65	-59
"K_4619 Eidfjord"	"1982"	1096	10	11	-1	42	99	-57	-57
"K_4619 Eidfjord"	"1983"	1039	6	16	-10	52	59	-7	-17
"K_4619 Eidfjord"	"1984"	1022	9	18	-9	48	37	11	1
"K_4619 Eidfjord"	"1985"	1023	14	10	4	44	40	4	8
"K_4619 Eidfjord"	"1986"	1031	16	10	6	60	57	3	9
"K_4619 Eidfjord"	"1987"	1040	16	17	-1	48	44	4	3
"K_4619 Eidfjord"	"1988"	1043	15	17	-2	54	44	10	9
"K_4619 Eidfjord"	"1989"	1052	16	19	-3	63	43	20	18
"K_4619 Eidfjord"	"1990"	1070	27	14	13	34	36	-2	11
"K_4619 Eidfjord"	"1991"	1081	15	14	1	41	43	-2	-1
"K_4619 Eidfjord"	"1992"	1080	21	10	11	63	71	-8	4
"K_4619 Eidfjord"	"1993"	1084	14	27	-13	48	33	15	1
"K_4619 Eidfjord"	"1994"	1085	16	16	0	34	42	-8	-8
"K_4619 Eidfjord"	"1995"	1077	11	13	-2	64	57	7	2
"K_4619 Eidfjord"	"1996"	1079	14	11	3	50	62	-12	-9
"K_4619 Eidfjord"	"1997"	1070	10	12	-2	30	57	-27	-29
"K_4619 Eidfjord"	"1998"	1041	16	15	1	37	63	-26	-25
"K_4619 Eidfjord"	"1999"	1016	12	22	-10	60	29	31	21
"K_4619 Eidfjord"	"2000"	1037	6	11	-5	37	68	-31	-36
"K_4619 Eidfjord"	"2001"	1001	5	13	-8	35	69	-34	-42
"K_4619 Eidfjord"	"2002"	959	5	16	-11	30	63	-33	-44
"K_4619 Eidfjord"	"2003"	915	10	8	2	44	45	-1	1
"K_4619 Eidfjord"	"2004"	916	6	18	-12	52	42	10	-2
"K_4619 Eidfjord"	"2005"	914	9	15	-6	25	34	-9	-15
"K_4619 Eidfjord"	"2006"	899	6	9	-3	56	37	19	16
"K_4619 Eidfjord"	"2007"	915	7	12	-5	54	31	23	18
"K_4619 Eidfjord"	"2008"	933	10	11	-1	62	49	13	12
"K_4619 Eidfjord"	"2009"	945	8	11	-3	49	33	16	13
"K_4619 Eidfjord"	"2010"	958	12	15	-3	38	34	4	1
"K_4619 Eidfjord"	"2011"	959	9	8	1	48	51	-3	-2
"K_4619 Eidfjord"	"2012"	957	8	14	-6	42	40	2	-5
"K_4619 Eidfjord"	"2013"	952	4	6	-2	58	58	0	-2
"K_4619 Eidfjord"	"2014"	950	10	8	2	34	36	-2	0
"K_4619 Eidfjord"	"2015"	950	9	12	-3	41	63	-22	-25
"K_4619 Eidfjord"	"2016"	925	11	15	-4	36	36	0	-4
"K_4619 Eidfjord"	"2017"	921	11	12	-1	47	36	11	10
"K_4619 Eidfjord"	"2018"	931	8	8	0	33	58	-25	-25
"K_4619 Eidfjord"	"2019"	906	10	13	-3	40	37	3	0
"K_4619 Eidfjord"	"2020"	906	7	10	-3	31	31	0	-3
"K_4619 Eidfjord"	"2021"	903	9	11	-2	50	37	13	12
"K_4619 Eidfjord"	"2022"	937	7	10	-3	64	36	28	25
"K_4619 Eidfjord"	"2023"	962	7	16	-9	64	49	15	6
"K_4619 Eidfjord"	"2024"	968	..	..	..	..	..	..	..
"K_4620 Ulvik"	"1951"	1548	25	13	12	83	98	-15	-3
"K_4620 Ulvik"	"1952"	1545	38	14	24	76	65	11	35
"K_4620 Ulvik"	"1953"	1580	19	23	-4	62	94	-32	-36
"K_4620 Ulvik"	"1954"	1544	38	22	16	64	86	-22	-6
"K_4620 Ulvik"	"1955"	1538	27	12	15	61	96	-35	-34
"K_4620 Ulvik"	"1956"	1504	27	13	14	106	92	14	28
"K_4620 Ulvik"	"1957"	1532	23	18	5	65	79	-14	-9
"K_4620 Ulvik"	"1958"	1523	23	21	2	64	77	-13	-11
"K_4620 Ulvik"	"1959"	1512	30	10	20	62	106	-44	-24
"K_4620 Ulvik"	"1960"	1488	24	17	7	114	106	8	20
"K_4620 Ulvik"	"1961"	1508	29	16	13	81	89	-8	5
"K_4620 Ulvik"	"1962"	1513	21	24	-3	77	77	0	-3
"K_4620 Ulvik"	"1963"	1510	15	24	-9	57	95	-38	-47
"K_4620 Ulvik"	"1964"	1463	32	17	15	64	89	-25	-10
"K_4620 Ulvik"	"1965"	1453	15	19	-4	110	100	10	6
"K_4620 Ulvik"	"1966"	1459	26	16	10	65	81	-16	-29
"K_4620 Ulvik"	"1967"	1430	21	13	8	86	99	-13	-5
"K_4620 Ulvik"	"1968"	1425	21	16	5	44	103	-59	-57
"K_4620 Ulvik"	"1969"	1368	20	17	3	63	81	-18	-17
"K_4620 Ulvik"	"1970"	1351	13	24	-11	104	71	33	20
"K_4620 Ulvik"	"1971"	1371	20	13	7	60	94	-34	-42
"K_4620 Ulvik"	"1972"	1329	19	16	3	117	73	44	28
"K_4620 Ulvik"	"1973"	1357	20	9	11	77	69	8	18
"K_4620 Ulvik"	"1974"	1375	14	17	-3	114	119	-5	-16
"K_4620 Ulvik"	"1975"	1359	20	17	3	124	142	-18	-18
"K_4620 Ulvik"	"1976"	1341	13	11	2	116	89	27	29
"K_4620 Ulvik"	"1977"	1370	15	17	-2	125	110	15	11
"K_4620 Ulvik"	"1978"	1381	12	14	-2	132	123	9	5
"K_4620 Ulvik"	"1979"	1386	17	15	2	65	93	-28	-24
"K_4620 Ulvik"	"1980"	1362	12	12	0	63	87	-24	-23
"K_4620 Ulvik"	"1981"	1339	12	9	3	86	91	-5	0
"K_4620 Ulvik"	"1982"	1339	15	12	3	90	110	-20	-19
"K_4620 Ulvik"	"1983"	1320	18	21	-3	72	91	-19	-23
"K_4620 Ulvik"	"1984"	1297	17	22	-5	69	64	5	2
"K_4620 Ulvik"	"1985"	1299	20	15	5	55	77	-22	-18
"K_4620 Ulvik"	"1986"	1281	10	13	-3	81	110	-29	-31
"K_4620 Ulvik"	"1987"	1250	11	18	-7	53	78	-25	-32
"K_4620 Ulvik"	"1988"	1218	16	16	0	76	49	27	26
"K_4620 Ulvik"	"1989"	1244	16	13	3	59	67	-8	-5
"K_4620 Ulvik"	"1990"	1239	16	16	0	46	46	0	0
"K_4620 Ulvik"	"1991"	1239	16	15	1	67	62	5	12
"K_4620 Ulvik"	"1992"	1251	12	15	-3	60	54	6	0
"K_4620 Ulvik"	"1993"	1251	19	23	-4	62	64	-2	-6
"K_4620 Ulvik"	"1994"	1245	17	20	-3	89	74	15	12
"K_4620 Ulvik"	"1995"	1257	20	15	5	67	51	16	18
"K_4620 Ulvik"	"1996"	1275	21	21	0	34	45	-11	-11
"K_4620 Ulvik"	"1997"	1264	9	25	-16	62	78	-16	-32
"K_4620 Ulvik"	"1998"	1232	11	21	-10	94	86	8	-1
"K_4620 Ulvik"	"1999"	1231	11	18	-7	71	73	-2	-9
"K_4620 Ulvik"	"2000"	1222	23	17	6	58	76	-18	-12
"K_4620 Ulvik"	"2001"	1210	18	12	6	61	76	-15	-9
"K_4620 Ulvik"	"2002"	1201	8	15	-7	34	57	-23	-30
"K_4620 Ulvik"	"2003"	1171	12	13	-1	60	53	7	4
"K_4620 Ulvik"	"2004"	1175	14	14	0	42	54	-12	-12
"K_4620 Ulvik"	"2005"	1163	9	16	-7	32	46	-14	-21
"K_4620 Ulvik"	"2006"	1142	7	7	0	39	44	-5	-5
"K_4620 Ulvik"	"2007"	1137	7	10	-3	31	58	-27	-30
"K_4620 Ulvik"	"2008"	1107	11	8	3	55	71	-16	-12
"K_4620 Ulvik"	"2009"	1095	10	10	0	72	38	34	34
"K_4620 Ulvik"	"2010"	1129	11	20	-9	67	69	-2	-11
"K_4620 Ulvik"	"2011"	1118	6	21	-15	68	59	9	-6
"K_4620 Ulvik"	"2012"	1112	11	12	-1	54	52	2	1
"K_4620 Ulvik"	"2013"	1113	6	14	-8	56	67	-11	-19
"K_4620 Ulvik"	"2014"	1094	9	18	-9	68	46	22	13
"K_4620 Ulvik"	"2015"	1107	12	15	-3	53	41	12	9
"K_4620 Ulvik"	"2016"	1116	13	18	-5	63	43	20	15
"K_4620 Ulvik"	"2017"	1131	14	19	-5	46	53	-7	-14
"K_4620 Ulvik"	"2018"	1117	9	13	-4	33	53	-20	-24
"K_4620 Ulvik"	"2019"	1093	7	12	-5	43	51	-8	-13
"K_4620 Ulvik"	"2020"	1080	3	16	-13	45	50	-5	-19
"K_4620 Ulvik"	"2021"	1061	9	17	-8	48	51	-3	-10
"K_4620 Ulvik"	"2022"	1051	9	21	-12	59	42	17	5
"K_4620 Ulvik"	"2023"	1056	8	13	-5	98	60	38	33
"K_4620 Ulvik"	"2024"	1089	..	..	..	..	..	..	..
"K_4621 Voss"	"1951"	13845	231	123	108	445	606	-161	-53
"K_4621 Voss"	"1952"	13792	259	125	134	410	469	-59	75
"K_4621 Voss"	"1953"	13867	269	121	148	526	515	11	159
"K_4621 Voss"	"1954"	14026	254	126	128	525	645	-120	8
"K_4621 Voss"	"1955"	14034	305	148	157	502	625	-123	66
"K_4621 Voss"	"1956"	14100	260	133	127	623	663	-40	87
"K_4621 Voss"	"1957"	14187	273	126	147	643	749	-106	41
"K_4621 Voss"	"1958"	14228	264	138	126	611	666	-55	71
"K_4621 Voss"	"1959"	14299	256	127	129	578	701	-123	6
"K_4621 Voss"	"1960"	14305	261	168	93	727	851	-124	-11
"K_4621 Voss"	"1961"	14294	266	142	124	614	644	-30	94
"K_4621 Voss"	"1962"	14388	256	154	102	656	655	1	103
"K_4621 Voss"	"1963"	14491	220	164	56	616	641	-25	31
"K_4621 Voss"	"1964"	14343	250	142	108	574	488	86	194
"K_4621 Voss"	"1965"	14537	255	126	129	608	636	-28	101
"K_4621 Voss"	"1966"	14638	230	144	86	641	661	-20	53
"K_4621 Voss"	"1967"	14691	239	149	90	644	616	28	118
"K_4621 Voss"	"1968"	14809	231	150	81	692	713	-21	53
"K_4621 Voss"	"1969"	14862	245	142	103	614	778	-164	-58
"K_4621 Voss"	"1970"	14804	213	128	85	806	965	-159	-83
"K_4621 Voss"	"1971"	14721	221	136	85	607	674	-67	23
"K_4621 Voss"	"1972"	14744	234	179	55	684	700	-16	29
"K_4621 Voss"	"1973"	14773	214	169	45	742	694	48	83
"K_4621 Voss"	"1974"	14856	217	165	52	673	672	1	51
"K_4621 Voss"	"1975"	14907	186	151	35	611	561	50	81
"K_4621 Voss"	"1976"	14988	146	184	-38	621	619	2	-38
"K_4621 Voss"	"1977"	14950	165	153	12	626	535	91	96
"K_4621 Voss"	"1978"	15046	181	147	34	537	526	11	45
"K_4621 Voss"	"1979"	15091	172	171	1	548	478	70	68
"K_4621 Voss"	"1980"	15159	151	196	-45	528	479	49	1
"K_4621 Voss"	"1981"	15160	171	183	-12	472	481	-9	-22
"K_4621 Voss"	"1982"	15138	171	153	18	430	420	10	24
"K_4621 Voss"	"1983"	15162	172	160	12	409	398	11	22
"K_4621 Voss"	"1984"	15184	163	185	-22	425	442	-17	-39
"K_4621 Voss"	"1985"	15145	178	190	-12	442	459	-17	-23
"K_4621 Voss"	"1986"	15122	191	188	3	459	477	-18	-14
"K_4621 Voss"	"1987"	15108	184	171	13	511	473	38	47
"K_4621 Voss"	"1988"	15155	187	198	-11	455	487	-32	-49
"K_4621 Voss"	"1989"	15106	162	166	-4	405	442	-37	-35
"K_4621 Voss"	"1990"	15071	206	165	41	431	418	13	55
"K_4621 Voss"	"1991"	15126	198	176	22	356	506	-150	-126
"K_4621 Voss"	"1992"	15000	176	192	-16	337	397	-60	-77
"K_4621 Voss"	"1993"	14923	205	187	18	461	414	47	70
"K_4621 Voss"	"1994"	14993	189	164	25	517	596	-79	-52
"K_4621 Voss"	"1995"	14941	178	163	15	407	468	-61	-48
"K_4621 Voss"	"1996"	14893	184	163	21	407	491	-84	-63
"K_4621 Voss"	"1997"	14830	178	156	22	438	513	-75	-54
"K_4621 Voss"	"1998"	14776	174	156	18	432	509	-77	-50
"K_4621 Voss"	"1999"	14726	161	171	-10	440	385	55	44
"K_4621 Voss"	"2000"	14770	178	169	9	574	520	54	63
"K_4621 Voss"	"2001"	14833	196	147	49	440	519	-79	-31
"K_4621 Voss"	"2002"	14802	166	165	1	462	408	54	56
"K_4621 Voss"	"2003"	14858	162	167	-5	396	456	-60	-66
"K_4621 Voss"	"2004"	14792	164	145	19	422	375	47	66
"K_4621 Voss"	"2005"	14858	146	154	-8	426	460	-34	-42
"K_4621 Voss"	"2006"	14816	133	152	-19	435	470	-35	-53
"K_4621 Voss"	"2007"	14763	157	150	7	446	483	-37	-31
"K_4621 Voss"	"2008"	14732	154	155	-1	538	450	88	86
"K_4621 Voss"	"2009"	14818	144	154	-10	588	548	40	31
"K_4621 Voss"	"2010"	14849	155	176	-21	572	498	74	55
"K_4621 Voss"	"2011"	14904	175	176	-1	588	590	-2	-3
"K_4621 Voss"	"2012"	14901	162	164	-2	575	510	65	64
"K_4621 Voss"	"2013"	14965	148	152	-4	606	493	113	114
"K_4621 Voss"	"2014"	15079	164	144	20	624	458	166	189
"K_4621 Voss"	"2015"	15268	177	136	41	674	635	39	77
"K_4621 Voss"	"2016"	15345	160	171	-11	723	610	113	102
"K_4621 Voss"	"2017"	15447	164	145	19	646	610	36	61
"K_4621 Voss"	"2018"	15508	165	153	12	589	565	24	35
"K_4621 Voss"	"2019"	15543	150	143	7	624	501	123	132
"K_4621 Voss"	"2020"	15740	161	150	11	544	507	37	47
"K_4621 Voss"	"2021"	15787	152	150	2	629	543	86	88
"K_4621 Voss"	"2022"	15875	168	166	2	770	501	269	269
"K_4621 Voss"	"2023"	16144	160	144	16	832	525	307	327
"K_4621 Voss"	"2024"	16471	..	..	..	..	..	..	..
"K_4622 Kvam"	"1951"	7230	207	69	138	397	357	40	178
"K_4622 Kvam"	"1952"	7408	202	57	145	269	316	-47	98
"K_4622 Kvam"	"1953"	7506	172	40	132	278	322	-44	88
"K_4622 Kvam"	"1954"	7594	156	68	88	215	293	-78	10
"K_4622 Kvam"	"1955"	7604	183	54	129	276	307	-31	121
"K_4622 Kvam"	"1956"	7725	190	59	131	322	306	16	147
"K_4622 Kvam"	"1957"	7872	178	56	122	376	351	25	147
"K_4622 Kvam"	"1958"	8019	153	68	85	353	351	2	87
"K_4622 Kvam"	"1959"	8106	168	63	105	349	373	-24	81
"K_4622 Kvam"	"1960"	8187	156	75	81	458	450	8	68
"K_4622 Kvam"	"1961"	8255	162	82	80	407	393	14	94
"K_4622 Kvam"	"1962"	8349	173	74	99	377	403	-26	73
"K_4622 Kvam"	"1963"	8422	155	100	55	384	471	-87	-32
"K_4622 Kvam"	"1964"	8390	143	73	70	410	405	5	75
"K_4622 Kvam"	"1965"	9119	190	80	110	402	507	-105	5
"K_4622 Kvam"	"1966"	9124	170	93	77	323	435	-112	-16
"K_4622 Kvam"	"1967"	9108	159	82	77	354	493	-139	-62
"K_4622 Kvam"	"1968"	9046	153	65	88	355	442	-87	1
"K_4622 Kvam"	"1969"	9047	169	74	95	343	471	-128	-30
"K_4622 Kvam"	"1970"	9017	118	80	38	447	641	-194	-170
"K_4622 Kvam"	"1971"	8847	141	80	61	428	509	-81	-23
"K_4622 Kvam"	"1972"	8824	138	73	65	382	464	-82	-16
"K_4622 Kvam"	"1973"	8808	146	81	65	359	449	-90	-25
"K_4622 Kvam"	"1974"	8783	114	86	28	382	430	-48	-22
"K_4622 Kvam"	"1975"	8761	144	80	64	358	415	-57	-4
"K_4622 Kvam"	"1976"	8757	100	87	13	318	330	-12	-1
"K_4622 Kvam"	"1977"	8756	113	77	36	323	335	-12	25
"K_4622 Kvam"	"1978"	8781	124	86	38	274	321	-47	-7
"K_4622 Kvam"	"1979"	8774	128	90	38	249	326	-77	-41
"K_4622 Kvam"	"1980"	8733	102	87	15	290	293	-3	10
"K_4622 Kvam"	"1981"	8743	95	78	17	303	308	-5	14
"K_4622 Kvam"	"1982"	8757	119	89	30	248	297	-49	-13
"K_4622 Kvam"	"1983"	8744	106	101	5	236	254	-18	-15
"K_4622 Kvam"	"1984"	8729	113	90	23	225	262	-37	-16
"K_4622 Kvam"	"1985"	8713	109	84	25	295	278	17	41
"K_4622 Kvam"	"1986"	8754	112	85	27	207	291	-84	-61
"K_4622 Kvam"	"1987"	8693	115	89	26	327	282	45	75
"K_4622 Kvam"	"1988"	8768	116	89	27	292	314	-22	5
"K_4622 Kvam"	"1989"	8773	129	91	38	291	329	-38	0
"K_4622 Kvam"	"1990"	8773	134	92	42	243	369	-126	-83
"K_4622 Kvam"	"1991"	8690	94	106	-12	228	308	-80	-94
"K_4622 Kvam"	"1992"	8596	114	93	21	221	264	-43	-17
"K_4622 Kvam"	"1993"	8579	111	107	4	357	325	32	35
"K_4622 Kvam"	"1994"	8614	89	92	-3	320	339	-19	-17
"K_4622 Kvam"	"1995"	8597	110	102	8	280	276	4	11
"K_4622 Kvam"	"1996"	8608	100	81	19	241	312	-71	-53
"K_4622 Kvam"	"1997"	8555	89	92	-3	247	243	4	1
"K_4622 Kvam"	"1998"	8556	88	98	-10	301	280	21	9
"K_4622 Kvam"	"1999"	8565	92	89	3	343	318	25	27
"K_4622 Kvam"	"2000"	8592	103	103	0	278	272	6	7
"K_4622 Kvam"	"2001"	8599	105	96	9	261	352	-91	-83
"K_4622 Kvam"	"2002"	8516	84	99	-15	223	263	-40	-49
"K_4622 Kvam"	"2003"	8467	79	90	-11	234	301	-67	-78
"K_4622 Kvam"	"2004"	8389	89	99	-10	246	285	-39	-55
"K_4622 Kvam"	"2005"	8334	98	86	12	283	321	-38	-28
"K_4622 Kvam"	"2006"	8306	67	90	-23	248	298	-50	-76
"K_4622 Kvam"	"2007"	8230	90	82	8	321	348	-27	-20
"K_4622 Kvam"	"2008"	8210	87	77	10	345	227	118	128
"K_4622 Kvam"	"2009"	8338	81	83	-2	310	286	24	22
"K_4622 Kvam"	"2010"	8360	104	84	20	307	243	64	82
"K_4622 Kvam"	"2011"	8442	73	85	-12	366	271	95	80
"K_4622 Kvam"	"2012"	8522	86	81	5	335	280	55	62
"K_4622 Kvam"	"2013"	8584	94	73	21	299	320	-21	0
"K_4622 Kvam"	"2014"	8584	88	69	19	300	365	-65	-45
"K_4622 Kvam"	"2015"	8539	87	97	-10	308	363	-55	-64
"K_4622 Kvam"	"2016"	8475	89	81	8	257	317	-60	-52
"K_4622 Kvam"	"2017"	8423	76	99	-23	298	243	55	32
"K_4622 Kvam"	"2018"	8455	83	85	-2	276	288	-12	-14
"K_4622 Kvam"	"2019"	8441	80	61	19	262	265	-3	16
"K_4622 Kvam"	"2020"	8457	72	85	-13	290	273	17	4
"K_4622 Kvam"	"2021"	8461	78	71	7	302	271	31	36
"K_4622 Kvam"	"2022"	8497	87	89	-2	337	302	35	34
"K_4622 Kvam"	"2023"	8531	58	80	-22	277	294	-17	-35
"K_4622 Kvam"	"2024"	8496	..	..	..	..	..	..	..
"K_4623 Samnanger"	"1951"	2503	60	21	39	41	122	-81	-42
"K_4623 Samnanger"	"1952"	2461	49	23	26	49	66	-17	9
"K_4623 Samnanger"	"1953"	2470	61	17	44	53	83	-30	14
"K_4623 Samnanger"	"1954"	2484	63	23	40	69	87	-18	22
"K_4623 Samnanger"	"1955"	2506	39	15	24	45	81	-36	59
"K_4623 Samnanger"	"1956"	2565	39	27	12	80	118	-38	-26
"K_4623 Samnanger"	"1957"	2539	45	27	18	74	114	-40	-22
"K_4623 Samnanger"	"1958"	2517	48	31	17	71	120	-49	-32
"K_4623 Samnanger"	"1959"	2485	49	21	28	73	93	-20	8
"K_4623 Samnanger"	"1960"	2493	39	29	10	110	137	-27	-56
"K_4623 Samnanger"	"1961"	2437	47	29	18	38	110	-72	-54
"K_4623 Samnanger"	"1962"	2383	38	25	13	60	93	-33	-20
"K_4623 Samnanger"	"1963"	2363	39	26	13	70	78	-8	5
"K_4623 Samnanger"	"1964"	2368	39	21	18	53	95	-42	-24
"K_4623 Samnanger"	"1965"	2344	39	32	7	50	102	-52	-45
"K_4623 Samnanger"	"1966"	2299	21	30	-9	84	104	-20	-28
"K_4623 Samnanger"	"1967"	2271	37	31	6	59	97	-38	-32
"K_4623 Samnanger"	"1968"	2239	31	21	10	74	98	-24	-14
"K_4623 Samnanger"	"1969"	2225	33	27	6	91	143	-52	-45
"K_4623 Samnanger"	"1970"	2180	29	28	1	134	133	1	3
"K_4623 Samnanger"	"1971"	2183	33	24	9	101	126	-25	-15
"K_4623 Samnanger"	"1972"	2168	24	35	-11	103	82	21	11
"K_4623 Samnanger"	"1973"	2179	28	36	-8	86	96	-10	-19
"K_4623 Samnanger"	"1974"	2160	23	31	-8	101	65	36	27
"K_4623 Samnanger"	"1975"	2187	31	27	4	111	70	41	46
"K_4623 Samnanger"	"1976"	2233	33	31	2	80	57	23	25
"K_4623 Samnanger"	"1977"	2258	27	22	5	57	66	-9	-4
"K_4623 Samnanger"	"1978"	2254	29	30	-1	98	83	15	13
"K_4623 Samnanger"	"1979"	2267	35	27	8	98	68	30	38
"K_4623 Samnanger"	"1980"	2305	32	19	13	99	98	1	14
"K_4623 Samnanger"	"1981"	2319	35	30	5	86	62	24	29
"K_4623 Samnanger"	"1982"	2348	22	28	-6	85	65	20	14
"K_4623 Samnanger"	"1983"	2362	31	30	1	70	56	14	16
"K_4623 Samnanger"	"1984"	2378	28	35	-7	56	51	5	-2
"K_4623 Samnanger"	"1985"	2376	23	31	-8	69	54	15	7
"K_4623 Samnanger"	"1986"	2383	27	24	3	101	82	19	21
"K_4623 Samnanger"	"1987"	2404	33	40	-7	48	61	-13	-20
"K_4623 Samnanger"	"1988"	2384	30	22	8	58	62	-4	-1
"K_4623 Samnanger"	"1989"	2383	37	22	15	85	71	14	29
"K_4623 Samnanger"	"1990"	2412	27	24	3	51	85	-34	-30
"K_4623 Samnanger"	"1991"	2382	35	29	6	92	68	24	29
"K_4623 Samnanger"	"1992"	2411	24	31	-7	53	50	3	-5
"K_4623 Samnanger"	"1993"	2406	27	25	2	60	69	-9	-7
"K_4623 Samnanger"	"1994"	2399	31	30	1	65	80	-15	-13
"K_4623 Samnanger"	"1995"	2386	30	22	8	49	88	-39	-32
"K_4623 Samnanger"	"1996"	2354	37	27	10	80	73	7	17
"K_4623 Samnanger"	"1997"	2371	19	34	-15	66	104	-38	-53
"K_4623 Samnanger"	"1998"	2318	23	38	-15	94	78	16	4
"K_4623 Samnanger"	"1999"	2322	22	24	-2	64	102	-38	-40
"K_4623 Samnanger"	"2000"	2282	21	31	-10	103	72	31	21
"K_4623 Samnanger"	"2001"	2303	25	12	13	94	67	27	40
"K_4623 Samnanger"	"2002"	2343	28	22	6	67	78	-11	-3
"K_4623 Samnanger"	"2003"	2340	21	21	0	79	88	-9	-9
"K_4623 Samnanger"	"2004"	2331	17	30	-13	85	82	3	-9
"K_4623 Samnanger"	"2005"	2322	22	23	-1	104	85	19	19
"K_4623 Samnanger"	"2006"	2341	29	28	1	99	90	9	12
"K_4623 Samnanger"	"2007"	2353	29	22	7	121	85	36	43
"K_4623 Samnanger"	"2008"	2396	42	23	19	62	98	-36	-17
"K_4623 Samnanger"	"2009"	2379	32	34	-2	101	106	-5	-4
"K_4623 Samnanger"	"2010"	2375	24	16	8	102	91	11	19
"K_4623 Samnanger"	"2011"	2394	27	19	8	109	93	16	23
"K_4623 Samnanger"	"2012"	2417	32	21	11	99	93	6	17
"K_4623 Samnanger"	"2013"	2434	27	17	10	99	107	-8	2
"K_4623 Samnanger"	"2014"	2436	35	25	10	115	118	-3	7
"K_4623 Samnanger"	"2015"	2443	26	33	-7	115	107	8	0
"K_4623 Samnanger"	"2016"	2443	39	21	18	121	94	27	45
"K_4623 Samnanger"	"2017"	2488	16	21	-5	86	107	-21	-25
"K_4623 Samnanger"	"2018"	2463	30	19	11	104	113	-9	2
"K_4623 Samnanger"	"2019"	2465	17	19	-2	121	99	22	20
"K_4623 Samnanger"	"2020"	2485	29	29	0	137	118	19	19
"K_4623 Samnanger"	"2021"	2504	20	15	5	102	108	-6	-3
"K_4623 Samnanger"	"2022"	2501	19	34	-15	102	93	9	-6
"K_4623 Samnanger"	"2023"	2495	28	21	7	98	97	1	7
"K_4623 Samnanger"	"2024"	2502	..	..	..	..	..	..	..
"K_4624 Bjørnafjorden"	"1951"	10002	238	70	168	482	429	53	221
"K_4624 Bjørnafjorden"	"1952"	10223	222	72	150	383	416	-33	117
"K_4624 Bjørnafjorden"	"1953"	10340	259	77	182	466	514	-48	134
"K_4624 Bjørnafjorden"	"1954"	10474	228	77	151	437	508	-71	80
"K_4624 Bjørnafjorden"	"1955"	10554	222	72	150	444	553	-109	-41
"K_4624 Bjørnafjorden"	"1956"	10513	201	91	110	489	545	-56	54
"K_4624 Bjørnafjorden"	"1957"	10567	247	78	169	597	671	-74	95
"K_4624 Bjørnafjorden"	"1958"	10662	239	76	163	468	587	-119	44
"K_4624 Bjørnafjorden"	"1959"	10706	244	80	164	507	522	-15	149
"K_4624 Bjørnafjorden"	"1960"	10855	224	64	160	664	662	2	88
"K_4624 Bjørnafjorden"	"1961"	10943	206	85	121	458	593	-135	-14
"K_4624 Bjørnafjorden"	"1962"	10929	240	90	150	480	510	-30	120
"K_4624 Bjørnafjorden"	"1963"	11049	220	91	129	536	587	-51	78
"K_4624 Bjørnafjorden"	"1964"	11127	232	80	152	511	569	-58	94
"K_4624 Bjørnafjorden"	"1965"	11221	241	98	143	525	557	-32	111
"K_4624 Bjørnafjorden"	"1966"	11332	250	95	155	497	475	22	166
"K_4624 Bjørnafjorden"	"1967"	11498	223	110	113	627	613	14	127
"K_4624 Bjørnafjorden"	"1968"	11625	237	94	143	624	602	22	164
"K_4624 Bjørnafjorden"	"1969"	11789	223	92	131	644	648	-4	133
"K_4624 Bjørnafjorden"	"1970"	11922	224	105	119	823	879	-56	58
"K_4624 Bjørnafjorden"	"1971"	11980	244	101	143	657	611	46	195
"K_4624 Bjørnafjorden"	"1972"	12175	210	110	100	592	603	-11	82
"K_4624 Bjørnafjorden"	"1973"	12257	215	112	103	662	631	31	132
"K_4624 Bjørnafjorden"	"1974"	12389	214	70	144	784	556	228	365
"K_4624 Bjørnafjorden"	"1975"	12754	192	99	93	693	567	126	213
"K_4624 Bjørnafjorden"	"1976"	12967	206	91	115	777	531	246	358
"K_4624 Bjørnafjorden"	"1977"	13325	202	93	109	791	494	297	405
"K_4624 Bjørnafjorden"	"1978"	13730	253	114	139	657	503	154	294
"K_4624 Bjørnafjorden"	"1979"	14024	208	91	117	720	496	224	339
"K_4624 Bjørnafjorden"	"1980"	14363	195	95	100	811	561	250	347
"K_4624 Bjørnafjorden"	"1981"	14710	254	109	145	631	545	86	231
"K_4624 Bjørnafjorden"	"1982"	14941	214	97	117	598	540	58	175
"K_4624 Bjørnafjorden"	"1983"	15116	184	122	62	673	588	85	146
"K_4624 Bjørnafjorden"	"1984"	15262	195	123	72	576	573	3	75
"K_4624 Bjørnafjorden"	"1985"	15337	196	139	57	745	544	201	246
"K_4624 Bjørnafjorden"	"1986"	15583	231	123	108	673	551	122	231
"K_4624 Bjørnafjorden"	"1987"	15814	214	141	73	718	645	73	142
"K_4624 Bjørnafjorden"	"1988"	15956	217	130	87	760	601	159	247
"K_4624 Bjørnafjorden"	"1989"	16203	249	144	105	679	651	28	132
"K_4624 Bjørnafjorden"	"1990"	16335	266	122	144	614	590	24	167
"K_4624 Bjørnafjorden"	"1991"	16502	262	119	143	514	530	-16	133
"K_4624 Bjørnafjorden"	"1992"	16635	243	130	113	499	581	-82	28
"K_4624 Bjørnafjorden"	"1993"	16663	206	140	66	488	526	-38	26
"K_4624 Bjørnafjorden"	"1994"	16689	222	105	117	612	648	-36	81
"K_4624 Bjørnafjorden"	"1995"	16770	231	124	107	627	594	33	143
"K_4624 Bjørnafjorden"	"1996"	16913	223	122	101	598	642	-44	56
"K_4624 Bjørnafjorden"	"1997"	16969	214	118	96	685	571	114	212
"K_4624 Bjørnafjorden"	"1998"	17181	240	134	106	684	558	126	216
"K_4624 Bjørnafjorden"	"1999"	17397	233	147	86	693	598	95	183
"K_4624 Bjørnafjorden"	"2000"	17580	239	124	115	655	640	15	127
"K_4624 Bjørnafjorden"	"2001"	17707	240	141	99	683	668	15	119
"K_4624 Bjørnafjorden"	"2002"	17826	202	141	61	756	567	189	253
"K_4624 Bjørnafjorden"	"2003"	18079	225	136	89	797	638	159	260
"K_4624 Bjørnafjorden"	"2004"	18339	257	146	111	819	640	179	278
"K_4624 Bjørnafjorden"	"2005"	18617	248	122	126	918	666	252	374
"K_4624 Bjørnafjorden"	"2006"	18991	276	145	131	937	717	220	353
"K_4624 Bjørnafjorden"	"2007"	19344	268	135	133	1075	739	336	470
"K_4624 Bjørnafjorden"	"2008"	19814	308	137	171	1026	785	241	414
"K_4624 Bjørnafjorden"	"2009"	20228	254	142	112	906	743	163	279
"K_4624 Bjørnafjorden"	"2010"	20507	293	150	143	1202	804	398	554
"K_4624 Bjørnafjorden"	"2011"	21061	303	126	177	1222	924	298	476
"K_4624 Bjørnafjorden"	"2012"	21537	264	136	128	1209	908	301	423
"K_4624 Bjørnafjorden"	"2013"	21960	282	168	114	1319	889	430	547
"K_4624 Bjørnafjorden"	"2014"	22507	271	142	129	1285	986	299	428
"K_4624 Bjørnafjorden"	"2015"	22935	317	136	181	1433	932	501	683
"K_4624 Bjørnafjorden"	"2016"	23618	279	152	127	1309	1007	302	429
"K_4624 Bjørnafjorden"	"2017"	24047	320	136	184	1315	1055	260	446
"K_4624 Bjørnafjorden"	"2018"	24493	267	142	125	1178	1134	44	172
"K_4624 Bjørnafjorden"	"2019"	24665	234	141	93	1144	993	151	243
"K_4624 Bjørnafjorden"	"2020"	24908	250	154	96	1045	1001	44	141
"K_4624 Bjørnafjorden"	"2021"	25049	280	152	128	1092	1052	40	164
"K_4624 Bjørnafjorden"	"2022"	25213	244	187	57	1335	1004	331	383
"K_4624 Bjørnafjorden"	"2023"	25596	277	161	116	1300	935	365	484
"K_4624 Bjørnafjorden"	"2024"	26080	..	..	..	..	..	..	..
"K_4625 Austevoll"	"1951"	3231	74	26	48	79	149	-70	-22
"K_4625 Austevoll"	"1952"	3209	78	23	55	63	98	-35	20
"K_4625 Austevoll"	"1953"	3229	84	28	56	100	115	-15	41
"K_4625 Austevoll"	"1954"	3270	87	16	71	58	103	-45	26
"K_4625 Austevoll"	"1955"	3296	74	30	44	71	108	-37	66
"K_4625 Austevoll"	"1956"	3362	87	28	59	95	128	-33	26
"K_4625 Austevoll"	"1957"	3388	81	38	43	81	143	-62	-19
"K_4625 Austevoll"	"1958"	3369	80	33	47	97	102	-5	42
"K_4625 Austevoll"	"1959"	3411	78	30	48	67	113	-46	2
"K_4625 Austevoll"	"1960"	3413	64	26	38	77	149	-72	-47
"K_4625 Austevoll"	"1961"	3366	55	29	26	63	102	-39	-13
"K_4625 Austevoll"	"1962"	3353	58	23	35	71	110	-39	-4
"K_4625 Austevoll"	"1963"	3349	75	38	37	97	124	-27	10
"K_4625 Austevoll"	"1964"	4055	73	38	35	101	143	-42	-7
"K_4625 Austevoll"	"1965"	4048	90	30	60	159	209	-50	10
"K_4625 Austevoll"	"1966"	4058	67	37	30	132	106	26	-16
"K_4625 Austevoll"	"1967"	4042	68	45	23	147	155	-8	15
"K_4625 Austevoll"	"1968"	4057	87	38	49	115	189	-74	-23
"K_4625 Austevoll"	"1969"	4034	65	55	10	132	215	-83	-77
"K_4625 Austevoll"	"1970"	3957	75	39	36	158	289	-131	-103
"K_4625 Austevoll"	"1971"	3854	56	45	11	171	158	13	30
"K_4625 Austevoll"	"1972"	3884	54	26	28	159	215	-56	-28
"K_4625 Austevoll"	"1973"	3856	60	42	18	145	175	-30	-10
"K_4625 Austevoll"	"1974"	3846	71	37	34	148	174	-26	9
"K_4625 Austevoll"	"1975"	3855	61	31	30	140	172	-32	-3
"K_4625 Austevoll"	"1976"	3852	48	39	9	144	118	26	35
"K_4625 Austevoll"	"1977"	3887	55	39	16	141	167	-26	-9
"K_4625 Austevoll"	"1978"	3878	50	36	14	148	129	19	33
"K_4625 Austevoll"	"1979"	3911	63	35	28	115	161	-46	-18
"K_4625 Austevoll"	"1980"	3893	54	47	7	143	131	12	19
"K_4625 Austevoll"	"1981"	3912	61	38	23	164	113	51	74
"K_4625 Austevoll"	"1982"	3986	75	35	40	121	98	23	63
"K_4625 Austevoll"	"1983"	4049	73	35	38	136	137	-1	36
"K_4625 Austevoll"	"1984"	4085	69	49	20	129	101	28	49
"K_4625 Austevoll"	"1985"	4134	67	33	34	135	125	10	44
"K_4625 Austevoll"	"1986"	4178	67	44	23	102	128	-26	-5
"K_4625 Austevoll"	"1987"	4173	59	33	26	109	164	-55	-25
"K_4625 Austevoll"	"1988"	4148	63	36	27	137	154	-17	9
"K_4625 Austevoll"	"1989"	4157	76	41	35	125	118	7	43
"K_4625 Austevoll"	"1990"	4200	59	37	22	98	173	-75	-52
"K_4625 Austevoll"	"1991"	4148	74	39	35	132	118	14	51
"K_4625 Austevoll"	"1992"	4199	62	46	16	112	128	-16	-4
"K_4625 Austevoll"	"1993"	4195	55	37	18	114	118	-4	14
"K_4625 Austevoll"	"1994"	4209	60	31	29	144	125	19	48
"K_4625 Austevoll"	"1995"	4257	66	33	33	138	140	-2	32
"K_4625 Austevoll"	"1996"	4289	66	51	15	147	178	-31	-15
"K_4625 Austevoll"	"1997"	4274	56	41	15	146	130	16	31
"K_4625 Austevoll"	"1998"	4305	59	41	18	177	122	55	73
"K_4625 Austevoll"	"1999"	4378	76	47	29	149	150	-1	28
"K_4625 Austevoll"	"2000"	4406	68	35	33	155	148	7	40
"K_4625 Austevoll"	"2001"	4446	75	49	26	133	147	-14	14
"K_4625 Austevoll"	"2002"	4460	51	46	5	140	164	-24	-21
"K_4625 Austevoll"	"2003"	4439	69	44	25	154	133	21	48
"K_4625 Austevoll"	"2004"	4487	65	59	6	149	193	-44	-36
"K_4625 Austevoll"	"2005"	4451	45	43	2	117	179	-62	-60
"K_4625 Austevoll"	"2006"	4391	56	37	19	153	174	-21	-2
"K_4625 Austevoll"	"2007"	4389	53	30	23	150	172	-22	1
"K_4625 Austevoll"	"2008"	4390	60	31	29	181	181	0	27
"K_4625 Austevoll"	"2009"	4417	78	44	34	261	142	119	154
"K_4625 Austevoll"	"2010"	4571	58	31	27	246	166	80	109
"K_4625 Austevoll"	"2011"	4680	75	42	33	228	149	79	112
"K_4625 Austevoll"	"2012"	4792	67	45	22	203	179	24	46
"K_4625 Austevoll"	"2013"	4838	60	31	29	219	162	57	86
"K_4625 Austevoll"	"2014"	4924	72	40	32	215	159	56	88
"K_4625 Austevoll"	"2015"	5012	81	37	44	227	163	64	106
"K_4625 Austevoll"	"2016"	5118	85	34	51	179	192	-13	38
"K_4625 Austevoll"	"2017"	5156	66	45	21	188	176	12	33
"K_4625 Austevoll"	"2018"	5189	67	36	31	185	190	-5	23
"K_4625 Austevoll"	"2019"	5212	59	43	16	176	168	8	24
"K_4625 Austevoll"	"2020"	5236	49	39	10	210	182	28	40
"K_4625 Austevoll"	"2021"	5276	53	42	11	216	220	-4	7
"K_4625 Austevoll"	"2022"	5283	52	52	0	194	180	14	14
"K_4625 Austevoll"	"2023"	5297	50	52	-2	213	209	4	3
"K_4625 Austevoll"	"2024"	5300	..	..	..	..	..	..	..
"K_4626 Øygarden"	"1951"	8170	177	64	113	275	365	-90	23
"K_4626 Øygarden"	"1952"	8193	185	75	110	239	299	-60	50
"K_4626 Øygarden"	"1953"	8243	201	78	123	262	343	-81	42
"K_4626 Øygarden"	"1954"	8285	182	82	100	174	321	-147	-47
"K_4626 Øygarden"	"1955"	8238	191	85	106	252	313	-61	169
"K_4626 Øygarden"	"1956"	8407	193	65	128	236	342	-106	22
"K_4626 Øygarden"	"1957"	8429	182	77	105	344	417	-73	32
"K_4626 Øygarden"	"1958"	8461	198	77	121	271	333	-62	59
"K_4626 Øygarden"	"1959"	8520	189	74	115	257	347	-90	25
"K_4626 Øygarden"	"1960"	8545	181	69	112	349	470	-121	-53
"K_4626 Øygarden"	"1961"	8492	193	73	120	267	261	6	126
"K_4626 Øygarden"	"1962"	8618	171	71	100	301	362	-61	39
"K_4626 Øygarden"	"1963"	8657	173	94	79	289	306	-17	62
"K_4626 Øygarden"	"1964"	12210	234	103	131	409	476	-67	64
"K_4626 Øygarden"	"1965"	12274	233	105	128	445	590	-145	-17
"K_4626 Øygarden"	"1966"	12257	258	104	154	441	501	-60	33
"K_4626 Øygarden"	"1967"	12290	294	118	176	573	507	66	242
"K_4626 Øygarden"	"1968"	12532	242	105	137	479	535	-56	126
"K_4626 Øygarden"	"1969"	12658	236	123	113	536	567	-31	85
"K_4626 Øygarden"	"1970"	12743	234	118	116	643	769	-126	-39
"K_4626 Øygarden"	"1971"	12704	224	125	99	634	505	129	243
"K_4626 Øygarden"	"1972"	12947	237	141	96	725	578	147	245
"K_4626 Øygarden"	"1973"	13192	217	120	97	863	576	287	386
"K_4626 Øygarden"	"1974"	13578	221	127	94	927	614	313	409
"K_4626 Øygarden"	"1975"	13987	226	125	101	801	545	256	358
"K_4626 Øygarden"	"1976"	14345	232	121	111	904	537	367	483
"K_4626 Øygarden"	"1977"	14828	227	118	109	962	529	433	537
"K_4626 Øygarden"	"1978"	15365	226	105	121	1115	560	555	678
"K_4626 Øygarden"	"1979"	16043	252	102	150	1094	678	416	568
"K_4626 Øygarden"	"1980"	16611	287	131	156	1000	639	361	500
"K_4626 Øygarden"	"1981"	17111	235	135	100	1047	748	299	400
"K_4626 Øygarden"	"1982"	17511	265	109	156	1095	656	439	595
"K_4626 Øygarden"	"1983"	18106	243	117	126	1126	699	427	548
"K_4626 Øygarden"	"1984"	18654	286	125	161	1262	739	523	681
"K_4626 Øygarden"	"1985"	19335	249	127	122	1339	711	628	752
"K_4626 Øygarden"	"1986"	20087	307	121	186	1482	810	672	868
"K_4626 Øygarden"	"1987"	20955	346	123	223	1511	999	512	766
"K_4626 Øygarden"	"1988"	21721	355	146	209	1429	976	453	672
"K_4626 Øygarden"	"1989"	22393	372	149	223	1282	1011	271	476
"K_4626 Øygarden"	"1990"	22869	350	130	220	1059	1099	-40	178
"K_4626 Øygarden"	"1991"	23047	400	143	257	1065	1039	26	285
"K_4626 Øygarden"	"1992"	23332	332	154	178	1230	1085	145	319
"K_4626 Øygarden"	"1993"	23651	371	162	209	1532	1089	443	662
"K_4626 Øygarden"	"1994"	24313	379	145	234	1523	1216	307	547
"K_4626 Øygarden"	"1995"	24860	400	142	258	1545	1297	248	524
"K_4626 Øygarden"	"1996"	25384	439	134	305	1489	1339	150	452
"K_4626 Øygarden"	"1997"	25836	396	162	234	1496	1427	69	304
"K_4626 Øygarden"	"1998"	26140	369	141	228	1476	1336	140	370
"K_4626 Øygarden"	"1999"	26510	381	197	184	1604	1333	271	451
"K_4626 Øygarden"	"2000"	26961	431	165	266	1656	1451	205	471
"K_4626 Øygarden"	"2001"	27432	418	163	255	1658	1373	285	531
"K_4626 Øygarden"	"2002"	27963	376	172	204	1815	1463	352	551
"K_4626 Øygarden"	"2003"	28514	398	185	213	1763	1505	258	465
"K_4626 Øygarden"	"2004"	28979	422	169	253	1783	1465	318	576
"K_4626 Øygarden"	"2005"	29555	413	183	230	1833	1574	259	498
"K_4626 Øygarden"	"2006"	30053	409	194	215	1886	1568	318	542
"K_4626 Øygarden"	"2007"	30595	396	187	209	1995	1631	364	575
"K_4626 Øygarden"	"2008"	31170	460	166	294	1760	1595	165	459
"K_4626 Øygarden"	"2009"	31629	455	182	273	1876	1611	265	540
"K_4626 Øygarden"	"2010"	32169	451	171	280	2033	1694	339	616
"K_4626 Øygarden"	"2011"	32785	443	177	266	2290	1786	504	763
"K_4626 Øygarden"	"2012"	33548	461	224	237	2256	1696	560	806
"K_4626 Øygarden"	"2013"	34354	483	187	296	2376	1834	542	837
"K_4626 Øygarden"	"2014"	35191	439	194	245	2379	1903	476	721
"K_4626 Øygarden"	"2015"	35912	482	205	277	2425	1920	505	785
"K_4626 Øygarden"	"2016"	36697	489	209	280	2385	2188	197	478
"K_4626 Øygarden"	"2017"	37175	465	205	260	2265	2011	254	512
"K_4626 Øygarden"	"2018"	37687	458	192	266	2067	1905	162	430
"K_4626 Øygarden"	"2019"	38117	391	232	159	2084	2041	43	199
"K_4626 Øygarden"	"2020"	38316	448	215	233	1822	1706	116	348
"K_4626 Øygarden"	"2021"	38664	464	228	236	1901	1765	136	368
"K_4626 Øygarden"	"2022"	39032	352	255	97	1898	1662	236	336
"K_4626 Øygarden"	"2023"	39368	375	254	121	1989	1707	282	400
"K_4626 Øygarden"	"2024"	39768	..	..	..	..	..	..	..
"K_4627 Askøy"	"1951"	7616	192	57	135	346	271	75	210
"K_4627 Askøy"	"1952"	7826	252	51	201	375	285	90	291
"K_4627 Askøy"	"1953"	8117	237	50	187	508	363	145	332
"K_4627 Askøy"	"1954"	8449	248	64	184	430	337	93	277
"K_4627 Askøy"	"1955"	8726	220	45	175	467	426	41	213
"K_4627 Askøy"	"1956"	8939	239	58	181	345	424	-79	102
"K_4627 Askøy"	"1957"	9041	246	68	178	480	454	26	204
"K_4627 Askøy"	"1958"	9245	238	67	171	384	425	-41	227
"K_4627 Askøy"	"1959"	9472	253	63	190	441	415	26	216
"K_4627 Askøy"	"1960"	9688	224	60	164	438	457	-19	161
"K_4627 Askøy"	"1961"	9849	243	67	176	500	389	111	287
"K_4627 Askøy"	"1962"	10136	283	69	214	502	389	113	327
"K_4627 Askøy"	"1963"	10463	232	70	162	530	458	72	234
"K_4627 Askøy"	"1964"	12454	301	87	214	538	535	3	217
"K_4627 Askøy"	"1965"	12671	329	78	251	669	543	126	377
"K_4627 Askøy"	"1966"	13048	345	102	243	650	583	67	228
"K_4627 Askøy"	"1967"	13276	342	99	243	620	618	2	245
"K_4627 Askøy"	"1968"	13521	326	91	235	677	677	0	244
"K_4627 Askøy"	"1969"	13765	364	116	248	654	580	74	320
"K_4627 Askøy"	"1970"	14085	336	75	261	900	802	98	441
"K_4627 Askøy"	"1971"	14526	322	88	234	666	647	19	244
"K_4627 Askøy"	"1972"	14770	331	99	232	627	635	-8	236
"K_4627 Askøy"	"1973"	15006	307	102	205	677	686	-9	193
"K_4627 Askøy"	"1974"	15199	321	98	223	847	681	166	390
"K_4627 Askøy"	"1975"	15589	299	102	197	828	658	170	362
"K_4627 Askøy"	"1976"	15951	243	110	133	620	705	-85	46
"K_4627 Askøy"	"1977"	15997	246	98	148	778	594	184	334
"K_4627 Askøy"	"1978"	16331	262	98	164	637	631	6	170
"K_4627 Askøy"	"1979"	16501	269	123	146	722	636	86	234
"K_4627 Askøy"	"1980"	16735	230	122	108	891	584	307	413
"K_4627 Askøy"	"1981"	17148	294	124	170	868	694	174	342
"K_4627 Askøy"	"1982"	17490	273	130	143	731	601	130	275
"K_4627 Askøy"	"1983"	17765	280	108	172	649	628	21	195
"K_4627 Askøy"	"1984"	17960	245	127	118	641	679	-38	76
"K_4627 Askøy"	"1985"	18036	267	127	140	673	681	-8	127
"K_4627 Askøy"	"1986"	18163	222	102	120	712	597	115	236
"K_4627 Askøy"	"1987"	18399	250	134	116	684	696	-12	105
"K_4627 Askøy"	"1988"	18504	251	128	123	713	655	58	178
"K_4627 Askøy"	"1989"	18682	265	127	138	561	749	-188	-51
"K_4627 Askøy"	"1990"	18631	231	124	107	501	658	-157	-51
"K_4627 Askøy"	"1991"	18580	258	140	118	428	626	-198	-70
"K_4627 Askøy"	"1992"	18510	232	129	103	449	566	-117	-20
"K_4627 Askøy"	"1993"	18490	236	135	101	501	564	-63	39
"K_4627 Askøy"	"1994"	18529	271	127	144	634	672	-38	109
"K_4627 Askøy"	"1995"	18638	282	133	149	643	572	71	222
"K_4627 Askøy"	"1996"	18860	281	124	157	670	629	41	204
"K_4627 Askøy"	"1997"	19064	305	123	182	701	733	-32	151
"K_4627 Askøy"	"1998"	19215	311	143	168	704	616	88	250
"K_4627 Askøy"	"1999"	19465	294	131	163	732	631	101	262
"K_4627 Askøy"	"2000"	19727	294	140	154	866	651	215	369
"K_4627 Askøy"	"2001"	20096	328	149	179	899	603	296	479
"K_4627 Askøy"	"2002"	20575	304	146	158	935	646	289	443
"K_4627 Askøy"	"2003"	21018	301	146	155	984	631	353	504
"K_4627 Askøy"	"2004"	21522	329	136	193	940	627	313	498
"K_4627 Askøy"	"2005"	22020	352	141	211	1056	791	265	476
"K_4627 Askøy"	"2006"	22496	342	130	212	1070	755	315	522
"K_4627 Askøy"	"2007"	23018	374	160	214	1308	833	475	687
"K_4627 Askøy"	"2008"	23705	385	140	245	1325	844	481	727
"K_4627 Askøy"	"2009"	24432	418	154	264	1311	1020	291	561
"K_4627 Askøy"	"2010"	24993	389	155	234	1370	996	374	609
"K_4627 Askøy"	"2011"	25602	400	149	251	1500	1141	359	608
"K_4627 Askøy"	"2012"	26210	412	148	264	1450	1094	356	621
"K_4627 Askøy"	"2013"	26831	360	152	208	1484	1176	308	515
"K_4627 Askøy"	"2014"	27346	389	154	235	1479	1201	278	512
"K_4627 Askøy"	"2015"	27858	405	157	248	1587	1312	275	522
"K_4627 Askøy"	"2016"	28380	397	179	218	1473	1254	219	441
"K_4627 Askøy"	"2017"	28821	373	164	209	1335	1291	44	250
"K_4627 Askøy"	"2018"	29071	318	161	157	1249	1202	47	204
"K_4627 Askøy"	"2019"	29275	352	136	216	1224	1162	62	278
"K_4627 Askøy"	"2020"	29553	280	161	119	1190	1265	-75	41
"K_4627 Askøy"	"2021"	29594	330	179	151	1321	1252	69	222
"K_4627 Askøy"	"2022"	29816	321	209	112	1184	1123	61	173
"K_4627 Askøy"	"2023"	29989	281	179	102	1259	1206	53	156
"K_4627 Askøy"	"2024"	30145	..	..	..	..	..	..	..
"K_4628 Vaksdal"	"1951"	0	0	0	0	0	0	0	0
"K_4628 Vaksdal"	"1952"	0	0	0	0	0	0	0	0
"K_4628 Vaksdal"	"1953"	0	0	0	0	0	0	0	0
"K_4628 Vaksdal"	"1954"	0	0	0	0	0	0	0	0
"K_4628 Vaksdal"	"1955"	0	0	0	0	0	0	0	0
"K_4628 Vaksdal"	"1956"	0	0	0	0	0	0	0	0
"K_4628 Vaksdal"	"1957"	0	0	0	0	0	0	0	0
"K_4628 Vaksdal"	"1958"	0	0	0	0	0	0	0	0
"K_4628 Vaksdal"	"1959"	0	0	0	0	0	0	0	0
"K_4628 Vaksdal"	"1960"	0	0	0	0	0	0	0	0
"K_4628 Vaksdal"	"1961"	0	0	0	0	0	0	0	0
"K_4628 Vaksdal"	"1962"	0	0	0	0	0	0	0	0
"K_4628 Vaksdal"	"1963"	0	0	0	0	0	0	0	0
"K_4628 Vaksdal"	"1964"	5666	111	48	63	152	207	-55	8
"K_4628 Vaksdal"	"1965"	5674	89	46	43	193	278	-85	-42
"K_4628 Vaksdal"	"1966"	5632	89	49	40	141	219	-78	-64
"K_4628 Vaksdal"	"1967"	5568	89	47	42	206	253	-47	-5
"K_4628 Vaksdal"	"1968"	5563	100	53	47	203	275	-72	-25
"K_4628 Vaksdal"	"1969"	5538	83	50	33	141	215	-74	-40
"K_4628 Vaksdal"	"1970"	5498	78	58	20	215	304	-89	-71
"K_4628 Vaksdal"	"1971"	5427	100	57	43	157	324	-167	-126
"K_4628 Vaksdal"	"1972"	5301	63	55	8	154	274	-120	-115
"K_4628 Vaksdal"	"1973"	5186	75	52	23	134	201	-67	-45
"K_4628 Vaksdal"	"1974"	5141	63	47	16	156	237	-81	-66
"K_4628 Vaksdal"	"1975"	5075	56	56	0	150	233	-83	-88
"K_4628 Vaksdal"	"1976"	4987	53	64	-11	166	246	-80	-91
"K_4628 Vaksdal"	"1977"	4896	34	51	-17	126	168	-42	-59
"K_4628 Vaksdal"	"1978"	4837	58	53	5	151	130	21	25
"K_4628 Vaksdal"	"1979"	4862	58	48	10	146	168	-22	-11
"K_4628 Vaksdal"	"1980"	4851	49	49	0	111	174	-63	-63
"K_4628 Vaksdal"	"1981"	4788	58	53	5	130	141	-11	-6
"K_4628 Vaksdal"	"1982"	4782	53	45	8	120	115	5	13
"K_4628 Vaksdal"	"1983"	4795	62	59	3	106	126	-20	-17
"K_4628 Vaksdal"	"1984"	4778	58	56	2	69	157	-88	-86
"K_4628 Vaksdal"	"1985"	4692	50	44	6	102	151	-49	-42
"K_4628 Vaksdal"	"1986"	4650	47	58	-11	91	105	-14	-24
"K_4628 Vaksdal"	"1987"	4626	53	62	-9	102	140	-38	-49
"K_4628 Vaksdal"	"1988"	4577	57	66	-9	119	122	-3	-11
"K_4628 Vaksdal"	"1989"	4566	69	50	19	80	144	-64	-47
"K_4628 Vaksdal"	"1990"	4519	53	50	3	101	143	-42	-39
"K_4628 Vaksdal"	"1991"	4480	56	65	-9	96	128	-32	-41
"K_4628 Vaksdal"	"1992"	4439	58	63	-5	82	136	-54	-59
"K_4628 Vaksdal"	"1993"	4380	58	58	0	107	81	26	26
"K_4628 Vaksdal"	"1994"	4406	56	63	-7	85	106	-21	-28
"K_4628 Vaksdal"	"1995"	4378	39	52	-13	83	142	-59	-72
"K_4628 Vaksdal"	"1996"	4306	60	66	-6	115	129	-14	-20
"K_4628 Vaksdal"	"1997"	4286	51	54	-3	94	115	-21	-24
"K_4628 Vaksdal"	"1998"	4262	47	72	-25	94	125	-31	-54
"K_4628 Vaksdal"	"1999"	4208	42	60	-18	104	102	2	-16
"K_4628 Vaksdal"	"2000"	4192	53	47	6	107	102	5	11
"K_4628 Vaksdal"	"2001"	4203	36	54	-18	105	104	1	-16
"K_4628 Vaksdal"	"2002"	4187	36	56	-20	116	131	-15	-36
"K_4628 Vaksdal"	"2003"	4151	36	51	-15	130	91	39	22
"K_4628 Vaksdal"	"2004"	4173	32	58	-26	117	109	8	-19
"K_4628 Vaksdal"	"2005"	4154	46	44	2	93	131	-38	-36
"K_4628 Vaksdal"	"2006"	4118	42	52	-10	103	118	-15	-24
"K_4628 Vaksdal"	"2007"	4094	53	56	-3	133	120	13	12
"K_4628 Vaksdal"	"2008"	4106	44	64	-20	150	128	22	4
"K_4628 Vaksdal"	"2009"	4110	53	48	5	128	136	-8	-3
"K_4628 Vaksdal"	"2010"	4107	38	40	-2	166	118	48	46
"K_4628 Vaksdal"	"2011"	4153	41	54	-13	153	155	-2	-15
"K_4628 Vaksdal"	"2012"	4138	33	48	-15	153	143	10	-6
"K_4628 Vaksdal"	"2013"	4132	39	47	-8	176	160	16	8
"K_4628 Vaksdal"	"2014"	4140	46	57	-11	141	174	-33	-44
"K_4628 Vaksdal"	"2015"	4096	54	66	-12	177	136	41	29
"K_4628 Vaksdal"	"2016"	4125	43	49	-6	156	152	4	-2
"K_4628 Vaksdal"	"2017"	4123	45	54	-9	176	159	17	4
"K_4628 Vaksdal"	"2018"	4127	27	49	-22	128	189	-61	-82
"K_4628 Vaksdal"	"2019"	4045	34	43	-9	112	171	-59	-68
"K_4628 Vaksdal"	"2020"	3977	33	55	-22	137	174	-37	-59
"K_4628 Vaksdal"	"2021"	3918	25	44	-19	146	180	-34	-51
"K_4628 Vaksdal"	"2022"	3867	31	54	-23	184	154	30	8
"K_4628 Vaksdal"	"2023"	3875	26	48	-22	179	179	0	-23
"K_4628 Vaksdal"	"2024"	3852	..	..	..	..	..	..	..
"K_4629 Modalen"	"1951"	627	12	2	10	21	40	-19	-9
"K_4629 Modalen"	"1952"	618	15	4	11	21	40	-19	-8
"K_4629 Modalen"	"1953"	610	8	8	0	26	33	-7	-7
"K_4629 Modalen"	"1954"	603	8	5	3	22	72	-50	-47
"K_4629 Modalen"	"1955"	556	11	4	7	23	29	-6	16
"K_4629 Modalen"	"1956"	572	12	5	7	25	41	-16	-9
"K_4629 Modalen"	"1957"	563	8	3	5	27	52	-25	-20
"K_4629 Modalen"	"1958"	543	7	3	4	34	19	15	19
"K_4629 Modalen"	"1959"	562	13	13	0	24	42	-18	-18
"K_4629 Modalen"	"1960"	544	15	8	7	22	39	-17	-10
"K_4629 Modalen"	"1961"	534	9	6	3	21	30	-9	-6
"K_4629 Modalen"	"1962"	528	7	4	3	19	47	-28	-25
"K_4629 Modalen"	"1963"	503	4	7	-3	22	13	9	6
"K_4629 Modalen"	"1964"	346	3	4	-1	15	21	-6	-7
"K_4629 Modalen"	"1965"	339	7	2	5	7	19	-12	-7
"K_4629 Modalen"	"1966"	332	6	5	1	8	10	-2	-4
"K_4629 Modalen"	"1967"	328	11	5	6	6	22	-16	-10
"K_4629 Modalen"	"1968"	318	1	7	-6	6	11	-5	-8
"K_4629 Modalen"	"1969"	310	4	1	3	13	30	-17	-15
"K_4629 Modalen"	"1970"	295	4	6	-2	7	8	-1	-4
"K_4629 Modalen"	"1971"	291	3	5	-2	16	20	-4	-6
"K_4629 Modalen"	"1972"	285	3	4	-1	13	30	-17	-18
"K_4629 Modalen"	"1973"	267	5	0	5	9	13	-4	1
"K_4629 Modalen"	"1974"	268	4	2	2	15	9	6	8
"K_4629 Modalen"	"1975"	276	1	3	-2	2	7	-5	-7
"K_4629 Modalen"	"1976"	269	3	3	0	20	10	10	10
"K_4629 Modalen"	"1977"	279	1	2	-1	25	18	7	6
"K_4629 Modalen"	"1978"	285	3	4	-1	50	27	23	22
"K_4629 Modalen"	"1979"	307	6	3	3	28	25	3	6
"K_4629 Modalen"	"1980"	313	3	4	-1	28	21	7	10
"K_4629 Modalen"	"1981"	323	5	5	0	33	19	14	14
"K_4629 Modalen"	"1982"	337	8	3	5	21	20	1	6
"K_4629 Modalen"	"1983"	343	12	2	10	19	17	2	12
"K_4629 Modalen"	"1984"	355	8	5	3	36	19	17	20
"K_4629 Modalen"	"1985"	375	11	2	9	22	28	-6	3
"K_4629 Modalen"	"1986"	378	9	5	4	16	16	0	4
"K_4629 Modalen"	"1987"	382	8	8	0	10	38	-28	-27
"K_4629 Modalen"	"1988"	355	4	3	1	9	17	-8	-7
"K_4629 Modalen"	"1989"	348	2	6	-4	13	17	-4	-8
"K_4629 Modalen"	"1990"	340	4	6	-2	19	29	-10	-12
"K_4629 Modalen"	"1991"	328	2	3	-1	20	16	4	3
"K_4629 Modalen"	"1992"	331	4	4	0	21	8	13	13
"K_4629 Modalen"	"1993"	344	6	6	0	9	10	-1	-1
"K_4629 Modalen"	"1994"	343	2	6	-4	20	23	-3	-7
"K_4629 Modalen"	"1995"	336	8	3	5	15	13	2	7
"K_4629 Modalen"	"1996"	343	4	6	-2	20	16	4	2
"K_4629 Modalen"	"1997"	345	2	5	-3	13	13	0	-3
"K_4629 Modalen"	"1998"	342	1	1	0	21	12	9	4
"K_4629 Modalen"	"1999"	346	6	5	1	22	15	7	8
"K_4629 Modalen"	"2000"	354	6	4	2	25	26	-1	1
"K_4629 Modalen"	"2001"	355	5	6	-1	15	24	-9	-10
"K_4629 Modalen"	"2002"	345	3	5	-2	20	17	3	1
"K_4629 Modalen"	"2003"	346	6	3	3	30	18	12	20
"K_4629 Modalen"	"2004"	366	7	7	0	20	25	-5	-5
"K_4629 Modalen"	"2005"	361	8	4	4	13	24	-11	-7
"K_4629 Modalen"	"2006"	354	4	2	2	14	14	0	2
"K_4629 Modalen"	"2007"	356	4	5	-1	19	14	5	4
"K_4629 Modalen"	"2008"	360	3	7	-4	23	28	-5	-9
"K_4629 Modalen"	"2009"	351	6	3	3	16	26	-10	-7
"K_4629 Modalen"	"2010"	344	2	0	2	41	20	21	26
"K_4629 Modalen"	"2011"	370	2	2	0	17	17	0	0
"K_4629 Modalen"	"2012"	370	5	4	1	30	18	12	13
"K_4629 Modalen"	"2013"	383	4	5	-1	15	25	-10	-11
"K_4629 Modalen"	"2014"	372	3	3	0	15	9	6	6
"K_4629 Modalen"	"2015"	378	3	5	-2	31	26	5	3
"K_4629 Modalen"	"2016"	381	1	4	-3	23	18	5	2
"K_4629 Modalen"	"2017"	383	5	5	0	16	19	-3	-3
"K_4629 Modalen"	"2018"	380	3	3	0	20	20	0	0
"K_4629 Modalen"	"2019"	380	5	5	0	13	5	8	8
"K_4629 Modalen"	"2020"	388	2	2	0	15	27	-12	-12
"K_4629 Modalen"	"2021"	376	7	5	2	16	16	0	2
"K_4629 Modalen"	"2022"	378	2	5	-3	17	12	5	2
"K_4629 Modalen"	"2023"	380	3	5	-2	25	19	6	4
"K_4629 Modalen"	"2024"	384	..	..	..	..	..	..	..
"K_4630 Osterøy"	"1951"	0	0	0	0	0	0	0	0
"K_4630 Osterøy"	"1952"	0	0	0	0	0	0	0	0
"K_4630 Osterøy"	"1953"	0	0	0	0	0	0	0	0
"K_4630 Osterøy"	"1954"	0	0	0	0	0	0	0	0
"K_4630 Osterøy"	"1955"	0	0	0	0	0	0	0	0
"K_4630 Osterøy"	"1956"	0	0	0	0	0	0	0	0
"K_4630 Osterøy"	"1957"	0	0	0	0	0	0	0	0
"K_4630 Osterøy"	"1958"	0	0	0	0	0	0	0	0
"K_4630 Osterøy"	"1959"	0	0	0	0	0	0	0	0
"K_4630 Osterøy"	"1960"	0	0	0	0	0	0	0	0
"K_4630 Osterøy"	"1961"	0	0	0	0	0	0	0	0
"K_4630 Osterøy"	"1962"	0	0	0	0	0	0	0	0
"K_4630 Osterøy"	"1963"	0	0	0	0	0	0	0	0
"K_4630 Osterøy"	"1964"	5518	116	51	65	188	223	-35	30
"K_4630 Osterøy"	"1965"	5548	86	69	17	246	219	27	44
"K_4630 Osterøy"	"1966"	5592	98	51	47	211	248	-37	10
"K_4630 Osterøy"	"1967"	5602	102	46	56	170	240	-70	-14
"K_4630 Osterøy"	"1968"	5588	110	70	40	220	210	10	54
"K_4630 Osterøy"	"1969"	5642	117	58	59	194	219	-25	18
"K_4630 Osterøy"	"1970"	5660	98	68	30	272	321	-49	-17
"K_4630 Osterøy"	"1971"	5643	93	75	18	207	208	-1	12
"K_4630 Osterøy"	"1972"	5655	100	76	24	254	180	74	104
"K_4630 Osterøy"	"1973"	5759	103	56	47	287	196	91	137
"K_4630 Osterøy"	"1974"	5896	104	38	66	342	189	153	218
"K_4630 Osterøy"	"1975"	6114	95	54	41	222	162	60	99
"K_4630 Osterøy"	"1976"	6213	97	60	37	217	178	39	76
"K_4630 Osterøy"	"1977"	6289	84	55	29	243	163	80	105
"K_4630 Osterøy"	"1978"	6394	83	53	30	231	141	90	122
"K_4630 Osterøy"	"1979"	6516	85	57	28	207	173	34	63
"K_4630 Osterøy"	"1980"	6579	85	78	7	255	187	68	74
"K_4630 Osterøy"	"1981"	6653	99	72	27	211	225	-14	15
"K_4630 Osterøy"	"1982"	6668	99	49	50	249	189	60	110
"K_4630 Osterøy"	"1983"	6778	100	44	56	214	181	33	89
"K_4630 Osterøy"	"1984"	6867	80	65	15	197	214	-17	-3
"K_4630 Osterøy"	"1985"	6864	107	45	62	197	225	-28	33
"K_4630 Osterøy"	"1986"	6897	89	56	33	188	210	-22	11
"K_4630 Osterøy"	"1987"	6908	103	61	42	219	214	5	42
"K_4630 Osterøy"	"1988"	6950	110	62	48	162	182	-20	19
"K_4630 Osterøy"	"1989"	6969	125	62	63	212	230	-18	47
"K_4630 Osterøy"	"1990"	7016	127	62	65	166	216	-50	15
"K_4630 Osterøy"	"1991"	7031	108	61	47	147	186	-39	9
"K_4630 Osterøy"	"1992"	7040	87	64	23	123	217	-94	-67
"K_4630 Osterøy"	"1993"	6973	121	72	49	151	197	-46	3
"K_4630 Osterøy"	"1994"	6976	96	52	44	191	226	-35	9
"K_4630 Osterøy"	"1995"	6985	103	66	37	193	196	-3	33
"K_4630 Osterøy"	"1996"	7018	97	52	45	179	233	-54	-9
"K_4630 Osterøy"	"1997"	7009	108	70	38	220	246	-26	12
"K_4630 Osterøy"	"1998"	7021	99	54	45	196	213	-17	27
"K_4630 Osterøy"	"1999"	7048	76	66	10	206	258	-52	-42
"K_4630 Osterøy"	"2000"	7006	110	64	46	225	214	11	57
"K_4630 Osterøy"	"2001"	7063	83	66	17	227	203	24	41
"K_4630 Osterøy"	"2002"	7104	89	59	30	236	228	8	36
"K_4630 Osterøy"	"2003"	7140	89	61	28	209	202	7	34
"K_4630 Osterøy"	"2004"	7174	88	52	36	224	226	-2	33
"K_4630 Osterøy"	"2005"	7207	68	66	2	245	232	13	17
"K_4630 Osterøy"	"2006"	7224	84	76	8	218	265	-47	-38
"K_4630 Osterøy"	"2007"	7186	82	52	30	324	235	89	119
"K_4630 Osterøy"	"2008"	7305	71	62	9	285	248	37	47
"K_4630 Osterøy"	"2009"	7352	89	63	26	261	218	43	69
"K_4630 Osterøy"	"2010"	7421	64	71	-7	312	261	51	44
"K_4630 Osterøy"	"2011"	7465	77	88	-11	359	291	68	56
"K_4630 Osterøy"	"2012"	7521	100	71	29	379	256	123	153
"K_4630 Osterøy"	"2013"	7674	97	69	28	359	274	85	112
"K_4630 Osterøy"	"2014"	7786	83	69	14	326	285	41	56
"K_4630 Osterøy"	"2015"	7842	107	66	41	344	270	74	115
"K_4630 Osterøy"	"2016"	7957	106	54	52	321	302	19	69
"K_4630 Osterøy"	"2017"	8026	91	49	42	313	256	57	99
"K_4630 Osterøy"	"2018"	8125	94	67	27	286	318	-32	-5
"K_4630 Osterøy"	"2019"	8120	78	46	32	249	303	-54	-22
"K_4630 Osterøy"	"2020"	8098	75	58	17	270	307	-37	-18
"K_4630 Osterøy"	"2021"	8080	94	64	30	309	286	23	51
"K_4630 Osterøy"	"2022"	8131	86	74	12	312	305	7	21
"K_4630 Osterøy"	"2023"	8152	80	56	24	316	290	26	48
"K_4630 Osterøy"	"2024"	8200	..	..	..	..	..	..	..
"K_4631 Alver"	"1951"	6051	138	63	75	246	336	-90	-15
"K_4631 Alver"	"1952"	6036	144	48	96	234	296	-62	34
"K_4631 Alver"	"1953"	6070	155	57	98	238	322	-84	14
"K_4631 Alver"	"1954"	6084	153	61	92	174	340	-166	-74
"K_4631 Alver"	"1955"	6010	138	52	86	227	286	-59	-16
"K_4631 Alver"	"1956"	5994	114	50	64	203	338	-135	-71
"K_4631 Alver"	"1957"	5923	109	56	53	221	330	-109	-56
"K_4631 Alver"	"1958"	5867	105	59	46	235	325	-90	-44
"K_4631 Alver"	"1959"	5823	95	75	20	259	297	-38	-18
"K_4631 Alver"	"1960"	5805	99	48	51	271	367	-96	-42
"K_4631 Alver"	"1961"	5763	102	62	40	219	284	-65	-25
"K_4631 Alver"	"1962"	5738	94	56	38	259	290	-31	7
"K_4631 Alver"	"1963"	5745	100	56	44	225	279	-54	-10
"K_4631 Alver"	"1964"	14700	227	147	80	489	605	-116	-36
"K_4631 Alver"	"1965"	14664	245	145	100	580	772	-192	-92
"K_4631 Alver"	"1966"	14572	260	170	90	576	678	-102	84
"K_4631 Alver"	"1967"	14656	232	139	93	606	728	-122	-29
"K_4631 Alver"	"1968"	14627	236	150	86	627	767	-140	-51
"K_4631 Alver"	"1969"	14576	261	174	87	573	664	-91	-6
"K_4631 Alver"	"1970"	14570	248	161	87	960	881	79	58
"K_4631 Alver"	"1971"	14628	223	169	54	665	594	71	122
"K_4631 Alver"	"1972"	14750	255	159	96	868	677	191	296
"K_4631 Alver"	"1973"	15046	284	164	120	1094	720	374	493
"K_4631 Alver"	"1974"	15539	258	150	108	1391	796	595	694
"K_4631 Alver"	"1975"	16233	273	153	120	1008	881	127	239
"K_4631 Alver"	"1976"	16472	264	160	104	871	750	121	228
"K_4631 Alver"	"1977"	16700	246	161	85	879	666	213	296
"K_4631 Alver"	"1978"	16996	260	154	106	976	583	393	496
"K_4631 Alver"	"1979"	17492	262	172	90	954	560	394	478
"K_4631 Alver"	"1980"	17970	285	157	128	989	617	372	507
"K_4631 Alver"	"1981"	18477	271	173	98	903	644	259	355
"K_4631 Alver"	"1982"	18832	241	158	83	925	600	325	407
"K_4631 Alver"	"1983"	19239	253	192	61	743	653	90	148
"K_4631 Alver"	"1984"	19387	279	159	120	809	644	165	285
"K_4631 Alver"	"1985"	19672	259	175	84	730	754	-24	57
"K_4631 Alver"	"1986"	19729	263	156	107	989	634	355	465
"K_4631 Alver"	"1987"	20194	286	163	123	1166	796	370	503
"K_4631 Alver"	"1988"	20697	289	163	126	1155	982	173	303
"K_4631 Alver"	"1989"	21000	292	184	108	904	1050	-146	-45
"K_4631 Alver"	"1990"	20955	319	172	147	821	855	-34	114
"K_4631 Alver"	"1991"	21069	291	207	84	759	819	-60	24
"K_4631 Alver"	"1992"	21093	271	177	94	828	823	5	103
"K_4631 Alver"	"1993"	21196	307	174	133	878	785	93	226
"K_4631 Alver"	"1994"	21422	304	193	111	888	833	55	164
"K_4631 Alver"	"1995"	21586	291	167	124	1115	935	180	303
"K_4631 Alver"	"1996"	21889	304	195	109	957	955	2	112
"K_4631 Alver"	"1997"	22001	300	191	109	1083	1047	36	148
"K_4631 Alver"	"1998"	22149	287	196	91	1110	1010	100	182
"K_4631 Alver"	"1999"	22331	297	172	125	975	1001	-26	99
"K_4631 Alver"	"2000"	22430	327	188	139	1116	1060	56	198
"K_4631 Alver"	"2001"	22628	308	199	109	1170	1096	74	179
"K_4631 Alver"	"2002"	22807	283	175	108	1138	984	154	267
"K_4631 Alver"	"2003"	23074	271	189	82	1161	992	169	250
"K_4631 Alver"	"2004"	23324	299	161	138	1163	1076	87	236
"K_4631 Alver"	"2005"	23560	297	184	113	1233	1059	174	291
"K_4631 Alver"	"2006"	23851	316	173	143	1395	1118	277	417
"K_4631 Alver"	"2007"	24268	312	155	157	1527	1147	380	537
"K_4631 Alver"	"2008"	24805	340	185	155	1516	1133	383	534
"K_4631 Alver"	"2009"	25339	345	183	162	1426	1182	244	403
"K_4631 Alver"	"2010"	25742	351	190	161	1486	1146	340	494
"K_4631 Alver"	"2011"	26236	302	189	113	1671	1366	305	420
"K_4631 Alver"	"2012"	26656	372	178	194	1708	1385	323	514
"K_4631 Alver"	"2013"	27170	361	179	182	1663	1366	297	482
"K_4631 Alver"	"2014"	27652	390	189	201	1771	1472	299	500
"K_4631 Alver"	"2015"	28152	368	204	164	1638	1455	183	344
"K_4631 Alver"	"2016"	28496	333	183	150	1736	1504	232	383
"K_4631 Alver"	"2017"	28880	324	174	150	1559	1591	-32	117
"K_4631 Alver"	"2018"	28997	313	181	132	1472	1511	-39	93
"K_4631 Alver"	"2019"	29090	278	189	89	1457	1416	41	134
"K_4631 Alver"	"2020"	29224	280	182	98	1074	1059	15	113
"K_4631 Alver"	"2021"	29337	288	191	97	1195	1033	162	256
"K_4631 Alver"	"2022"	29593	265	216	49	1375	1087	288	327
"K_4631 Alver"	"2023"	29920	281	225	56	1205	1204	1	66
"K_4631 Alver"	"2024"	29986	..	..	..	..	..	..	..
"K_4632 Austrheim"	"1951"	2390	50	15	35	55	117	-62	-27
"K_4632 Austrheim"	"1952"	2363	52	17	35	61	88	-27	8
"K_4632 Austrheim"	"1953"	2371	40	21	19	90	136	-46	-27
"K_4632 Austrheim"	"1954"	2344	35	18	17	55	102	-47	-30
"K_4632 Austrheim"	"1955"	2314	35	16	19	82	94	-12	30
"K_4632 Austrheim"	"1956"	2344	45	20	25	71	123	-52	-27
"K_4632 Austrheim"	"1957"	2317	36	18	18	79	139	-60	-42
"K_4632 Austrheim"	"1958"	2275	38	17	21	65	117	-52	-31
"K_4632 Austrheim"	"1959"	2244	41	15	26	66	120	-54	-28
"K_4632 Austrheim"	"1960"	2216	39	21	18	94	159	-65	-69
"K_4632 Austrheim"	"1961"	2147	27	21	6	71	119	-48	-42
"K_4632 Austrheim"	"1962"	2105	42	15	27	82	112	-30	-3
"K_4632 Austrheim"	"1963"	2102	41	28	13	76	130	-54	-41
"K_4632 Austrheim"	"1964"	2005	31	32	-1	86	125	-39	-40
"K_4632 Austrheim"	"1965"	1965	36	25	11	70	121	-51	-40
"K_4632 Austrheim"	"1966"	1925	35	24	11	108	97	11	12
"K_4632 Austrheim"	"1967"	1937	32	24	8	81	95	-14	-6
"K_4632 Austrheim"	"1968"	1931	28	19	9	71	96	-25	-15
"K_4632 Austrheim"	"1969"	1916	30	18	12	80	129	-49	-36
"K_4632 Austrheim"	"1970"	1880	30	21	9	99	132	-33	-31
"K_4632 Austrheim"	"1971"	1849	24	27	-3	114	93	21	17
"K_4632 Austrheim"	"1972"	1866	21	24	-3	168	63	105	100
"K_4632 Austrheim"	"1973"	1966	28	26	2	190	88	102	101
"K_4632 Austrheim"	"1974"	2067	39	25	14	296	146	150	165
"K_4632 Austrheim"	"1975"	2232	32	12	20	276	159	117	135
"K_4632 Austrheim"	"1976"	2367	40	17	23	153	79	74	97
"K_4632 Austrheim"	"1977"	2464	54	20	34	118	110	8	42
"K_4632 Austrheim"	"1978"	2506	33	21	12	129	126	3	17
"K_4632 Austrheim"	"1979"	2523	36	26	10	128	113	15	26
"K_4632 Austrheim"	"1980"	2549	34	12	22	122	103	19	42
"K_4632 Austrheim"	"1981"	2591	29	20	9	105	99	6	15
"K_4632 Austrheim"	"1982"	2606	35	15	20	134	136	-2	18
"K_4632 Austrheim"	"1983"	2624	33	19	14	72	96	-24	-10
"K_4632 Austrheim"	"1984"	2614	23	20	3	61	87	-26	-23
"K_4632 Austrheim"	"1985"	2591	22	25	-3	99	103	-4	-6
"K_4632 Austrheim"	"1986"	2585	28	27	1	169	131	38	37
"K_4632 Austrheim"	"1987"	2622	37	24	13	219	135	84	100
"K_4632 Austrheim"	"1988"	2722	35	19	16	151	156	-5	10
"K_4632 Austrheim"	"1989"	2732	31	25	6	110	168	-58	-48
"K_4632 Austrheim"	"1990"	2684	33	33	0	116	125	-9	-13
"K_4632 Austrheim"	"1991"	2671	45	30	15	109	140	-31	-13
"K_4632 Austrheim"	"1992"	2658	28	30	-2	87	169	-82	-85
"K_4632 Austrheim"	"1993"	2573	32	25	7	107	113	-6	3
"K_4632 Austrheim"	"1994"	2576	25	21	4	102	114	-12	-9
"K_4632 Austrheim"	"1995"	2567	26	28	-2	118	94	24	21
"K_4632 Austrheim"	"1996"	2588	38	22	16	119	121	-2	14
"K_4632 Austrheim"	"1997"	2602	32	23	9	85	154	-69	-60
"K_4632 Austrheim"	"1998"	2542	29	33	-4	125	115	10	5
"K_4632 Austrheim"	"1999"	2547	32	26	6	106	132	-26	-20
"K_4632 Austrheim"	"2000"	2527	30	18	12	101	118	-17	-5
"K_4632 Austrheim"	"2001"	2522	28	21	7	79	93	-14	-7
"K_4632 Austrheim"	"2002"	2515	34	33	1	108	105	3	4
"K_4632 Austrheim"	"2003"	2519	23	20	3	96	84	12	14
"K_4632 Austrheim"	"2004"	2533	24	26	-2	108	108	0	-6
"K_4632 Austrheim"	"2005"	2527	20	25	-5	98	135	-37	-42
"K_4632 Austrheim"	"2006"	2485	34	23	11	119	94	25	35
"K_4632 Austrheim"	"2007"	2520	19	18	1	143	92	51	49
"K_4632 Austrheim"	"2008"	2569	19	19	0	124	117	7	7
"K_4632 Austrheim"	"2009"	2576	34	18	16	235	89	146	162
"K_4632 Austrheim"	"2010"	2738	29	30	-1	179	128	51	51
"K_4632 Austrheim"	"2011"	2789	21	24	-3	173	182	-9	-13
"K_4632 Austrheim"	"2012"	2776	33	30	3	200	146	54	57
"K_4632 Austrheim"	"2013"	2833	26	20	6	180	186	-6	0
"K_4632 Austrheim"	"2014"	2833	24	21	3	186	167	19	23
"K_4632 Austrheim"	"2015"	2856	35	21	14	181	193	-12	2
"K_4632 Austrheim"	"2016"	2858	34	27	7	152	133	19	26
"K_4632 Austrheim"	"2017"	2884	27	21	6	157	145	12	18
"K_4632 Austrheim"	"2018"	2902	25	27	-2	144	157	-13	-15
"K_4632 Austrheim"	"2019"	2887	29	23	6	144	167	-23	-17
"K_4632 Austrheim"	"2020"	2870	25	22	3	132	145	-13	-10
"K_4632 Austrheim"	"2021"	2860	21	19	2	170	143	27	29
"K_4632 Austrheim"	"2022"	2889	21	32	-11	138	159	-21	-33
"K_4632 Austrheim"	"2023"	2856	19	21	-2	150	123	27	25
"K_4632 Austrheim"	"2024"	2881	..	..	..	..	..	..	..
"K_4633 Fedje"	"1951"	940	19	8	11	84	83	1	12
"K_4633 Fedje"	"1952"	952	19	12	7	33	45	-12	-5
"K_4633 Fedje"	"1953"	947	15	6	9	66	28	38	47
"K_4633 Fedje"	"1954"	994	18	21	-3	41	40	1	-2
"K_4633 Fedje"	"1955"	992	23	6	17	23	54	-31	-60
"K_4633 Fedje"	"1956"	932	11	4	7	36	38	-2	5
"K_4633 Fedje"	"1957"	937	22	14	8	32	51	-19	-11
"K_4633 Fedje"	"1958"	926	19	6	13	28	49	-21	-8
"K_4633 Fedje"	"1959"	918	20	9	11	30	27	3	14
"K_4633 Fedje"	"1960"	932	11	5	6	29	50	-21	-18
"K_4633 Fedje"	"1961"	914	19	15	4	36	50	-14	-10
"K_4633 Fedje"	"1962"	904	19	8	11	29	40	-11	0
"K_4633 Fedje"	"1963"	904	14	12	2	19	35	-16	-14
"K_4633 Fedje"	"1964"	890	18	3	15	16	28	-12	3
"K_4633 Fedje"	"1965"	893	16	9	7	20	41	-21	-14
"K_4633 Fedje"	"1966"	879	15	7	8	21	44	-23	-10
"K_4633 Fedje"	"1967"	869	18	5	13	35	38	-3	10
"K_4633 Fedje"	"1968"	879	20	8	12	20	43	-23	-8
"K_4633 Fedje"	"1969"	871	10	10	0	25	29	-4	2
"K_4633 Fedje"	"1970"	873	11	11	0	24	57	-33	-24
"K_4633 Fedje"	"1971"	849	6	8	-2	20	33	-13	-17
"K_4633 Fedje"	"1972"	832	13	14	-1	29	23	6	16
"K_4633 Fedje"	"1973"	848	15	7	8	13	34	-21	-8
"K_4633 Fedje"	"1974"	840	8	9	-1	48	24	24	33
"K_4633 Fedje"	"1975"	873	11	7	4	47	47	0	1
"K_4633 Fedje"	"1976"	874	15	9	6	27	38	-11	-4
"K_4633 Fedje"	"1977"	870	8	7	1	22	29	-7	-6
"K_4633 Fedje"	"1978"	864	15	9	6	10	26	-16	-10
"K_4633 Fedje"	"1979"	854	6	13	-7	25	22	3	-5
"K_4633 Fedje"	"1980"	849	9	10	-1	14	26	-12	-13
"K_4633 Fedje"	"1981"	836	8	12	-4	37	24	13	9
"K_4633 Fedje"	"1982"	845	10	11	-1	28	37	-9	-10
"K_4633 Fedje"	"1983"	835	13	7	6	16	22	-6	0
"K_4633 Fedje"	"1984"	835	8	7	1	17	42	-25	-24
"K_4633 Fedje"	"1985"	811	12	6	6	12	34	-22	-16
"K_4633 Fedje"	"1986"	795	9	3	6	7	33	-26	-20
"K_4633 Fedje"	"1987"	775	7	6	1	22	43	-21	-14
"K_4633 Fedje"	"1988"	761	11	13	-2	27	40	-13	-15
"K_4633 Fedje"	"1989"	746	4	13	-9	15	21	-6	-16
"K_4633 Fedje"	"1990"	730	11	8	3	20	32	-12	-9
"K_4633 Fedje"	"1991"	721	5	4	1	8	24	-16	-16
"K_4633 Fedje"	"1992"	705	5	6	-1	20	17	3	4
"K_4633 Fedje"	"1993"	709	6	4	2	23	21	2	2
"K_4633 Fedje"	"1994"	711	5	14	-9	15	21	-6	-13
"K_4633 Fedje"	"1995"	698	7	10	-3	17	23	-6	-9
"K_4633 Fedje"	"1996"	689	8	11	-3	13	29	-16	-19
"K_4633 Fedje"	"1997"	670	5	8	-3	31	26	5	2
"K_4633 Fedje"	"1998"	672	6	9	-3	24	28	-4	-7
"K_4633 Fedje"	"1999"	665	4	8	-4	45	25	20	17
"K_4633 Fedje"	"2000"	682	9	9	0	25	19	6	6
"K_4633 Fedje"	"2001"	688	9	6	3	17	23	-6	-3
"K_4633 Fedje"	"2002"	685	4	11	-7	22	28	-6	-13
"K_4633 Fedje"	"2003"	672	11	15	-4	20	29	-9	-13
"K_4633 Fedje"	"2004"	659	8	10	-2	22	17	5	2
"K_4633 Fedje"	"2005"	661	3	11	-8	11	26	-15	-23
"K_4633 Fedje"	"2006"	638	8	7	1	13	32	-19	-18
"K_4633 Fedje"	"2007"	620	4	9	-5	12	31	-19	-24
"K_4633 Fedje"	"2008"	596	3	8	-5	28	22	6	0
"K_4633 Fedje"	"2009"	596	4	9	-5	21	18	3	-2
"K_4633 Fedje"	"2010"	594	6	3	3	14	24	-10	-7
"K_4633 Fedje"	"2011"	587	2	10	-8	16	19	-3	-11
"K_4633 Fedje"	"2012"	576	5	15	-10	30	27	3	-7
"K_4633 Fedje"	"2013"	569	4	9	-5	18	21	-3	-8
"K_4633 Fedje"	"2014"	561	5	9	-4	23	17	6	2
"K_4633 Fedje"	"2015"	563	6	10	-4	30	13	17	13
"K_4633 Fedje"	"2016"	576	1	1	0	32	21	11	11
"K_4633 Fedje"	"2017"	587	6	7	-1	10	35	-25	-26
"K_4633 Fedje"	"2018"	561	4	7	-3	25	21	4	1
"K_4633 Fedje"	"2019"	562	4	6	-2	25	37	-12	-14
"K_4633 Fedje"	"2020"	548	2	9	-7	28	44	-16	-23
"K_4633 Fedje"	"2021"	525	3	6	-3	21	41	-20	-23
"K_4633 Fedje"	"2022"	502	4	10	-6	54	37	17	11
"K_4633 Fedje"	"2023"	513	3	14	-11	47	30	17	6
"K_4633 Fedje"	"2024"	519	..	..	..	..	..	..	..
"K_4634 Masfjorden"	"1951"	1928	34	16	18	23	39	-16	2
"K_4634 Masfjorden"	"1952"	1930	31	8	23	56	62	-6	17
"K_4634 Masfjorden"	"1953"	1947	39	13	26	27	79	-52	-26
"K_4634 Masfjorden"	"1954"	1921	42	8	34	66	59	7	41
"K_4634 Masfjorden"	"1955"	1962	46	15	31	80	82	-2	40
"K_4634 Masfjorden"	"1956"	2002	45	12	33	62	105	-43	-10
"K_4634 Masfjorden"	"1957"	1992	41	24	17	73	111	-38	-21
"K_4634 Masfjorden"	"1958"	1971	34	19	15	66	74	-8	7
"K_4634 Masfjorden"	"1959"	1978	36	22	14	92	97	-5	9
"K_4634 Masfjorden"	"1960"	1987	49	31	18	96	106	-10	26
"K_4634 Masfjorden"	"1961"	2013	27	19	8	45	79	-34	-26
"K_4634 Masfjorden"	"1962"	1987	30	18	12	62	94	-32	-20
"K_4634 Masfjorden"	"1963"	1967	33	25	8	82	105	-23	-15
"K_4634 Masfjorden"	"1964"	1977	29	20	9	100	102	-2	7
"K_4634 Masfjorden"	"1965"	1984	37	31	6	70	111	-41	-35
"K_4634 Masfjorden"	"1966"	1949	33	18	15	94	101	-7	0
"K_4634 Masfjorden"	"1967"	1949	30	19	11	64	89	-25	-14
"K_4634 Masfjorden"	"1968"	1935	30	36	-6	68	106	-38	-40
"K_4634 Masfjorden"	"1969"	1895	23	31	-8	69	98	-29	-37
"K_4634 Masfjorden"	"1970"	1858	31	23	8	82	106	-24	-15
"K_4634 Masfjorden"	"1971"	1843	23	19	4	89	87	2	5
"K_4634 Masfjorden"	"1972"	1848	27	15	12	105	93	12	21
"K_4634 Masfjorden"	"1973"	1869	26	20	6	70	94	-24	-18
"K_4634 Masfjorden"	"1974"	1851	31	30	1	102	88	14	15
"K_4634 Masfjorden"	"1975"	1866	31	23	8	83	80	3	11
"K_4634 Masfjorden"	"1976"	1877	22	23	-1	79	77	2	1
"K_4634 Masfjorden"	"1977"	1878	28	21	7	84	86	-2	5
"K_4634 Masfjorden"	"1978"	1883	24	18	6	80	81	-1	4
"K_4634 Masfjorden"	"1979"	1887	26	14	12	80	64	16	28
"K_4634 Masfjorden"	"1980"	1915	26	27	-1	66	81	-15	-16
"K_4634 Masfjorden"	"1981"	1899	17	17	0	66	88	-22	-22
"K_4634 Masfjorden"	"1982"	1877	36	11	25	80	87	-7	18
"K_4634 Masfjorden"	"1983"	1895	28	23	5	76	61	15	20
"K_4634 Masfjorden"	"1984"	1915	27	22	5	82	71	11	16
"K_4634 Masfjorden"	"1985"	1931	24	28	-4	66	63	3	-5
"K_4634 Masfjorden"	"1986"	1926	26	13	13	92	104	-12	1
"K_4634 Masfjorden"	"1987"	1927	27	19	8	60	78	-18	-10
"K_4634 Masfjorden"	"1988"	1917	23	30	-7	62	71	-9	-17
"K_4634 Masfjorden"	"1989"	1900	28	23	5	67	82	-15	-9
"K_4634 Masfjorden"	"1990"	1891	21	27	-6	84	96	-12	-18
"K_4634 Masfjorden"	"1991"	1873	30	27	3	60	78	-18	-15
"K_4634 Masfjorden"	"1992"	1858	27	26	1	44	40	4	5
"K_4634 Masfjorden"	"1993"	1863	16	33	-17	59	64	-5	-22
"K_4634 Masfjorden"	"1994"	1841	26	22	4	71	73	-2	4
"K_4634 Masfjorden"	"1995"	1845	26	24	2	55	75	-20	-17
"K_4634 Masfjorden"	"1996"	1828	19	26	-7	59	59	0	-7
"K_4634 Masfjorden"	"1997"	1821	23	24	-1	41	76	-35	-36
"K_4634 Masfjorden"	"1998"	1785	21	22	-1	62	68	-6	-4
"K_4634 Masfjorden"	"1999"	1781	25	21	4	43	55	-12	-7
"K_4634 Masfjorden"	"2000"	1774	19	25	-6	49	56	-7	-13
"K_4634 Masfjorden"	"2001"	1761	17	24	-7	70	62	8	2
"K_4634 Masfjorden"	"2002"	1763	11	23	-12	53	66	-13	-25
"K_4634 Masfjorden"	"2003"	1738	19	18	1	55	82	-27	-26
"K_4634 Masfjorden"	"2004"	1712	17	19	-2	52	71	-19	-19
"K_4634 Masfjorden"	"2005"	1693	15	15	0	56	59	-3	0
"K_4634 Masfjorden"	"2006"	1693	16	25	-9	47	100	-53	-62
"K_4634 Masfjorden"	"2007"	1631	15	19	-4	90	71	19	15
"K_4634 Masfjorden"	"2008"	1646	14	26	-12	72	54	18	6
"K_4634 Masfjorden"	"2009"	1652	20	15	5	51	74	-23	-17
"K_4634 Masfjorden"	"2010"	1635	13	16	-3	96	57	39	37
"K_4634 Masfjorden"	"2011"	1672	15	20	-5	62	46	16	11
"K_4634 Masfjorden"	"2012"	1683	18	14	4	78	69	9	13
"K_4634 Masfjorden"	"2013"	1696	15	14	1	48	52	-4	-3
"K_4634 Masfjorden"	"2014"	1693	19	20	-1	67	55	12	11
"K_4634 Masfjorden"	"2015"	1704	13	16	-3	84	84	0	-3
"K_4634 Masfjorden"	"2016"	1701	15	31	-16	97	72	25	9
"K_4634 Masfjorden"	"2017"	1710	15	23	-8	88	60	28	20
"K_4634 Masfjorden"	"2018"	1730	20	19	1	56	77	-21	-19
"K_4634 Masfjorden"	"2019"	1711	8	16	-8	64	76	-12	-20
"K_4634 Masfjorden"	"2020"	1691	16	21	-5	57	84	-27	-31
"K_4634 Masfjorden"	"2021"	1660	12	12	0	54	84	-30	-31
"K_4634 Masfjorden"	"2022"	1629	14	24	-10	88	53	35	25
"K_4634 Masfjorden"	"2023"	1654	9	14	-5	100	55	45	40
"K_4634 Masfjorden"	"2024"	1694	..	..	..	..	..	..	..
"K_4635 Gulen"	"1951"	2917	58	28	30	100	162	-62	-32
"K_4635 Gulen"	"1952"	2885	47	25	22	72	128	-56	-34
"K_4635 Gulen"	"1953"	2851	43	20	23	65	127	-62	-39
"K_4635 Gulen"	"1954"	2812	51	36	15	56	116	-60	-45
"K_4635 Gulen"	"1955"	2767	59	34	25	80	153	-73	-57
"K_4635 Gulen"	"1956"	2710	40	28	12	89	132	-43	-31
"K_4635 Gulen"	"1957"	2679	43	34	9	78	117	-39	-30
"K_4635 Gulen"	"1958"	2649	44	24	20	92	97	-5	15
"K_4635 Gulen"	"1959"	2664	41	36	5	73	124	-51	-46
"K_4635 Gulen"	"1960"	2618	41	24	17	94	150	-56	-31
"K_4635 Gulen"	"1961"	2587	50	35	15	85	131	-46	-31
"K_4635 Gulen"	"1962"	2556	35	29	6	74	90	-16	-10
"K_4635 Gulen"	"1963"	2546	32	21	11	83	132	-49	-38
"K_4635 Gulen"	"1964"	3250	56	48	8	87	129	-42	-34
"K_4635 Gulen"	"1965"	3216	47	41	6	96	166	-70	-64
"K_4635 Gulen"	"1966"	3152	41	31	10	90	174	-84	-66
"K_4635 Gulen"	"1967"	3086	45	43	2	106	154	-48	-46
"K_4635 Gulen"	"1968"	3040	48	28	20	117	162	-45	-25
"K_4635 Gulen"	"1969"	3015	41	37	4	63	138	-75	-73
"K_4635 Gulen"	"1970"	2942	44	33	11	133	237	-104	-98
"K_4635 Gulen"	"1971"	2844	32	41	-9	108	109	-1	-9
"K_4635 Gulen"	"1972"	2835	43	31	12	110	123	-13	0
"K_4635 Gulen"	"1973"	2835	33	34	-1	102	111	-9	-10
"K_4635 Gulen"	"1974"	2825	32	33	-1	126	119	7	6
"K_4635 Gulen"	"1975"	2831	30	42	-12	101	122	-21	-33
"K_4635 Gulen"	"1976"	2798	34	43	-9	102	100	2	-7
"K_4635 Gulen"	"1977"	2791	37	33	4	84	97	-13	-10
"K_4635 Gulen"	"1978"	2781	29	37	-8	104	129	-25	-33
"K_4635 Gulen"	"1979"	2748	23	34	-11	98	107	-9	-19
"K_4635 Gulen"	"1980"	2729	23	33	-10	117	105	12	5
"K_4635 Gulen"	"1981"	2734	39	36	3	86	117	-31	-29
"K_4635 Gulen"	"1982"	2705	33	33	0	69	81	-12	-12
"K_4635 Gulen"	"1983"	2693	31	45	-14	84	76	8	-6
"K_4635 Gulen"	"1984"	2687	28	34	-6	58	71	-13	-19
"K_4635 Gulen"	"1985"	2668	37	34	3	76	84	-8	-4
"K_4635 Gulen"	"1986"	2664	28	46	-18	98	96	2	-14
"K_4635 Gulen"	"1987"	2650	37	35	2	67	88	-21	-15
"K_4635 Gulen"	"1988"	2635	36	46	-10	65	84	-19	-26
"K_4635 Gulen"	"1989"	2609	34	30	4	62	69	-7	-3
"K_4635 Gulen"	"1990"	2606	32	32	0	73	92	-19	-21
"K_4635 Gulen"	"1991"	2585	37	33	4	44	101	-57	-54
"K_4635 Gulen"	"1992"	2531	24	39	-15	73	62	11	-4
"K_4635 Gulen"	"1993"	2527	30	38	-8	52	70	-18	-25
"K_4635 Gulen"	"1994"	2502	29	35	-6	88	94	-6	-13
"K_4635 Gulen"	"1995"	2489	37	38	-1	93	80	13	14
"K_4635 Gulen"	"1996"	2503	36	41	-5	66	89	-23	-28
"K_4635 Gulen"	"1997"	2475	31	28	3	88	65	23	26
"K_4635 Gulen"	"1998"	2501	33	34	-1	68	65	3	2
"K_4635 Gulen"	"1999"	2503	22	39	-17	85	82	3	-14
"K_4635 Gulen"	"2000"	2489	29	41	-12	71	75	-4	-16
"K_4635 Gulen"	"2001"	2473	22	22	0	67	67	0	0
"K_4635 Gulen"	"2002"	2473	22	42	-20	70	73	-3	-23
"K_4635 Gulen"	"2003"	2450	35	33	2	89	78	11	12
"K_4635 Gulen"	"2004"	2462	30	27	3	71	76	-5	-3
"K_4635 Gulen"	"2005"	2459	19	30	-11	60	90	-30	-42
"K_4635 Gulen"	"2006"	2417	18	24	-6	66	71	-5	-11
"K_4635 Gulen"	"2007"	2406	21	25	-4	69	115	-46	-50
"K_4635 Gulen"	"2008"	2356	15	32	-17	50	106	-56	-73
"K_4635 Gulen"	"2009"	2283	18	25	-7	98	72	26	19
"K_4635 Gulen"	"2010"	2302	11	30	-19	87	71	16	-3
"K_4635 Gulen"	"2011"	2299	26	27	-1	96	84	12	11
"K_4635 Gulen"	"2012"	2310	16	23	-7	85	83	2	-5
"K_4635 Gulen"	"2013"	2305	21	24	-3	90	77	13	10
"K_4635 Gulen"	"2014"	2315	20	20	0	85	66	19	20
"K_4635 Gulen"	"2015"	2335	31	24	7	110	82	28	35
"K_4635 Gulen"	"2016"	2370	14	27	-13	113	99	14	1
"K_4635 Gulen"	"2017"	2371	20	29	-9	94	112	-18	-26
"K_4635 Gulen"	"2018"	2345	24	26	-2	103	124	-21	-23
"K_4635 Gulen"	"2019"	2322	20	28	-8	79	96	-17	-25
"K_4635 Gulen"	"2020"	2297	17	15	2	94	120	-26	-25
"K_4635 Gulen"	"2021"	2272	22	30	-8	112	147	-35	-42
"K_4635 Gulen"	"2022"	2230	22	28	-6	118	114	4	-2
"K_4635 Gulen"	"2023"	2228	20	27	-7	124	112	12	6
"K_4635 Gulen"	"2024"	2234	..	..	..	..	..	..	..
"K_4636 Solund"	"1951"	1802	40	14	26	35	67	-32	-6
"K_4636 Solund"	"1952"	1796	37	14	23	25	43	-18	5
"K_4636 Solund"	"1953"	1801	36	23	13	19	54	-35	-22
"K_4636 Solund"	"1954"	1779	33	10	23	16	64	-48	-25
"K_4636 Solund"	"1955"	1754	31	9	22	35	75	-40	3
"K_4636 Solund"	"1956"	1757	42	24	18	42	62	-20	-2
"K_4636 Solund"	"1957"	1755	24	28	-4	27	57	-30	-34
"K_4636 Solund"	"1958"	1721	35	20	15	34	71	-37	-22
"K_4636 Solund"	"1959"	1699	27	19	8	35	47	-12	-4
"K_4636 Solund"	"1960"	1695	26	22	4	28	81	-53	-40
"K_4636 Solund"	"1961"	1655	34	19	15	30	61	-31	-16
"K_4636 Solund"	"1962"	1639	21	13	8	33	94	-61	-53
"K_4636 Solund"	"1963"	1586	26	13	13	39	89	-50	-37
"K_4636 Solund"	"1964"	1589	23	19	4	49	61	-12	-8
"K_4636 Solund"	"1965"	1581	21	21	0	50	80	-30	-30
"K_4636 Solund"	"1966"	1551	23	17	6	28	52	-24	-33
"K_4636 Solund"	"1967"	1518	11	18	-7	40	78	-38	-45
"K_4636 Solund"	"1968"	1473	19	19	0	53	69	-16	-18
"K_4636 Solund"	"1969"	1455	10	15	-5	49	119	-70	-79
"K_4636 Solund"	"1970"	1376	16	18	-2	63	121	-58	-60
"K_4636 Solund"	"1971"	1316	13	18	-5	53	77	-24	-32
"K_4636 Solund"	"1972"	1284	18	16	2	53	75	-22	-20
"K_4636 Solund"	"1973"	1264	14	18	-4	60	64	-4	-7
"K_4636 Solund"	"1974"	1257	26	21	5	64	66	-2	1
"K_4636 Solund"	"1975"	1258	11	10	1	58	65	-7	-7
"K_4636 Solund"	"1976"	1251	15	17	-2	37	42	-5	-7
"K_4636 Solund"	"1977"	1244	12	21	-9	43	56	-13	-21
"K_4636 Solund"	"1978"	1223	17	13	4	49	54	-5	-2
"K_4636 Solund"	"1979"	1221	13	20	-7	54	57	-3	-10
"K_4636 Solund"	"1980"	1211	15	23	-8	36	46	-10	-20
"K_4636 Solund"	"1981"	1191	5	21	-16	37	50	-13	-31
"K_4636 Solund"	"1982"	1160	14	16	-2	56	55	1	-1
"K_4636 Solund"	"1983"	1159	14	12	2	38	39	-1	1
"K_4636 Solund"	"1984"	1160	14	14	0	32	25	7	7
"K_4636 Solund"	"1985"	1167	15	15	0	46	44	2	3
"K_4636 Solund"	"1986"	1170	17	17	0	38	53	-15	-16
"K_4636 Solund"	"1987"	1154	7	14	-7	38	40	-2	-10
"K_4636 Solund"	"1988"	1144	17	22	-5	49	30	19	14
"K_4636 Solund"	"1989"	1158	21	18	3	26	43	-17	-14
"K_4636 Solund"	"1990"	1144	17	18	-1	39	49	-10	-11
"K_4636 Solund"	"1991"	1133	11	11	0	42	39	3	2
"K_4636 Solund"	"1992"	1135	19	19	0	31	43	-12	-11
"K_4636 Solund"	"1993"	1124	14	17	-3	34	39	-5	-7
"K_4636 Solund"	"1994"	1117	10	12	-2	38	47	-9	-14
"K_4636 Solund"	"1995"	1103	10	23	-13	27	57	-30	-43
"K_4636 Solund"	"1996"	1060	11	18	-7	37	52	-15	-21
"K_4636 Solund"	"1997"	1039	13	19	-6	53	62	-9	-15
"K_4636 Solund"	"1998"	1024	7	17	-10	30	60	-30	-39
"K_4636 Solund"	"1999"	985	6	18	-12	27	41	-14	-26
"K_4636 Solund"	"2000"	959	10	13	-3	17	36	-19	-22
"K_4636 Solund"	"2001"	937	6	15	-9	29	36	-7	-16
"K_4636 Solund"	"2002"	921	11	17	-6	24	34	-10	-17
"K_4636 Solund"	"2003"	904	6	13	-7	33	31	2	-5
"K_4636 Solund"	"2004"	899	7	14	-7	20	37	-17	-24
"K_4636 Solund"	"2005"	875	5	9	-4	38	32	6	2
"K_4636 Solund"	"2006"	877	12	14	-2	34	38	-4	-6
"K_4636 Solund"	"2007"	871	8	12	-4	43	36	7	3
"K_4636 Solund"	"2008"	874	8	13	-5	38	31	7	2
"K_4636 Solund"	"2009"	876	6	16	-10	32	31	1	-9
"K_4636 Solund"	"2010"	867	8	11	-3	27	29	-2	-5
"K_4636 Solund"	"2011"	862	6	8	-2	46	55	-9	-11
"K_4636 Solund"	"2012"	851	7	11	-4	40	45	-5	-9
"K_4636 Solund"	"2013"	842	3	13	-10	26	43	-17	-27
"K_4636 Solund"	"2014"	815	2	10	-8	50	57	-7	-15
"K_4636 Solund"	"2015"	800	5	9	-4	38	49	-11	-15
"K_4636 Solund"	"2016"	785	5	11	-6	44	29	15	9
"K_4636 Solund"	"2017"	794	8	7	1	35	23	12	13
"K_4636 Solund"	"2018"	807	4	10	-6	40	21	19	13
"K_4636 Solund"	"2019"	820	2	11	-9	35	44	-9	-18
"K_4636 Solund"	"2020"	802	8	11	-3	34	47	-13	-16
"K_4636 Solund"	"2021"	786	3	12	-9	37	46	-9	-18
"K_4636 Solund"	"2022"	768	2	7	-5	38	45	-7	-12
"K_4636 Solund"	"2023"	756	4	6	-2	29	33	-4	-6
"K_4636 Solund"	"2024"	750	..	..	..	..	..	..	..
"K_4637 Hyllestad"	"1951"	2151	44	21	23	45	100	-55	-32
"K_4637 Hyllestad"	"1952"	2119	39	15	24	73	96	-23	1
"K_4637 Hyllestad"	"1953"	2120	30	28	2	55	89	-34	-32
"K_4637 Hyllestad"	"1954"	2088	34	22	12	45	70	-25	-13
"K_4637 Hyllestad"	"1955"	2075	27	15	12	82	91	-9	23
"K_4637 Hyllestad"	"1956"	2098	29	23	6	57	130	-73	-67
"K_4637 Hyllestad"	"1957"	2031	24	18	6	70	96	-26	-20
"K_4637 Hyllestad"	"1958"	2011	29	31	-2	69	80	-11	-13
"K_4637 Hyllestad"	"1959"	1998	33	19	14	64	88	-24	-10
"K_4637 Hyllestad"	"1960"	1988	25	19	6	38	84	-46	-42
"K_4637 Hyllestad"	"1961"	1946	23	32	-9	51	62	-11	-20
"K_4637 Hyllestad"	"1962"	1926	32	21	11	58	73	-15	-4
"K_4637 Hyllestad"	"1963"	1922	31	22	9	48	81	-33	-24
"K_4637 Hyllestad"	"1964"	1898	31	29	2	57	94	-37	-35
"K_4637 Hyllestad"	"1965"	1863	23	24	-1	44	108	-64	-65
"K_4637 Hyllestad"	"1966"	1798	34	16	18	81	101	-20	-10
"K_4637 Hyllestad"	"1967"	1788	25	18	7	62	68	-6	1
"K_4637 Hyllestad"	"1968"	1789	22	36	-14	65	56	9	-5
"K_4637 Hyllestad"	"1969"	1784	31	19	12	90	92	-2	9
"K_4637 Hyllestad"	"1970"	1793	30	21	9	95	91	4	7
"K_4637 Hyllestad"	"1971"	1800	32	22	10	68	76	-8	6
"K_4637 Hyllestad"	"1972"	1806	22	27	-5	81	99	-18	-23
"K_4637 Hyllestad"	"1973"	1783	22	20	2	88	84	4	1
"K_4637 Hyllestad"	"1974"	1784	22	26	-4	42	68	-26	-30
"K_4637 Hyllestad"	"1975"	1754	22	28	-6	96	60	36	29
"K_4637 Hyllestad"	"1976"	1783	23	15	8	70	54	16	24
"K_4637 Hyllestad"	"1977"	1807	24	22	2	54	65	-11	-9
"K_4637 Hyllestad"	"1978"	1798	14	22	-8	91	78	13	5
"K_4637 Hyllestad"	"1979"	1803	17	26	-9	91	80	11	2
"K_4637 Hyllestad"	"1980"	1805	22	21	1	62	80	-18	-17
"K_4637 Hyllestad"	"1981"	1788	16	21	-5	59	55	4	-1
"K_4637 Hyllestad"	"1982"	1787	19	22	-3	51	56	-5	-8
"K_4637 Hyllestad"	"1983"	1779	23	18	5	68	59	9	14
"K_4637 Hyllestad"	"1984"	1793	20	17	3	64	60	4	7
"K_4637 Hyllestad"	"1985"	1800	17	19	-2	55	66	-11	-14
"K_4637 Hyllestad"	"1986"	1786	19	17	2	59	75	-16	-15
"K_4637 Hyllestad"	"1987"	1771	24	21	3	87	95	-8	-3
"K_4637 Hyllestad"	"1988"	1768	17	24	-7	41	62	-21	-30
"K_4637 Hyllestad"	"1989"	1738	24	14	10	56	53	3	13
"K_4637 Hyllestad"	"1990"	1751	19	22	-3	49	75	-26	-29
"K_4637 Hyllestad"	"1991"	1722	25	19	6	47	67	-20	-15
"K_4637 Hyllestad"	"1992"	1707	26	22	4	63	59	4	10
"K_4637 Hyllestad"	"1993"	1717	24	25	-1	40	64	-24	-21
"K_4637 Hyllestad"	"1994"	1696	26	26	0	67	52	15	11
"K_4637 Hyllestad"	"1995"	1707	15	17	-2	38	66	-28	-30
"K_4637 Hyllestad"	"1996"	1677	20	24	-4	63	73	-10	-14
"K_4637 Hyllestad"	"1997"	1663	20	18	2	46	80	-34	-32
"K_4637 Hyllestad"	"1998"	1631	20	30	-10	53	89	-36	-45
"K_4637 Hyllestad"	"1999"	1586	22	31	-9	37	60	-23	-32
"K_4637 Hyllestad"	"2000"	1554	19	22	-3	63	56	7	4
"K_4637 Hyllestad"	"2001"	1558	17	21	-4	45	70	-25	-30
"K_4637 Hyllestad"	"2002"	1528	20	26	-6	64	52	12	9
"K_4637 Hyllestad"	"2003"	1537	21	27	-6	68	42	26	20
"K_4637 Hyllestad"	"2004"	1557	14	21	-7	28	52	-24	-31
"K_4637 Hyllestad"	"2005"	1526	14	18	-4	42	62	-20	-24
"K_4637 Hyllestad"	"2006"	1502	7	17	-10	52	52	0	-10
"K_4637 Hyllestad"	"2007"	1492	14	21	-7	59	39	20	13
"K_4637 Hyllestad"	"2008"	1505	11	18	-7	42	67	-25	-31
"K_4637 Hyllestad"	"2009"	1474	10	12	-2	88	58	30	28
"K_4637 Hyllestad"	"2010"	1502	7	13	-6	46	59	-13	-19
"K_4637 Hyllestad"	"2011"	1483	10	16	-6	40	56	-16	-22
"K_4637 Hyllestad"	"2012"	1461	7	21	-14	38	58	-20	-33
"K_4637 Hyllestad"	"2013"	1428	11	16	-5	43	75	-32	-37
"K_4637 Hyllestad"	"2014"	1391	16	19	-3	69	52	17	14
"K_4637 Hyllestad"	"2015"	1405	7	14	-7	60	62	-2	-10
"K_4637 Hyllestad"	"2016"	1395	10	9	1	98	56	42	43
"K_4637 Hyllestad"	"2017"	1438	8	15	-7	51	105	-54	-60
"K_4637 Hyllestad"	"2018"	1378	12	18	-6	61	67	-6	-12
"K_4637 Hyllestad"	"2019"	1366	8	14	-6	52	84	-32	-38
"K_4637 Hyllestad"	"2020"	1328	5	18	-13	49	70	-21	-34
"K_4637 Hyllestad"	"2021"	1294	8	13	-5	61	60	1	-4
"K_4637 Hyllestad"	"2022"	1290	5	21	-16	71	75	-4	-22
"K_4637 Hyllestad"	"2023"	1268	8	10	-2	66	66	0	0
"K_4637 Hyllestad"	"2024"	1268	..	..	..	..	..	..	..
"K_4638 Høyanger"	"1951"	5666	100	33	67	207	281	-74	-7
"K_4638 Høyanger"	"1952"	5659	97	31	66	127	255	-128	-62
"K_4638 Høyanger"	"1953"	5597	88	45	43	127	237	-110	-67
"K_4638 Høyanger"	"1954"	5530	111	41	70	116	200	-84	-14
"K_4638 Høyanger"	"1955"	5516	93	38	55	179	195	-16	50
"K_4638 Høyanger"	"1956"	5566	98	49	49	186	229	-43	6
"K_4638 Høyanger"	"1957"	5572	102	54	48	208	274	-66	-18
"K_4638 Høyanger"	"1958"	5554	92	45	47	184	213	-29	18
"K_4638 Høyanger"	"1959"	5572	97	42	55	174	227	-53	2
"K_4638 Høyanger"	"1960"	5574	85	43	42	183	273	-90	-62
"K_4638 Høyanger"	"1961"	5512	88	42	46	144	241	-97	-51
"K_4638 Høyanger"	"1962"	5461	82	62	20	318	244	74	94
"K_4638 Høyanger"	"1963"	5555	92	60	32	271	222	49	81
"K_4638 Høyanger"	"1964"	5636	100	58	42	182	261	-79	-37
"K_4638 Høyanger"	"1965"	5599	84	38	46	211	314	-103	-57
"K_4638 Høyanger"	"1966"	5542	92	59	33	258	335	-77	-49
"K_4638 Høyanger"	"1967"	5493	92	58	34	216	326	-110	-76
"K_4638 Høyanger"	"1968"	5417	95	53	42	216	261	-45	-2
"K_4638 Høyanger"	"1969"	5415	93	53	40	162	286	-124	-81
"K_4638 Høyanger"	"1970"	5334	81	53	28	416	367	49	70
"K_4638 Høyanger"	"1971"	5404	90	77	13	187	281	-94	-76
"K_4638 Høyanger"	"1972"	5328	71	66	5	193	317	-124	-121
"K_4638 Høyanger"	"1973"	5207	60	91	-31	172	262	-90	-122
"K_4638 Høyanger"	"1974"	5085	55	72	-17	184	218	-34	-50
"K_4638 Høyanger"	"1975"	5035	55	71	-16	237	180	57	42
"K_4638 Høyanger"	"1976"	5077	53	67	-14	227	178	49	33
"K_4638 Høyanger"	"1977"	5110	66	59	7	192	224	-32	-26
"K_4638 Høyanger"	"1978"	5084	52	64	-12	253	251	2	-9
"K_4638 Høyanger"	"1979"	5075	53	56	-3	202	229	-27	-31
"K_4638 Høyanger"	"1980"	5044	64	73	-9	269	271	-2	-11
"K_4638 Høyanger"	"1981"	5033	35	66	-31	280	240	40	8
"K_4638 Høyanger"	"1982"	5041	65	71	-6	231	251	-20	-28
"K_4638 Høyanger"	"1983"	5013	50	66	-16	222	253	-31	-50
"K_4638 Høyanger"	"1984"	4963	59	59	0	202	215	-13	-15
"K_4638 Høyanger"	"1985"	4948	63	65	-2	227	261	-34	-39
"K_4638 Høyanger"	"1986"	4909	64	73	-9	214	249	-35	-43
"K_4638 Høyanger"	"1987"	4866	59	61	-2	244	291	-47	-50
"K_4638 Høyanger"	"1988"	4816	57	74	-17	211	189	22	7
"K_4638 Høyanger"	"1989"	4823	69	67	2	196	154	42	41
"K_4638 Høyanger"	"1990"	4864	86	70	16	135	180	-45	-29
"K_4638 Høyanger"	"1991"	4835	67	58	9	190	179	11	19
"K_4638 Høyanger"	"1992"	4854	67	67	0	159	167	-8	-9
"K_4638 Høyanger"	"1993"	4845	54	62	-8	137	164	-27	-35
"K_4638 Høyanger"	"1994"	4810	74	62	12	167	171	-4	8
"K_4638 Høyanger"	"1995"	4818	78	56	22	134	151	-17	4
"K_4638 Høyanger"	"1996"	4822	58	64	-6	166	182	-16	-23
"K_4638 Høyanger"	"1997"	4799	70	55	15	175	212	-37	-21
"K_4638 Høyanger"	"1998"	4778	58	65	-7	131	213	-82	-85
"K_4638 Høyanger"	"1999"	4693	59	78	-19	134	131	3	-16
"K_4638 Høyanger"	"2000"	4677	65	65	0	176	199	-23	-24
"K_4638 Høyanger"	"2001"	4653	57	57	0	147	168	-21	-21
"K_4638 Høyanger"	"2002"	4632	64	65	-1	122	174	-52	-53
"K_4638 Høyanger"	"2003"	4579	61	44	17	116	162	-46	-29
"K_4638 Høyanger"	"2004"	4550	44	67	-23	115	137	-22	-48
"K_4638 Høyanger"	"2005"	4502	57	51	6	90	152	-62	-54
"K_4638 Høyanger"	"2006"	4448	39	48	-9	126	147	-21	-28
"K_4638 Høyanger"	"2007"	4420	43	58	-15	145	172	-27	-46
"K_4638 Høyanger"	"2008"	4374	33	59	-26	123	143	-20	-47
"K_4638 Høyanger"	"2009"	4327	41	47	-6	130	197	-67	-71
"K_4638 Høyanger"	"2010"	4256	45	50	-5	152	126	26	24
"K_4638 Høyanger"	"2011"	4280	42	56	-14	146	196	-50	-64
"K_4638 Høyanger"	"2012"	4216	41	34	7	157	158	-1	6
"K_4638 Høyanger"	"2013"	4222	38	49	-11	145	173	-28	-39
"K_4638 Høyanger"	"2014"	4183	34	51	-17	152	149	3	-14
"K_4638 Høyanger"	"2015"	4169	31	51	-20	238	227	11	-8
"K_4638 Høyanger"	"2016"	4161	31	42	-11	291	251	40	29
"K_4638 Høyanger"	"2017"	4190	22	39	-17	230	251	-21	-36
"K_4638 Høyanger"	"2018"	4154	35	40	-5	117	175	-58	-63
"K_4638 Høyanger"	"2019"	4091	30	39	-9	124	215	-91	-100
"K_4638 Høyanger"	"2020"	4101	32	38	-6	117	164	-47	-52
"K_4638 Høyanger"	"2021"	4049	18	44	-26	136	193	-57	-84
"K_4638 Høyanger"	"2022"	3965	24	47	-23	157	151	6	-16
"K_4638 Høyanger"	"2023"	3949	22	52	-30	149	190	-41	-70
"K_4638 Høyanger"	"2024"	3879	..	..	..	..	..	..	..
"K_4639 Vik"	"1951"	3069	48	36	12	101	149	-48	-36
"K_4639 Vik"	"1952"	3033	60	48	12	51	102	-51	-39
"K_4639 Vik"	"1953"	2994	55	28	27	52	115	-63	-36
"K_4639 Vik"	"1954"	2958	43	32	11	83	95	-12	-1
"K_4639 Vik"	"1955"	2957	58	34	24	85	112	-27	33
"K_4639 Vik"	"1956"	2990	52	31	21	72	108	-36	-15
"K_4639 Vik"	"1957"	2975	48	36	12	52	131	-79	-67
"K_4639 Vik"	"1958"	2908	48	26	22	76	114	-38	-16
"K_4639 Vik"	"1959"	2892	44	34	10	67	110	-43	-33
"K_4639 Vik"	"1960"	2859	43	33	10	100	143	-43	-44
"K_4639 Vik"	"1961"	2815	55	35	20	71	101	-30	-10
"K_4639 Vik"	"1962"	2805	49	39	10	81	98	-17	-7
"K_4639 Vik"	"1963"	2798	48	37	11	79	91	-12	-1
"K_4639 Vik"	"1964"	2623	41	39	2	223	83	140	142
"K_4639 Vik"	"1965"	2765	45	39	6	192	114	78	84
"K_4639 Vik"	"1966"	2849	44	43	1	160	96	64	60
"K_4639 Vik"	"1967"	2909	50	31	19	142	135	7	26
"K_4639 Vik"	"1968"	2935	42	38	4	105	129	-24	-25
"K_4639 Vik"	"1969"	2910	47	34	13	184	195	-11	-1
"K_4639 Vik"	"1970"	2909	42	38	4	166	293	-127	-119
"K_4639 Vik"	"1971"	2790	31	31	0	103	128	-25	-28
"K_4639 Vik"	"1972"	2762	35	29	6	96	135	-39	-33
"K_4639 Vik"	"1973"	2729	38	22	16	72	174	-102	-86
"K_4639 Vik"	"1974"	2643	34	38	-4	115	113	2	-2
"K_4639 Vik"	"1975"	2641	37	32	5	77	115	-38	-36
"K_4639 Vik"	"1976"	2605	32	37	-5	115	90	25	20
"K_4639 Vik"	"1977"	2625	32	31	1	79	95	-16	-15
"K_4639 Vik"	"1978"	2610	39	34	5	89	80	9	14
"K_4639 Vik"	"1979"	2624	35	26	9	95	69	26	35
"K_4639 Vik"	"1980"	2659	27	32	-5	79	96	-17	-22
"K_4639 Vik"	"1981"	2637	25	29	-4	73	80	-7	-11
"K_4639 Vik"	"1982"	2626	21	23	-2	96	116	-20	-21
"K_4639 Vik"	"1983"	2605	31	33	-2	44	96	-52	-55
"K_4639 Vik"	"1984"	2550	33	25	8	60	45	15	23
"K_4639 Vik"	"1985"	2573	23	40	-17	50	77	-27	-45
"K_4639 Vik"	"1986"	2528	32	24	8	61	64	-3	13
"K_4639 Vik"	"1987"	2541	40	42	-2	72	90	-18	-26
"K_4639 Vik"	"1988"	2515	26	35	-9	79	74	5	-3
"K_4639 Vik"	"1989"	2512	27	34	-7	55	49	6	-5
"K_4639 Vik"	"1990"	2507	38	31	7	57	50	7	14
"K_4639 Vik"	"1991"	2521	38	27	11	67	75	-8	563
"K_4639 Vik"	"1992"	3084	34	38	-4	68	54	14	10
"K_4639 Vik"	"1993"	3094	27	43	-16	68	43	25	8
"K_4639 Vik"	"1994"	3102	27	43	-16	58	70	-12	-29
"K_4639 Vik"	"1995"	3073	35	44	-9	64	57	7	-1
"K_4639 Vik"	"1996"	3072	44	36	8	69	76	-7	1
"K_4639 Vik"	"1997"	3073	29	49	-20	59	88	-29	-50
"K_4639 Vik"	"1998"	3023	32	35	-3	59	95	-36	-40
"K_4639 Vik"	"1999"	2983	24	49	-25	79	72	7	-18
"K_4639 Vik"	"2000"	2965	34	35	-1	67	88	-21	-22
"K_4639 Vik"	"2001"	2943	22	36	-14	73	87	-14	-28
"K_4639 Vik"	"2002"	2915	30	42	-12	62	64	-2	-14
"K_4639 Vik"	"2003"	2901	23	39	-16	74	60	14	-2
"K_4639 Vik"	"2004"	2899	30	42	-12	64	69	-5	-18
"K_4639 Vik"	"2005"	2881	29	41	-12	95	119	-24	-34
"K_4639 Vik"	"2006"	2847	34	29	5	76	94	-18	-12
"K_4639 Vik"	"2007"	2835	33	33	0	71	96	-25	-26
"K_4639 Vik"	"2008"	2809	24	42	-18	83	94	-11	-29
"K_4639 Vik"	"2009"	2780	29	37	-8	72	76	-4	-12
"K_4639 Vik"	"2010"	2768	34	32	2	68	80	-12	-10
"K_4639 Vik"	"2011"	2758	18	31	-13	70	68	2	-10
"K_4639 Vik"	"2012"	2748	30	48	-18	97	96	1	-17
"K_4639 Vik"	"2013"	2731	22	38	-16	79	106	-27	-43
"K_4639 Vik"	"2014"	2688	21	33	-12	61	59	2	-10
"K_4639 Vik"	"2015"	2678	23	33	-10	105	86	19	11
"K_4639 Vik"	"2016"	2689	22	30	-8	104	63	41	33
"K_4639 Vik"	"2017"	2722	23	41	-18	68	98	-30	-48
"K_4639 Vik"	"2018"	2674	24	38	-14	72	61	11	-2
"K_4639 Vik"	"2019"	2672	24	30	-6	71	102	-31	-37
"K_4639 Vik"	"2020"	2635	23	28	-5	60	78	-18	-24
"K_4639 Vik"	"2021"	2611	20	39	-19	81	114	-33	-51
"K_4639 Vik"	"2022"	2560	22	32	-10	104	93	11	1
"K_4639 Vik"	"2023"	2561	19	38	-19	108	99	9	-10
"K_4639 Vik"	"2024"	2551	..	..	..	..	..	..	..
"K_4640 Sogndal"	"1951"	8389	140	83	57	227	324	-97	-40
"K_4640 Sogndal"	"1952"	8349	144	82	62	160	251	-91	-29
"K_4640 Sogndal"	"1953"	8320	154	88	66	157	253	-96	-30
"K_4640 Sogndal"	"1954"	8290	139	79	60	160	268	-108	-48
"K_4640 Sogndal"	"1955"	8242	149	87	62	238	270	-32	76
"K_4640 Sogndal"	"1956"	8318	151	103	48	285	337	-52	-4
"K_4640 Sogndal"	"1957"	8314	146	81	65	311	358	-47	18
"K_4640 Sogndal"	"1958"	8332	146	85	61	262	304	-42	19
"K_4640 Sogndal"	"1959"	8351	151	85	66	254	337	-83	-17
"K_4640 Sogndal"	"1960"	8334	142	95	47	367	354	13	64
"K_4640 Sogndal"	"1961"	8398	141	90	51	282	288	-6	45
"K_4640 Sogndal"	"1962"	8443	132	104	28	259	329	-70	-42
"K_4640 Sogndal"	"1963"	8401	149	104	45	310	308	2	47
"K_4640 Sogndal"	"1964"	8622	138	96	42	303	290	13	55
"K_4640 Sogndal"	"1965"	8677	142	112	30	422	372	50	80
"K_4640 Sogndal"	"1966"	8757	139	79	60	402	386	16	111
"K_4640 Sogndal"	"1967"	8868	158	86	72	410	409	1	73
"K_4640 Sogndal"	"1968"	8941	171	109	62	377	377	0	63
"K_4640 Sogndal"	"1969"	9004	141	93	48	425	424	1	48
"K_4640 Sogndal"	"1970"	9052	139	79	60	565	636	-71	-28
"K_4640 Sogndal"	"1971"	9024	172	97	75	510	379	131	206
"K_4640 Sogndal"	"1972"	9230	152	105	47	542	374	168	214
"K_4640 Sogndal"	"1973"	9444	152	102	50	503	451	52	102
"K_4640 Sogndal"	"1974"	9546	144	89	55	546	469	77	131
"K_4640 Sogndal"	"1975"	9677	157	89	68	473	476	-3	62
"K_4640 Sogndal"	"1976"	9739	132	104	28	465	441	24	53
"K_4640 Sogndal"	"1977"	9792	139	102	37	547	498	49	85
"K_4640 Sogndal"	"1978"	9877	145	96	49	504	453	51	100
"K_4640 Sogndal"	"1979"	9977	157	86	71	491	425	66	132
"K_4640 Sogndal"	"1980"	10109	127	94	33	443	394	49	83
"K_4640 Sogndal"	"1981"	10192	125	91	34	465	430	35	66
"K_4640 Sogndal"	"1982"	10258	136	89	47	447	458	-11	36
"K_4640 Sogndal"	"1983"	10294	151	119	32	439	395	44	77
"K_4640 Sogndal"	"1984"	10371	126	91	35	350	332	18	53
"K_4640 Sogndal"	"1985"	10424	148	107	41	422	423	-1	38
"K_4640 Sogndal"	"1986"	10462	137	112	25	412	458	-46	-21
"K_4640 Sogndal"	"1987"	10441	138	117	21	487	420	67	86
"K_4640 Sogndal"	"1988"	10527	128	99	29	459	476	-17	9
"K_4640 Sogndal"	"1989"	10536	169	134	35	583	464	119	153
"K_4640 Sogndal"	"1990"	10689	141	87	54	383	448	-65	-16
"K_4640 Sogndal"	"1991"	10673	154	112	42	399	472	-73	-619
"K_4640 Sogndal"	"1992"	10054	143	96	47	497	420	77	123
"K_4640 Sogndal"	"1993"	10177	141	101	40	464	410	54	88
"K_4640 Sogndal"	"1994"	10265	156	84	72	499	515	-16	55
"K_4640 Sogndal"	"1995"	10320	138	106	32	447	447	0	30
"K_4640 Sogndal"	"1996"	10350	134	101	33	429	433	-4	29
"K_4640 Sogndal"	"1997"	10379	137	92	45	415	495	-80	-34
"K_4640 Sogndal"	"1998"	10345	133	98	35	412	497	-85	-54
"K_4640 Sogndal"	"1999"	10291	153	95	58	450	437	13	71
"K_4640 Sogndal"	"2000"	10362	143	98	45	474	517	-43	3
"K_4640 Sogndal"	"2001"	10365	149	88	61	408	521	-113	-56
"K_4640 Sogndal"	"2002"	10309	145	93	52	473	454	19	69
"K_4640 Sogndal"	"2003"	10378	136	111	25	373	423	-50	-24
"K_4640 Sogndal"	"2004"	10354	121	96	25	495	441	54	80
"K_4640 Sogndal"	"2005"	10434	145	93	52	487	538	-51	7
"K_4640 Sogndal"	"2006"	10441	123	68	55	448	528	-80	-21
"K_4640 Sogndal"	"2007"	10420	127	97	30	557	566	-9	23
"K_4640 Sogndal"	"2008"	10443	141	81	60	476	508	-32	29
"K_4640 Sogndal"	"2009"	10472	122	90	32	608	550	58	89
"K_4640 Sogndal"	"2010"	10561	123	104	19	673	525	148	167
"K_4640 Sogndal"	"2011"	10728	110	89	21	729	555	174	194
"K_4640 Sogndal"	"2012"	10922	119	96	23	727	604	123	147
"K_4640 Sogndal"	"2013"	11069	125	81	44	727	640	87	128
"K_4640 Sogndal"	"2014"	11197	130	92	38	638	616	22	60
"K_4640 Sogndal"	"2015"	11257	123	77	46	769	640	129	174
"K_4640 Sogndal"	"2016"	11431	144	101	43	796	709	87	130
"K_4640 Sogndal"	"2017"	11561	137	78	59	763	716	47	105
"K_4640 Sogndal"	"2018"	11666	143	99	44	704	612	92	135
"K_4640 Sogndal"	"2019"	11801	145	96	49	712	606	106	156
"K_4640 Sogndal"	"2020"	11847	129	86	43	723	680	43	91
"K_4640 Sogndal"	"2021"	11938	164	86	78	815	724	91	159
"K_4640 Sogndal"	"2022"	12097	121	92	29	798	732	66	101
"K_4640 Sogndal"	"2023"	12198	136	86	50	735	661	74	121
"K_4640 Sogndal"	"2024"	12319	..	..	..	..	..	..	..
"K_4641 Aurland"	"1951"	2367	46	17	29	77	80	-3	26
"K_4641 Aurland"	"1952"	2393	37	18	19	60	106	-46	-27
"K_4641 Aurland"	"1953"	2366	50	26	24	78	88	-10	14
"K_4641 Aurland"	"1954"	2380	52	18	34	35	87	-52	-18
"K_4641 Aurland"	"1955"	2362	32	19	13	55	112	-57	-46
"K_4641 Aurland"	"1956"	2316	38	27	11	98	116	-18	-7
"K_4641 Aurland"	"1957"	2309	36	26	10	86	164	-78	-68
"K_4641 Aurland"	"1958"	2241	44	20	24	95	125	-30	-6
"K_4641 Aurland"	"1959"	2235	38	27	11	71	90	-19	-8
"K_4641 Aurland"	"1960"	2227	48	22	26	94	149	-55	-38
"K_4641 Aurland"	"1961"	2189	34	20	14	70	86	-16	-2
"K_4641 Aurland"	"1962"	2187	34	30	4	93	103	-10	-6
"K_4641 Aurland"	"1963"	2181	38	23	15	76	112	-36	-21
"K_4641 Aurland"	"1964"	2160	34	21	13	64	101	-37	-24
"K_4641 Aurland"	"1965"	2136	31	26	5	63	124	-61	-56
"K_4641 Aurland"	"1966"	2080	27	27	0	65	80	-15	-6
"K_4641 Aurland"	"1967"	2074	27	21	6	76	96	-20	-14
"K_4641 Aurland"	"1968"	2060	32	28	4	98	106	-8	-7
"K_4641 Aurland"	"1969"	2053	38	18	20	143	95	48	65
"K_4641 Aurland"	"1970"	2118	39	27	12	424	181	243	256
"K_4641 Aurland"	"1971"	2374	35	36	-1	204	249	-45	-52
"K_4641 Aurland"	"1972"	2322	36	31	5	138	180	-42	-36
"K_4641 Aurland"	"1973"	2286	39	22	17	102	184	-82	-66
"K_4641 Aurland"	"1974"	2220	37	18	19	84	188	-104	-85
"K_4641 Aurland"	"1975"	2135	16	24	-8	104	106	-2	-11
"K_4641 Aurland"	"1976"	2124	27	25	2	117	129	-12	-10
"K_4641 Aurland"	"1977"	2114	32	17	15	126	105	21	33
"K_4641 Aurland"	"1978"	2147	29	28	1	78	101	-23	-22
"K_4641 Aurland"	"1979"	2125	30	23	7	94	132	-38	-29
"K_4641 Aurland"	"1980"	2096	26	17	9	102	109	-7	2
"K_4641 Aurland"	"1981"	2098	26	39	-13	88	127	-39	-52
"K_4641 Aurland"	"1982"	2046	16	23	-7	90	130	-40	-47
"K_4641 Aurland"	"1983"	1999	23	30	-7	89	106	-17	-25
"K_4641 Aurland"	"1984"	1974	28	26	2	65	95	-30	-28
"K_4641 Aurland"	"1985"	1946	26	24	2	72	86	-14	-13
"K_4641 Aurland"	"1986"	1933	22	18	4	61	103	-42	-37
"K_4641 Aurland"	"1987"	1896	27	22	5	59	80	-21	-16
"K_4641 Aurland"	"1988"	1880	27	29	-2	88	94	-6	-7
"K_4641 Aurland"	"1989"	1873	29	31	-2	63	98	-35	-39
"K_4641 Aurland"	"1990"	1834	24	31	-7	93	59	34	28
"K_4641 Aurland"	"1991"	1862	28	30	-2	74	58	16	14
"K_4641 Aurland"	"1992"	1876	29	25	4	78	66	12	16
"K_4641 Aurland"	"1993"	1892	30	17	13	69	73	-4	9
"K_4641 Aurland"	"1994"	1901	18	18	0	71	77	-6	-5
"K_4641 Aurland"	"1995"	1896	21	29	-8	64	51	13	5
"K_4641 Aurland"	"1996"	1901	25	23	2	61	79	-18	-16
"K_4641 Aurland"	"1997"	1885	14	25	-11	60	112	-52	-63
"K_4641 Aurland"	"1998"	1822	13	18	-5	67	66	1	-3
"K_4641 Aurland"	"1999"	1819	27	22	5	93	83	10	14
"K_4641 Aurland"	"2000"	1833	22	25	-3	83	86	-3	-6
"K_4641 Aurland"	"2001"	1827	17	29	-12	62	70	-8	-20
"K_4641 Aurland"	"2002"	1807	25	27	-2	50	73	-23	-26
"K_4641 Aurland"	"2003"	1781	22	18	4	107	89	18	22
"K_4641 Aurland"	"2004"	1803	24	17	7	87	113	-26	-20
"K_4641 Aurland"	"2005"	1783	18	20	-2	50	98	-48	-50
"K_4641 Aurland"	"2006"	1733	19	30	-11	53	61	-8	-18
"K_4641 Aurland"	"2007"	1715	20	19	1	59	80	-21	-20
"K_4641 Aurland"	"2008"	1695	16	16	0	49	58	-9	-8
"K_4641 Aurland"	"2009"	1687	17	19	-2	52	52	0	-5
"K_4641 Aurland"	"2010"	1682	15	16	-1	81	72	9	7
"K_4641 Aurland"	"2011"	1689	14	19	-5	97	69	28	23
"K_4641 Aurland"	"2012"	1712	11	11	0	97	94	3	2
"K_4641 Aurland"	"2013"	1714	13	16	-3	83	80	3	1
"K_4641 Aurland"	"2014"	1715	9	16	-7	85	56	29	23
"K_4641 Aurland"	"2015"	1738	18	17	1	100	75	25	26
"K_4641 Aurland"	"2016"	1764	14	18	-4	122	95	27	23
"K_4641 Aurland"	"2017"	1787	11	26	-15	104	97	7	-9
"K_4641 Aurland"	"2018"	1778	22	31	-9	104	109	-5	-14
"K_4641 Aurland"	"2019"	1764	15	18	-3	112	92	20	17
"K_4641 Aurland"	"2020"	1781	16	20	-4	96	96	0	-4
"K_4641 Aurland"	"2021"	1777	17	15	2	96	109	-13	-11
"K_4641 Aurland"	"2022"	1766	19	20	-1	114	104	10	9
"K_4641 Aurland"	"2023"	1775	20	14	6	154	135	19	25
"K_4641 Aurland"	"2024"	1800	..	..	..	..	..	..	..
"K_4642 Lærdal"	"1951"	2455	31	35	-4	49	196	-147	-151
"K_4642 Lærdal"	"1952"	2304	40	25	15	51	89	-38	-23
"K_4642 Lærdal"	"1953"	2281	50	27	23	49	78	-29	-6
"K_4642 Lærdal"	"1954"	2275	40	20	20	53	64	-11	9
"K_4642 Lærdal"	"1955"	2284	41	37	4	47	88	-41	133
"K_4642 Lærdal"	"1956"	2417	34	24	10	62	84	-22	-12
"K_4642 Lærdal"	"1957"	2405	36	33	3	61	78	-17	-14
"K_4642 Lærdal"	"1958"	2391	32	27	5	66	78	-12	-7
"K_4642 Lærdal"	"1959"	2384	33	26	7	57	99	-42	-35
"K_4642 Lærdal"	"1960"	2349	43	35	8	45	93	-48	-21
"K_4642 Lærdal"	"1961"	2328	35	35	0	51	56	-5	-5
"K_4642 Lærdal"	"1962"	2323	35	33	2	55	101	-46	-44
"K_4642 Lærdal"	"1963"	2279	35	33	2	79	113	-34	-32
"K_4642 Lærdal"	"1964"	2258	25	31	-6	55	91	-36	-42
"K_4642 Lærdal"	"1965"	2216	34	31	3	62	89	-27	-24
"K_4642 Lærdal"	"1966"	2192	31	29	2	60	88	-28	-36
"K_4642 Lærdal"	"1967"	2156	40	34	6	69	56	13	19
"K_4642 Lærdal"	"1968"	2175	22	28	-6	92	106	-14	-14
"K_4642 Lærdal"	"1969"	2161	27	41	-14	88	82	6	-9
"K_4642 Lærdal"	"1970"	2152	32	31	1	150	147	3	-8
"K_4642 Lærdal"	"1971"	2144	24	34	-10	212	101	111	94
"K_4642 Lærdal"	"1972"	2238	35	33	2	170	121	49	52
"K_4642 Lærdal"	"1973"	2290	40	26	14	125	98	27	42
"K_4642 Lærdal"	"1974"	2332	41	25	16	182	200	-18	-4
"K_4642 Lærdal"	"1975"	2328	22	27	-5	106	202	-96	-105
"K_4642 Lærdal"	"1976"	2223	29	24	5	105	173	-68	-62
"K_4642 Lærdal"	"1977"	2161	23	29	-6	129	102	27	21
"K_4642 Lærdal"	"1978"	2182	26	27	-1	136	97	39	38
"K_4642 Lærdal"	"1979"	2220	23	33	-10	118	124	-6	-17
"K_4642 Lærdal"	"1980"	2203	25	29	-4	122	95	27	20
"K_4642 Lærdal"	"1981"	2223	25	33	-8	121	102	19	12
"K_4642 Lærdal"	"1982"	2235	32	29	3	102	101	1	5
"K_4642 Lærdal"	"1983"	2240	32	30	2	101	100	1	3
"K_4642 Lærdal"	"1984"	2243	31	24	7	93	98	-5	2
"K_4642 Lærdal"	"1985"	2245	34	25	9	102	94	8	18
"K_4642 Lærdal"	"1986"	2263	38	35	3	76	95	-19	-14
"K_4642 Lærdal"	"1987"	2249	27	26	1	72	111	-39	-41
"K_4642 Lærdal"	"1988"	2208	24	32	-8	283	214	69	60
"K_4642 Lærdal"	"1989"	2268	27	25	2	92	187	-95	-96
"K_4642 Lærdal"	"1990"	2172	34	30	4	94	65	29	33
"K_4642 Lærdal"	"1991"	2205	24	34	-10	93	91	2	17
"K_4642 Lærdal"	"1992"	2222	33	23	10	99	104	-5	10
"K_4642 Lærdal"	"1993"	2232	31	29	2	73	57	16	19
"K_4642 Lærdal"	"1994"	2251	35	28	7	88	95	-7	0
"K_4642 Lærdal"	"1995"	2251	35	35	0	85	73	12	10
"K_4642 Lærdal"	"1996"	2261	28	35	-7	67	71	-4	-11
"K_4642 Lærdal"	"1997"	2250	32	32	0	81	107	-26	-26
"K_4642 Lærdal"	"1998"	2224	39	30	9	75	92	-17	-6
"K_4642 Lærdal"	"1999"	2218	25	37	-12	71	75	-4	-16
"K_4642 Lærdal"	"2000"	2202	21	25	-4	96	97	-1	-1
"K_4642 Lærdal"	"2001"	2201	25	29	-4	79	101	-22	-23
"K_4642 Lærdal"	"2002"	2178	26	27	-1	79	77	2	2
"K_4642 Lærdal"	"2003"	2180	23	27	-4	60	68	-8	-11
"K_4642 Lærdal"	"2004"	2169	22	22	0	53	63	-10	-11
"K_4642 Lærdal"	"2005"	2158	19	24	-5	45	43	2	-3
"K_4642 Lærdal"	"2006"	2155	19	22	-3	64	63	1	-2
"K_4642 Lærdal"	"2007"	2153	29	19	10	88	82	6	16
"K_4642 Lærdal"	"2008"	2169	31	21	10	93	73	20	30
"K_4642 Lærdal"	"2009"	2199	18	19	-1	83	82	1	0
"K_4642 Lærdal"	"2010"	2199	24	21	3	97	75	22	25
"K_4642 Lærdal"	"2011"	2224	19	23	-4	88	103	-15	-19
"K_4642 Lærdal"	"2012"	2205	18	26	-8	66	87	-21	-29
"K_4642 Lærdal"	"2013"	2176	14	23	-9	63	56	7	-2
"K_4642 Lærdal"	"2014"	2174	21	24	-3	76	101	-25	-28
"K_4642 Lærdal"	"2015"	2146	18	17	1	108	83	25	26
"K_4642 Lærdal"	"2016"	2172	14	25	-11	85	87	-2	-13
"K_4642 Lærdal"	"2017"	2159	14	19	-5	100	101	-1	-6
"K_4642 Lærdal"	"2018"	2153	18	27	-9	96	88	8	-2
"K_4642 Lærdal"	"2019"	2151	13	29	-16	85	94	-9	-25
"K_4642 Lærdal"	"2020"	2126	15	25	-10	92	79	13	3
"K_4642 Lærdal"	"2021"	2129	16	26	-10	76	78	-2	-12
"K_4642 Lærdal"	"2022"	2117	16	28	-12	118	94	24	12
"K_4642 Lærdal"	"2023"	2129	24	22	2	119	90	29	31
"K_4642 Lærdal"	"2024"	2160	..	..	..	..	..	..	..
"K_4643 Årdal"	"1951"	3775	125	21	104	708	149	559	663
"K_4643 Årdal"	"1952"	4438	131	20	111	372	144	228	339
"K_4643 Årdal"	"1953"	4777	133	17	116	296	247	49	165
"K_4643 Årdal"	"1954"	4942	158	31	127	278	299	-21	106
"K_4643 Årdal"	"1955"	5048	138	23	115	200	216	-16	-284
"K_4643 Årdal"	"1956"	4764	143	20	123	267	181	86	209
"K_4643 Årdal"	"1957"	4973	137	24	113	449	188	261	374
"K_4643 Årdal"	"1958"	5347	152	25	127	479	244	235	362
"K_4643 Årdal"	"1959"	5709	138	24	114	476	354	122	236
"K_4643 Årdal"	"1960"	5945	146	18	128	653	489	164	221
"K_4643 Årdal"	"1961"	6166	153	25	128	395	353	42	170
"K_4643 Årdal"	"1962"	6336	176	36	140	606	393	213	353
"K_4643 Årdal"	"1963"	6689	170	27	143	466	456	10	153
"K_4643 Årdal"	"1964"	6831	178	23	155	516	360	156	311
"K_4643 Årdal"	"1965"	7142	175	28	147	460	507	-47	100
"K_4643 Årdal"	"1966"	7242	186	27	159	425	486	-61	89
"K_4643 Årdal"	"1967"	7331	176	25	151	259	477	-218	-67
"K_4643 Årdal"	"1968"	7264	176	30	146	257	339	-82	61
"K_4643 Årdal"	"1969"	7325	157	38	119	343	344	-1	127
"K_4643 Årdal"	"1970"	7452	150	50	100	454	457	-3	95
"K_4643 Årdal"	"1971"	7547	145	29	116	287	397	-110	9
"K_4643 Årdal"	"1972"	7556	139	31	108	192	458	-266	-153
"K_4643 Årdal"	"1973"	7403	125	31	94	129	395	-266	-175
"K_4643 Årdal"	"1974"	7228	109	28	81	188	460	-272	-193
"K_4643 Årdal"	"1975"	7035	84	31	53	178	331	-153	-98
"K_4643 Årdal"	"1976"	6937	77	31	46	172	255	-83	-37
"K_4643 Årdal"	"1977"	6900	88	39	49	195	304	-109	-60
"K_4643 Årdal"	"1978"	6840	81	25	56	213	304	-91	-34
"K_4643 Årdal"	"1979"	6806	87	49	38	221	313	-92	-51
"K_4643 Årdal"	"1980"	6755	83	39	44	248	382	-134	-94
"K_4643 Årdal"	"1981"	6661	83	55	28	325	308	17	42
"K_4643 Årdal"	"1982"	6703	77	49	28	222	434	-212	-185
"K_4643 Årdal"	"1983"	6518	71	31	40	214	286	-72	-33
"K_4643 Årdal"	"1984"	6485	81	54	27	184	321	-137	-115
"K_4643 Årdal"	"1985"	6370	74	63	11	187	265	-78	-65
"K_4643 Årdal"	"1986"	6305	70	58	12	219	287	-68	-59
"K_4643 Årdal"	"1987"	6246	73	46	27	327	288	39	65
"K_4643 Årdal"	"1988"	6311	79	49	30	193	252	-59	-31
"K_4643 Årdal"	"1989"	6280	73	56	17	193	229	-36	-23
"K_4643 Årdal"	"1990"	6257	74	61	13	186	234	-48	-35
"K_4643 Årdal"	"1991"	6222	79	75	4	113	192	-79	-69
"K_4643 Årdal"	"1992"	6153	70	68	2	89	174	-85	-83
"K_4643 Årdal"	"1993"	6070	81	62	19	106	199	-93	-76
"K_4643 Årdal"	"1994"	5994	90	59	31	126	218	-92	-58
"K_4643 Årdal"	"1995"	5936	77	63	14	119	200	-81	-66
"K_4643 Årdal"	"1996"	5870	84	61	23	155	163	-8	14
"K_4643 Årdal"	"1997"	5884	75	64	11	115	197	-82	-69
"K_4643 Årdal"	"1998"	5815	73	51	22	121	155	-34	-13
"K_4643 Årdal"	"1999"	5802	70	48	22	108	135	-27	-5
"K_4643 Årdal"	"2000"	5797	65	49	16	135	188	-53	-37
"K_4643 Årdal"	"2001"	5760	66	62	4	109	165	-56	-51
"K_4643 Årdal"	"2002"	5709	45	57	-12	105	142	-37	-48
"K_4643 Årdal"	"2003"	5661	48	53	-5	128	152	-24	-30
"K_4643 Årdal"	"2004"	5631	46	51	-5	142	138	4	0
"K_4643 Årdal"	"2005"	5631	66	75	-9	112	185	-73	-82
"K_4643 Årdal"	"2006"	5549	49	52	-3	126	184	-58	-58
"K_4643 Årdal"	"2007"	5491	47	49	-2	221	147	74	71
"K_4643 Årdal"	"2008"	5562	49	47	2	173	137	36	38
"K_4643 Årdal"	"2009"	5600	41	49	-8	218	176	42	34
"K_4643 Årdal"	"2010"	5634	61	58	3	142	178	-36	-33
"K_4643 Årdal"	"2011"	5601	60	58	2	135	165	-30	-29
"K_4643 Årdal"	"2012"	5572	69	57	12	90	155	-65	-51
"K_4643 Årdal"	"2013"	5521	41	65	-24	177	180	-3	-25
"K_4643 Årdal"	"2014"	5496	59	70	-11	172	228	-56	-67
"K_4643 Årdal"	"2015"	5429	44	63	-19	241	292	-51	-70
"K_4643 Årdal"	"2016"	5359	46	61	-15	224	206	18	4
"K_4643 Årdal"	"2017"	5363	39	52	-13	136	209	-73	-86
"K_4643 Årdal"	"2018"	5277	46	59	-13	127	146	-19	-32
"K_4643 Årdal"	"2019"	5245	44	65	-21	124	153	-29	-52
"K_4643 Årdal"	"2020"	5193	36	55	-19	126	130	-4	-23
"K_4643 Årdal"	"2021"	5170	41	50	-9	176	134	42	34
"K_4643 Årdal"	"2022"	5204	30	65	-35	149	146	3	-32
"K_4643 Årdal"	"2023"	5172	38	74	-36	249	146	103	67
"K_4643 Årdal"	"2024"	5239	..	..	..	..	..	..	..
"K_4644 Luster"	"1951"	6541	103	69	34	104	370	-266	-232
"K_4644 Luster"	"1952"	6309	112	73	39	78	235	-157	-118
"K_4644 Luster"	"1953"	6191	98	80	18	126	296	-170	-152
"K_4644 Luster"	"1954"	6039	89	67	22	109	222	-113	-91
"K_4644 Luster"	"1955"	5948	112	77	35	152	262	-110	104
"K_4644 Luster"	"1956"	6052	82	65	17	255	242	13	30
"K_4644 Luster"	"1957"	6082	87	79	8	289	262	27	35
"K_4644 Luster"	"1958"	6117	104	47	57	329	320	9	66
"K_4644 Luster"	"1959"	6183	112	57	55	230	292	-62	-7
"K_4644 Luster"	"1960"	6176	100	85	15	320	435	-115	-57
"K_4644 Luster"	"1961"	6119	93	55	38	217	314	-97	-59
"K_4644 Luster"	"1962"	6060	84	63	21	208	435	-227	-206
"K_4644 Luster"	"1963"	5854	78	88	-10	149	280	-131	-141
"K_4644 Luster"	"1964"	5713	91	65	26	112	236	-124	-98
"K_4644 Luster"	"1965"	5615	91	62	29	121	257	-136	-107
"K_4644 Luster"	"1966"	5508	67	84	-17	113	241	-128	-169
"K_4644 Luster"	"1967"	5339	58	68	-10	139	209	-70	-80
"K_4644 Luster"	"1968"	5259	70	71	-1	140	189	-49	-56
"K_4644 Luster"	"1969"	5203	60	72	-12	126	196	-70	-77
"K_4644 Luster"	"1970"	5126	52	94	-42	354	287	67	14
"K_4644 Luster"	"1971"	5140	65	87	-22	144	151	-7	-33
"K_4644 Luster"	"1972"	5107	59	84	-25	118	170	-52	-76
"K_4644 Luster"	"1973"	5031	52	78	-26	114	152	-38	-54
"K_4644 Luster"	"1974"	4977	54	71	-17	209	155	54	29
"K_4644 Luster"	"1975"	5006	67	75	-8	236	147	89	78
"K_4644 Luster"	"1976"	5084	56	59	-3	204	153	51	48
"K_4644 Luster"	"1977"	5132	48	60	-12	165	187	-22	-34
"K_4644 Luster"	"1978"	5098	46	65	-19	143	138	5	-14
"K_4644 Luster"	"1979"	5084	45	70	-25	180	161	19	-6
"K_4644 Luster"	"1980"	5078	59	76	-17	166	125	41	24
"K_4644 Luster"	"1981"	5102	52	59	-7	153	147	6	-2
"K_4644 Luster"	"1982"	5100	53	71	-18	168	130	38	20
"K_4644 Luster"	"1983"	5120	60	78	-18	125	146	-21	-39
"K_4644 Luster"	"1984"	5081	55	90	-35	195	122	73	38
"K_4644 Luster"	"1985"	5119	53	81	-28	166	130	36	11
"K_4644 Luster"	"1986"	5130	63	91	-28	191	123	68	37
"K_4644 Luster"	"1987"	5167	70	90	-20	167	153	14	-8
"K_4644 Luster"	"1988"	5159	69	75	-6	169	140	29	26
"K_4644 Luster"	"1989"	5185	69	89	-20	146	141	5	-13
"K_4644 Luster"	"1990"	5172	64	85	-21	156	190	-34	-54
"K_4644 Luster"	"1991"	5118	84	85	-1	139	167	-28	-28
"K_4644 Luster"	"1992"	5090	62	74	-12	210	129	81	76
"K_4644 Luster"	"1993"	5166	72	74	-2	393	196	197	197
"K_4644 Luster"	"1994"	5363	81	73	8	118	399	-281	-276
"K_4644 Luster"	"1995"	5087	74	61	13	123	121	2	17
"K_4644 Luster"	"1996"	5104	85	82	3	131	122	9	11
"K_4644 Luster"	"1997"	5115	57	75	-18	121	123	-2	-20
"K_4644 Luster"	"1998"	5095	65	77	-12	115	163	-48	-60
"K_4644 Luster"	"1999"	5035	64	82	-18	105	119	-14	-32
"K_4644 Luster"	"2000"	5003	69	69	0	119	168	-49	-49
"K_4644 Luster"	"2001"	4954	52	67	-15	172	142	30	14
"K_4644 Luster"	"2002"	4968	51	69	-18	110	132	-22	-42
"K_4644 Luster"	"2003"	4926	65	65	0	122	120	2	0
"K_4644 Luster"	"2004"	4926	54	54	0	135	134	1	1
"K_4644 Luster"	"2005"	4927	59	55	4	107	149	-42	-38
"K_4644 Luster"	"2006"	4889	50	54	-4	147	148	-1	-5
"K_4644 Luster"	"2007"	4884	54	47	7	106	128	-22	-14
"K_4644 Luster"	"2008"	4870	66	46	20	106	117	-11	9
"K_4644 Luster"	"2009"	4879	47	59	-12	182	103	79	66
"K_4644 Luster"	"2010"	4945	46	42	4	184	117	67	78
"K_4644 Luster"	"2011"	5023	53	54	-1	134	129	5	3
"K_4644 Luster"	"2012"	5026	57	67	-10	232	205	27	15
"K_4644 Luster"	"2013"	5041	62	50	12	222	186	36	48
"K_4644 Luster"	"2014"	5089	70	41	29	197	197	0	29
"K_4644 Luster"	"2015"	5118	52	49	3	173	199	-26	-25
"K_4644 Luster"	"2016"	5093	43	44	-1	214	155	59	58
"K_4644 Luster"	"2017"	5151	71	48	23	198	150	48	72
"K_4644 Luster"	"2018"	5223	47	52	-5	167	190	-23	-28
"K_4644 Luster"	"2019"	5195	52	57	-5	149	165	-16	-21
"K_4644 Luster"	"2020"	5174	55	49	6	171	162	9	15
"K_4644 Luster"	"2021"	5189	53	42	11	229	187	42	57
"K_4644 Luster"	"2022"	5246	57	40	17	235	194	41	56
"K_4644 Luster"	"2023"	5302	52	48	4	254	191	63	69
"K_4644 Luster"	"2024"	5371	..	..	..	..	..	..	..
"K_4645 Askvoll"	"1951"	3293	79	45	34	88	141	-53	-19
"K_4645 Askvoll"	"1952"	3274	55	45	10	78	149	-71	-61
"K_4645 Askvoll"	"1953"	3213	71	19	52	65	157	-92	-40
"K_4645 Askvoll"	"1954"	3173	63	41	22	61	119	-58	-36
"K_4645 Askvoll"	"1955"	3137	48	31	17	70	97	-27	11
"K_4645 Askvoll"	"1956"	3148	70	35	35	104	131	-27	8
"K_4645 Askvoll"	"1957"	3156	50	35	15	66	120	-54	-39
"K_4645 Askvoll"	"1958"	3117	74	28	46	91	109	-18	28
"K_4645 Askvoll"	"1959"	3145	65	31	34	69	105	-36	-2
"K_4645 Askvoll"	"1960"	3143	56	28	28	90	157	-67	-33
"K_4645 Askvoll"	"1961"	3110	55	37	18	97	105	-8	10
"K_4645 Askvoll"	"1962"	3120	46	37	9	85	110	-25	-16
"K_4645 Askvoll"	"1963"	3104	46	39	7	81	106	-25	-18
"K_4645 Askvoll"	"1964"	3585	50	39	11	107	155	-48	-37
"K_4645 Askvoll"	"1965"	3548	54	36	18	129	142	-13	5
"K_4645 Askvoll"	"1966"	3553	61	41	20	133	188	-55	16
"K_4645 Askvoll"	"1967"	3569	70	43	27	125	141	-16	11
"K_4645 Askvoll"	"1968"	3580	59	39	20	102	143	-41	-20
"K_4645 Askvoll"	"1969"	3560	48	40	8	135	144	-9	-1
"K_4645 Askvoll"	"1970"	3559	63	31	32	144	240	-96	-67
"K_4645 Askvoll"	"1971"	3492	43	40	3	116	118	-2	0
"K_4645 Askvoll"	"1972"	3492	41	37	4	112	172	-60	-56
"K_4645 Askvoll"	"1973"	3436	55	39	16	69	129	-60	-44
"K_4645 Askvoll"	"1974"	3392	42	38	4	133	154	-21	-19
"K_4645 Askvoll"	"1975"	3373	40	35	5	91	159	-68	-63
"K_4645 Askvoll"	"1976"	3310	44	35	9	145	113	32	43
"K_4645 Askvoll"	"1977"	3353	30	33	-3	135	138	-3	-6
"K_4645 Askvoll"	"1978"	3347	42	40	2	106	122	-16	-14
"K_4645 Askvoll"	"1979"	3333	50	32	18	101	111	-10	8
"K_4645 Askvoll"	"1980"	3341	48	35	13	168	130	38	51
"K_4645 Askvoll"	"1981"	3392	55	35	20	100	104	-4	16
"K_4645 Askvoll"	"1982"	3408	38	44	-6	114	94	20	10
"K_4645 Askvoll"	"1983"	3418	35	34	1	87	79	8	9
"K_4645 Askvoll"	"1984"	3427	54	36	18	75	81	-6	12
"K_4645 Askvoll"	"1985"	3439	43	40	3	75	106	-31	-27
"K_4645 Askvoll"	"1986"	3412	33	34	-1	92	98	-6	-9
"K_4645 Askvoll"	"1987"	3403	46	36	10	66	114	-48	-40
"K_4645 Askvoll"	"1988"	3363	48	47	1	102	126	-24	-22
"K_4645 Askvoll"	"1989"	3341	30	34	-4	81	126	-45	198
"K_4645 Askvoll"	"1990"	3539	52	53	-1	109	115	-6	-6
"K_4645 Askvoll"	"1991"	3533	42	40	2	96	81	15	18
"K_4645 Askvoll"	"1992"	3551	35	44	-9	57	112	-55	-66
"K_4645 Askvoll"	"1993"	3485	58	45	13	73	91	-18	-4
"K_4645 Askvoll"	"1994"	3481	39	52	-13	89	87	2	-10
"K_4645 Askvoll"	"1995"	3471	37	39	-2	77	80	-3	-6
"K_4645 Askvoll"	"1996"	3465	49	44	5	83	111	-28	-23
"K_4645 Askvoll"	"1997"	3442	36	45	-9	76	85	-9	-18
"K_4645 Askvoll"	"1998"	3424	37	45	-8	91	114	-23	-31
"K_4645 Askvoll"	"1999"	3393	36	47	-11	80	113	-33	-44
"K_4645 Askvoll"	"2000"	3349	44	34	10	127	107	20	30
"K_4645 Askvoll"	"2001"	3379	44	38	6	91	131	-40	-35
"K_4645 Askvoll"	"2002"	3344	40	33	7	74	112	-38	-30
"K_4645 Askvoll"	"2003"	3314	30	43	-13	86	127	-41	-54
"K_4645 Askvoll"	"2004"	3260	28	47	-19	72	83	-11	-31
"K_4645 Askvoll"	"2005"	3229	26	40	-14	69	101	-32	-47
"K_4645 Askvoll"	"2006"	3182	24	41	-17	82	105	-23	-39
"K_4645 Askvoll"	"2007"	3143	26	51	-25	83	135	-52	-78
"K_4645 Askvoll"	"2008"	3065	23	29	-6	78	106	-28	-34
"K_4645 Askvoll"	"2009"	3031	33	37	-4	65	93	-28	-32
"K_4645 Askvoll"	"2010"	2999	17	35	-18	104	85	19	1
"K_4645 Askvoll"	"2011"	3000	28	27	1	110	100	10	10
"K_4645 Askvoll"	"2012"	3010	31	22	9	95	96	-1	8
"K_4645 Askvoll"	"2013"	3018	22	41	-19	122	110	12	-7
"K_4645 Askvoll"	"2014"	3011	27	39	-12	89	80	9	-3
"K_4645 Askvoll"	"2015"	3008	33	42	-9	112	88	24	15
"K_4645 Askvoll"	"2016"	3023	26	29	-3	149	104	45	42
"K_4645 Askvoll"	"2017"	3065	27	47	-20	105	96	9	-13
"K_4645 Askvoll"	"2018"	3052	28	53	-25	111	100	11	-14
"K_4645 Askvoll"	"2019"	3038	28	30	-2	94	119	-25	-27
"K_4645 Askvoll"	"2020"	3011	20	36	-16	99	104	-5	-20
"K_4645 Askvoll"	"2021"	2991	30	43	-13	105	132	-27	-40
"K_4645 Askvoll"	"2022"	2951	20	42	-22	131	114	17	-2
"K_4645 Askvoll"	"2023"	2949	19	38	-19	168	110	58	37
"K_4645 Askvoll"	"2024"	2986	..	..	..	..	..	..	..
"K_4646 Fjaler"	"1951"	3859	60	26	34	63	131	-68	-34
"K_4646 Fjaler"	"1952"	3825	82	33	49	104	131	-27	22
"K_4646 Fjaler"	"1953"	3847	90	33	57	83	115	-32	25
"K_4646 Fjaler"	"1954"	3872	69	41	28	96	128	-32	-4
"K_4646 Fjaler"	"1955"	3868	77	45	32	92	134	-42	35
"K_4646 Fjaler"	"1956"	3903	77	50	27	82	146	-64	-37
"K_4646 Fjaler"	"1957"	3866	62	39	23	100	135	-35	-12
"K_4646 Fjaler"	"1958"	3854	61	53	8	104	131	-27	-19
"K_4646 Fjaler"	"1959"	3835	65	34	31	102	107	-5	26
"K_4646 Fjaler"	"1960"	3861	61	37	24	112	156	-44	-27
"K_4646 Fjaler"	"1961"	3834	68	43	25	75	153	-78	-53
"K_4646 Fjaler"	"1962"	3781	65	28	37	147	119	28	65
"K_4646 Fjaler"	"1963"	3846	59	46	13	95	121	-26	-13
"K_4646 Fjaler"	"1964"	3833	56	58	-2	164	165	-1	-3
"K_4646 Fjaler"	"1965"	3830	71	44	27	94	195	-101	-74
"K_4646 Fjaler"	"1966"	3756	60	33	27	176	161	15	46
"K_4646 Fjaler"	"1967"	3802	51	42	9	164	190	-26	-17
"K_4646 Fjaler"	"1968"	3785	48	46	2	142	185	-43	-39
"K_4646 Fjaler"	"1969"	3746	48	44	4	115	187	-72	-72
"K_4646 Fjaler"	"1970"	3674	52	41	11	137	235	-98	-104
"K_4646 Fjaler"	"1971"	3570	52	30	22	128	167	-39	-15
"K_4646 Fjaler"	"1972"	3555	62	40	22	127	193	-66	-47
"K_4646 Fjaler"	"1973"	3508	41	48	-7	128	153	-25	-31
"K_4646 Fjaler"	"1974"	3477	41	43	-2	116	146	-30	-29
"K_4646 Fjaler"	"1975"	3448	43	39	4	121	147	-26	-27
"K_4646 Fjaler"	"1976"	3421	47	50	-3	98	127	-29	-32
"K_4646 Fjaler"	"1977"	3389	33	41	-8	138	120	18	10
"K_4646 Fjaler"	"1978"	3399	44	31	13	107	139	-32	-18
"K_4646 Fjaler"	"1979"	3381	26	45	-19	87	98	-11	-30
"K_4646 Fjaler"	"1980"	3351	41	32	9	145	102	43	55
"K_4646 Fjaler"	"1981"	3406	35	33	2	109	120	-11	-9
"K_4646 Fjaler"	"1982"	3397	40	44	-4	125	104	21	17
"K_4646 Fjaler"	"1983"	3414	27	45	-18	106	116	-10	-29
"K_4646 Fjaler"	"1984"	3385	43	38	5	99	81	18	23
"K_4646 Fjaler"	"1985"	3408	38	47	-9	88	96	-8	-18
"K_4646 Fjaler"	"1986"	3390	38	37	1	91	131	-40	-38
"K_4646 Fjaler"	"1987"	3352	42	26	16	161	159	2	16
"K_4646 Fjaler"	"1988"	3368	40	42	-2	125	169	-44	-47
"K_4646 Fjaler"	"1989"	3321	45	49	-4	72	119	-47	-394
"K_4646 Fjaler"	"1990"	2927	33	40	-7	64	89	-25	-32
"K_4646 Fjaler"	"1991"	2895	28	33	-5	71	72	-1	-8
"K_4646 Fjaler"	"1992"	2887	42	45	-3	63	65	-2	-4
"K_4646 Fjaler"	"1993"	2883	41	31	10	77	63	14	23
"K_4646 Fjaler"	"1994"	2906	33	38	-5	104	90	14	9
"K_4646 Fjaler"	"1995"	2915	23	47	-24	207	92	115	91
"K_4646 Fjaler"	"1996"	3006	34	58	-24	156	92	64	41
"K_4646 Fjaler"	"1997"	3047	27	43	-16	164	162	2	-15
"K_4646 Fjaler"	"1998"	3032	22	40	-18	165	186	-21	-39
"K_4646 Fjaler"	"1999"	2993	26	39	-13	164	180	-16	-29
"K_4646 Fjaler"	"2000"	2964	22	50	-28	171	171	0	-28
"K_4646 Fjaler"	"2001"	2936	29	33	-4	186	184	2	-1
"K_4646 Fjaler"	"2002"	2935	27	39	-12	137	134	3	-8
"K_4646 Fjaler"	"2003"	2927	33	37	-4	156	169	-13	-17
"K_4646 Fjaler"	"2004"	2910	28	32	-4	167	156	11	6
"K_4646 Fjaler"	"2005"	2916	31	31	0	149	184	-35	-35
"K_4646 Fjaler"	"2006"	2881	27	30	-3	177	186	-9	-11
"K_4646 Fjaler"	"2007"	2870	15	35	-20	176	177	-1	-21
"K_4646 Fjaler"	"2008"	2849	25	34	-9	131	133	-2	-11
"K_4646 Fjaler"	"2009"	2838	20	32	-12	172	152	20	8
"K_4646 Fjaler"	"2010"	2846	37	25	12	163	112	51	63
"K_4646 Fjaler"	"2011"	2909	29	33	-4	200	273	-73	-77
"K_4646 Fjaler"	"2012"	2832	36	34	2	204	167	37	39
"K_4646 Fjaler"	"2013"	2871	26	34	-8	181	191	-10	-18
"K_4646 Fjaler"	"2014"	2853	13	40	-27	181	184	-3	-30
"K_4646 Fjaler"	"2015"	2823	22	28	-6	179	166	13	7
"K_4646 Fjaler"	"2016"	2830	23	42	-19	217	167	50	32
"K_4646 Fjaler"	"2017"	2862	30	32	-2	170	184	-14	-16
"K_4646 Fjaler"	"2018"	2846	20	42	-22	138	192	-54	-76
"K_4646 Fjaler"	"2019"	2770	23	19	4	182	154	28	32
"K_4646 Fjaler"	"2020"	2802	21	20	1	181	99	82	83
"K_4646 Fjaler"	"2021"	2885	28	35	-7	193	171	22	16
"K_4646 Fjaler"	"2022"	2901	27	30	-3	192	177	15	12
"K_4646 Fjaler"	"2023"	2913	20	26	-6	170	208	-38	-44
"K_4646 Fjaler"	"2024"	2869	..	..	..	..	..	..	..
"K_4647 Sunnfjord"	"1951"	11095	195	103	92	346	464	-118	-26
"K_4647 Sunnfjord"	"1952"	11069	173	108	65	245	415	-170	-105
"K_4647 Sunnfjord"	"1953"	10964	223	100	123	236	425	-189	-66
"K_4647 Sunnfjord"	"1954"	10898	194	110	84	240	311	-71	13
"K_4647 Sunnfjord"	"1955"	10911	179	121	58	271	450	-179	-47
"K_4647 Sunnfjord"	"1956"	10864	194	115	79	376	453	-77	2
"K_4647 Sunnfjord"	"1957"	10866	177	129	48	332	444	-112	-64
"K_4647 Sunnfjord"	"1958"	10802	202	115	87	344	354	-10	77
"K_4647 Sunnfjord"	"1959"	10879	175	112	63	294	408	-114	-51
"K_4647 Sunnfjord"	"1960"	10828	184	123	61	545	591	-46	22
"K_4647 Sunnfjord"	"1961"	10850	195	101	94	334	350	-16	78
"K_4647 Sunnfjord"	"1962"	10928	186	121	65	389	421	-32	33
"K_4647 Sunnfjord"	"1963"	10961	166	125	41	386	400	-14	27
"K_4647 Sunnfjord"	"1964"	11465	197	163	34	476	439	37	71
"K_4647 Sunnfjord"	"1965"	11536	179	152	27	440	491	-51	-24
"K_4647 Sunnfjord"	"1966"	11512	190	134	56	477	481	-4	-13
"K_4647 Sunnfjord"	"1967"	11499	190	112	78	589	489	100	178
"K_4647 Sunnfjord"	"1968"	11677	180	144	36	550	528	22	60
"K_4647 Sunnfjord"	"1969"	11737	213	148	65	649	540	109	174
"K_4647 Sunnfjord"	"1970"	11911	206	134	72	743	771	-28	34
"K_4647 Sunnfjord"	"1971"	11945	205	125	80	739	447	292	372
"K_4647 Sunnfjord"	"1972"	12317	218	133	85	808	524	284	371
"K_4647 Sunnfjord"	"1973"	12688	222	120	102	920	640	280	382
"K_4647 Sunnfjord"	"1974"	13070	215	125	90	880	571	309	399
"K_4647 Sunnfjord"	"1975"	13469	211	124	87	1051	620	431	513
"K_4647 Sunnfjord"	"1976"	13982	215	128	87	898	651	247	333
"K_4647 Sunnfjord"	"1977"	14315	226	130	96	1002	825	177	275
"K_4647 Sunnfjord"	"1978"	14590	244	131	113	1121	784	337	453
"K_4647 Sunnfjord"	"1979"	15043	248	144	104	1289	864	425	528
"K_4647 Sunnfjord"	"1980"	15571	259	120	139	1240	991	249	387
"K_4647 Sunnfjord"	"1981"	15958	312	128	184	1033	951	82	264
"K_4647 Sunnfjord"	"1982"	16222	289	135	154	892	862	30	184
"K_4647 Sunnfjord"	"1983"	16406	249	138	111	744	864	-120	-12
"K_4647 Sunnfjord"	"1984"	16394	251	134	117	787	828	-41	79
"K_4647 Sunnfjord"	"1985"	16473	262	155	107	806	800	6	115
"K_4647 Sunnfjord"	"1986"	16588	255	137	118	733	842	-109	12
"K_4647 Sunnfjord"	"1987"	16600	275	143	132	797	792	5	130
"K_4647 Sunnfjord"	"1988"	16730	274	125	149	880	863	17	156
"K_4647 Sunnfjord"	"1989"	16886	281	153	128	792	721	71	303
"K_4647 Sunnfjord"	"1990"	17189	282	164	118	896	838	58	174
"K_4647 Sunnfjord"	"1991"	17363	321	140	181	847	753	94	277
"K_4647 Sunnfjord"	"1992"	17640	296	155	141	853	766	87	228
"K_4647 Sunnfjord"	"1993"	17868	284	161	123	703	711	-8	110
"K_4647 Sunnfjord"	"1994"	17978	287	177	110	826	805	21	136
"K_4647 Sunnfjord"	"1995"	18114	279	179	100	900	825	75	177
"K_4647 Sunnfjord"	"1996"	18291	294	162	132	901	842	59	190
"K_4647 Sunnfjord"	"1997"	18481	309	150	159	934	906	28	187
"K_4647 Sunnfjord"	"1998"	18668	305	159	146	1070	977	93	241
"K_4647 Sunnfjord"	"1999"	18909	288	158	130	986	971	15	143
"K_4647 Sunnfjord"	"2000"	19052	318	189	129	980	963	17	148
"K_4647 Sunnfjord"	"2001"	19200	272	127	145	907	941	-34	118
"K_4647 Sunnfjord"	"2002"	19318	273	152	121	919	945	-26	90
"K_4647 Sunnfjord"	"2003"	19408	271	138	133	932	982	-50	82
"K_4647 Sunnfjord"	"2004"	19490	275	137	138	821	946	-125	10
"K_4647 Sunnfjord"	"2005"	19500	287	134	153	967	904	63	215
"K_4647 Sunnfjord"	"2006"	19715	267	140	127	905	981	-76	55
"K_4647 Sunnfjord"	"2007"	19770	294	146	148	1000	926	74	225
"K_4647 Sunnfjord"	"2008"	19995	272	163	109	956	858	98	205
"K_4647 Sunnfjord"	"2009"	20200	310	135	175	1018	927	91	269
"K_4647 Sunnfjord"	"2010"	20469	300	121	179	1100	1033	67	244
"K_4647 Sunnfjord"	"2011"	20713	296	135	161	1143	1097	46	204
"K_4647 Sunnfjord"	"2012"	20917	271	134	137	1307	1088	219	356
"K_4647 Sunnfjord"	"2013"	21273	277	134	143	1213	1174	39	186
"K_4647 Sunnfjord"	"2014"	21459	272	142	130	1039	1068	-29	105
"K_4647 Sunnfjord"	"2015"	21564	261	167	94	1233	1190	43	138
"K_4647 Sunnfjord"	"2016"	21702	242	150	92	1273	1197	76	170
"K_4647 Sunnfjord"	"2017"	21872	257	133	124	1220	1251	-31	91
"K_4647 Sunnfjord"	"2018"	21963	248	142	106	966	1075	-109	-4
"K_4647 Sunnfjord"	"2019"	21959	252	146	106	964	998	-34	71
"K_4647 Sunnfjord"	"2020"	22030	217	146	71	703	784	-81	-10
"K_4647 Sunnfjord"	"2021"	22020	251	137	114	856	872	-16	96
"K_4647 Sunnfjord"	"2022"	22116	224	161	63	862	823	39	99
"K_4647 Sunnfjord"	"2023"	22215	218	167	51	1000	821	179	235
"K_4647 Sunnfjord"	"2024"	22450	..	..	..	..	..	..	..
"K_4648 Bremanger"	"1951"	3239	97	30	67	81	102	-21	46
"K_4648 Bremanger"	"1952"	3285	80	31	49	79	72	7	56
"K_4648 Bremanger"	"1953"	3341	65	25	40	76	117	-41	-1
"K_4648 Bremanger"	"1954"	3340	80	19	61	65	82	-17	44
"K_4648 Bremanger"	"1955"	3384	79	38	41	91	91	0	44
"K_4648 Bremanger"	"1956"	3428	84	31	53	143	80	63	116
"K_4648 Bremanger"	"1957"	3544	70	25	45	142	117	25	70
"K_4648 Bremanger"	"1958"	3614	86	32	54	112	92	20	74
"K_4648 Bremanger"	"1959"	3688	103	29	74	161	135	26	100
"K_4648 Bremanger"	"1960"	3788	103	29	74	187	177	10	89
"K_4648 Bremanger"	"1961"	3877	76	27	49	165	133	32	81
"K_4648 Bremanger"	"1962"	3958	80	38	42	149	124	25	67
"K_4648 Bremanger"	"1963"	4025	99	31	68	134	176	-42	26
"K_4648 Bremanger"	"1964"	4042	80	42	38	86	133	-47	-9
"K_4648 Bremanger"	"1965"	5600	105	44	61	184	215	-31	30
"K_4648 Bremanger"	"1966"	5630	98	55	43	199	268	-69	-24
"K_4648 Bremanger"	"1967"	5606	111	52	59	247	236	11	70
"K_4648 Bremanger"	"1968"	5676	90	68	22	228	250	-22	-2
"K_4648 Bremanger"	"1969"	5674	91	47	44	227	243	-16	29
"K_4648 Bremanger"	"1970"	5703	92	59	33	240	361	-121	-99
"K_4648 Bremanger"	"1971"	5604	88	53	35	284	282	2	34
"K_4648 Bremanger"	"1972"	5638	106	69	37	343	355	-12	31
"K_4648 Bremanger"	"1973"	5669	83	63	20	254	409	-155	-135
"K_4648 Bremanger"	"1974"	5534	84	38	46	284	354	-70	-28
"K_4648 Bremanger"	"1975"	5506	67	48	19	244	249	-5	14
"K_4648 Bremanger"	"1976"	5520	73	50	23	191	259	-68	-45
"K_4648 Bremanger"	"1977"	5475	75	50	25	134	228	-94	-69
"K_4648 Bremanger"	"1978"	5406	59	45	14	149	247	-98	-84
"K_4648 Bremanger"	"1979"	5322	69	55	14	168	216	-48	-35
"K_4648 Bremanger"	"1980"	5287	63	53	10	166	221	-55	-45
"K_4648 Bremanger"	"1981"	5242	58	49	9	142	255	-113	-104
"K_4648 Bremanger"	"1982"	5138	55	40	15	140	216	-76	-61
"K_4648 Bremanger"	"1983"	5077	42	70	-28	95	156	-61	-90
"K_4648 Bremanger"	"1984"	4987	46	73	-27	113	194	-81	-108
"K_4648 Bremanger"	"1985"	4879	44	55	-11	137	202	-65	-77
"K_4648 Bremanger"	"1986"	4802	51	53	-2	118	173	-55	-58
"K_4648 Bremanger"	"1987"	4744	60	62	-2	129	196	-67	-70
"K_4648 Bremanger"	"1988"	4674	46	54	-8	116	182	-66	-69
"K_4648 Bremanger"	"1989"	4605	50	48	2	110	149	-39	-37
"K_4648 Bremanger"	"1990"	4568	51	69	-18	122	132	-10	-27
"K_4648 Bremanger"	"1991"	4541	46	65	-19	88	170	-82	-101
"K_4648 Bremanger"	"1992"	4440	43	61	-18	105	124	-19	-38
"K_4648 Bremanger"	"1993"	4402	44	51	-7	111	134	-23	-30
"K_4648 Bremanger"	"1994"	4372	53	62	-9	122	159	-37	-46
"K_4648 Bremanger"	"1995"	4326	63	52	11	115	188	-73	-62
"K_4648 Bremanger"	"1996"	4264	45	55	-10	135	142	-7	-18
"K_4648 Bremanger"	"1997"	4246	54	57	-3	126	177	-51	-54
"K_4648 Bremanger"	"1998"	4192	55	65	-10	165	176	-11	-19
"K_4648 Bremanger"	"1999"	4173	47	51	-4	127	126	1	-3
"K_4648 Bremanger"	"2000"	4170	47	59	-12	135	154	-19	-31
"K_4648 Bremanger"	"2001"	4139	46	45	1	103	150	-47	-46
"K_4648 Bremanger"	"2002"	4093	43	54	-11	127	132	-5	-16
"K_4648 Bremanger"	"2003"	4077	47	51	-4	127	140	-13	-12
"K_4648 Bremanger"	"2004"	4065	53	48	5	109	144	-35	-34
"K_4648 Bremanger"	"2005"	4031	37	47	-10	96	149	-53	-63
"K_4648 Bremanger"	"2006"	3968	38	35	3	103	143	-40	-38
"K_4648 Bremanger"	"2007"	3930	43	45	-2	118	151	-33	-36
"K_4648 Bremanger"	"2008"	3894	33	52	-19	156	132	24	5
"K_4648 Bremanger"	"2009"	3899	31	45	-14	153	130	23	9
"K_4648 Bremanger"	"2010"	3908	47	42	5	181	184	-3	2
"K_4648 Bremanger"	"2011"	3910	33	46	-13	149	155	-6	-19
"K_4648 Bremanger"	"2012"	3891	33	43	-10	236	172	64	54
"K_4648 Bremanger"	"2013"	3945	39	55	-16	202	182	20	5
"K_4648 Bremanger"	"2014"	3950	31	52	-21	157	200	-43	-60
"K_4648 Bremanger"	"2015"	3890	25	47	-22	121	144	-23	-44
"K_4648 Bremanger"	"2016"	3846	29	40	-11	126	116	10	1
"K_4648 Bremanger"	"2017"	3847	20	52	-32	112	162	-50	-80
"K_4648 Bremanger"	"2018"	3767	31	46	-15	106	153	-47	-62
"K_4648 Bremanger"	"2019"	3705	30	45	-15	80	143	-63	-76
"K_4648 Bremanger"	"2020"	3629	32	39	-7	104	128	-24	-32
"K_4648 Bremanger"	"2021"	3597	26	55	-29	104	152	-48	-76
"K_4648 Bremanger"	"2022"	3521	19	58	-39	111	110	1	-39
"K_4648 Bremanger"	"2023"	3482	18	48	-30	114	174	-60	-90
"K_4648 Bremanger"	"2024"	3392	..	..	..	..	..	..	..
"K_4649 Stad"	"1951"	7094	132	64	68	233	280	-47	21
"K_4649 Stad"	"1952"	7115	139	64	75	163	162	1	76
"K_4649 Stad"	"1953"	7191	129	69	60	203	261	-58	2
"K_4649 Stad"	"1954"	7193	168	60	108	165	180	-15	93
"K_4649 Stad"	"1955"	7286	122	80	42	237	292	-55	-84
"K_4649 Stad"	"1956"	7202	122	63	59	229	332	-103	-44
"K_4649 Stad"	"1957"	7158	127	71	56	279	332	-53	3
"K_4649 Stad"	"1958"	7161	135	83	52	208	304	-96	-44
"K_4649 Stad"	"1959"	7117	137	64	73	269	271	-2	71
"K_4649 Stad"	"1960"	7188	131	93	38	283	340	-57	-51
"K_4649 Stad"	"1961"	7137	114	52	62	253	295	-42	20
"K_4649 Stad"	"1962"	7157	149	59	90	285	277	8	98
"K_4649 Stad"	"1963"	7255	140	81	59	301	332	-31	28
"K_4649 Stad"	"1964"	6939	146	72	74	272	297	-25	49
"K_4649 Stad"	"1965"	7952	137	83	54	241	343	-102	-48
"K_4649 Stad"	"1966"	7904	149	92	57	335	419	-84	-36
"K_4649 Stad"	"1967"	7868	134	69	65	323	371	-48	17
"K_4649 Stad"	"1968"	7885	129	92	37	304	333	-29	14
"K_4649 Stad"	"1969"	7899	153	91	62	287	328	-41	25
"K_4649 Stad"	"1970"	7924	141	101	40	316	425	-109	-41
"K_4649 Stad"	"1971"	7883	136	91	45	341	342	-1	47
"K_4649 Stad"	"1972"	7930	124	80	44	290	325	-35	5
"K_4649 Stad"	"1973"	7935	141	92	49	360	271	89	139
"K_4649 Stad"	"1974"	8074	138	88	50	391	342	49	94
"K_4649 Stad"	"1975"	8168	127	95	32	364	351	13	40
"K_4649 Stad"	"1976"	8208	115	84	31	365	349	16	47
"K_4649 Stad"	"1977"	8255	135	98	37	373	325	48	85
"K_4649 Stad"	"1978"	8340	117	82	35	391	351	40	75
"K_4649 Stad"	"1979"	8415	118	86	32	342	324	18	51
"K_4649 Stad"	"1980"	8466	110	95	15	376	369	7	23
"K_4649 Stad"	"1981"	8489	136	75	61	312	312	0	60
"K_4649 Stad"	"1982"	8549	133	81	52	308	318	-10	44
"K_4649 Stad"	"1983"	8593	141	68	73	351	327	24	94
"K_4649 Stad"	"1984"	8687	129	97	32	250	238	12	47
"K_4649 Stad"	"1985"	8734	133	104	29	249	312	-63	-35
"K_4649 Stad"	"1986"	8699	111	80	31	263	264	-1	29
"K_4649 Stad"	"1987"	8728	114	103	11	282	297	-15	-2
"K_4649 Stad"	"1988"	8726	120	95	25	314	308	6	30
"K_4649 Stad"	"1989"	8756	115	109	6	357	303	54	66
"K_4649 Stad"	"1990"	8822	122	91	31	259	367	-108	-75
"K_4649 Stad"	"1991"	8747	140	103	37	355	339	16	211
"K_4649 Stad"	"1992"	8958	145	94	51	335	331	4	51
"K_4649 Stad"	"1993"	9009	110	111	-1	292	312	-20	-18
"K_4649 Stad"	"1994"	8991	141	89	52	255	315	-60	-11
"K_4649 Stad"	"1995"	8980	124	106	18	345	350	-5	16
"K_4649 Stad"	"1996"	8996	146	79	67	267	339	-72	-1
"K_4649 Stad"	"1997"	8995	133	90	43	236	301	-65	-22
"K_4649 Stad"	"1998"	8973	130	93	37	201	299	-98	-59
"K_4649 Stad"	"1999"	8914	124	108	16	239	323	-84	-68
"K_4649 Stad"	"2000"	8846	118	69	49	286	317	-31	18
"K_4649 Stad"	"2001"	8864	102	89	13	238	323	-85	-69
"K_4649 Stad"	"2002"	8795	83	84	-1	287	272	15	13
"K_4649 Stad"	"2003"	8808	112	91	21	285	282	3	21
"K_4649 Stad"	"2004"	8829	110	75	35	228	322	-94	-64
"K_4649 Stad"	"2005"	8765	82	69	13	269	285	-16	-6
"K_4649 Stad"	"2006"	8759	101	73	28	269	300	-31	0
"K_4649 Stad"	"2007"	8759	85	81	4	279	316	-37	-33
"K_4649 Stad"	"2008"	8726	91	71	20	298	310	-12	9
"K_4649 Stad"	"2009"	8735	93	99	-6	286	344	-58	-65
"K_4649 Stad"	"2010"	8670	81	71	10	339	303	36	45
"K_4649 Stad"	"2011"	8715	106	103	3	385	322	63	66
"K_4649 Stad"	"2012"	8781	77	79	-2	317	386	-69	-72
"K_4649 Stad"	"2013"	8709	87	67	20	301	322	-21	-1
"K_4649 Stad"	"2014"	8708	82	66	16	302	287	15	31
"K_4649 Stad"	"2015"	8739	85	64	21	331	303	28	50
"K_4649 Stad"	"2016"	8789	89	87	2	362	298	64	66
"K_4649 Stad"	"2017"	8855	81	68	13	382	336	46	59
"K_4649 Stad"	"2018"	8914	82	83	-1	324	339	-15	-16
"K_4649 Stad"	"2019"	8898	74	72	2	317	293	24	26
"K_4649 Stad"	"2020"	9457	102	76	26	359	326	33	60
"K_4649 Stad"	"2021"	9517	102	108	-6	386	369	17	10
"K_4649 Stad"	"2022"	9527	85	108	-23	429	388	41	16
"K_4649 Stad"	"2023"	9543	84	83	1	396	328	68	67
"K_4649 Stad"	"2024"	9610	..	..	..	..	..	..	..
"K_4650 Gloppen"	"1951"	5557	96	62	34	173	225	-52	-18
"K_4650 Gloppen"	"1952"	5539	112	45	67	98	165	-67	0
"K_4650 Gloppen"	"1953"	5539	90	43	47	131	157	-26	21
"K_4650 Gloppen"	"1954"	5560	117	63	54	78	139	-61	-7
"K_4650 Gloppen"	"1955"	5553	95	45	50	120	162	-42	22
"K_4650 Gloppen"	"1956"	5575	97	47	50	124	193	-69	-19
"K_4650 Gloppen"	"1957"	5556	99	46	53	134	182	-48	5
"K_4650 Gloppen"	"1958"	5561	100	57	43	119	128	-9	34
"K_4650 Gloppen"	"1959"	5595	98	64	34	131	173	-42	-8
"K_4650 Gloppen"	"1960"	5587	80	57	23	215	218	-3	96
"K_4650 Gloppen"	"1961"	5683	103	49	54	118	141	-23	31
"K_4650 Gloppen"	"1962"	5714	81	58	23	168	176	-8	15
"K_4650 Gloppen"	"1963"	5729	100	58	42	117	148	-31	11
"K_4650 Gloppen"	"1964"	5702	98	70	28	171	168	3	31
"K_4650 Gloppen"	"1965"	5691	95	56	39	166	157	9	48
"K_4650 Gloppen"	"1966"	5739	85	66	19	192	157	35	42
"K_4650 Gloppen"	"1967"	5781	103	56	47	213	216	-3	44
"K_4650 Gloppen"	"1968"	5825	88	56	32	196	213	-17	14
"K_4650 Gloppen"	"1969"	5839	97	58	39	194	223	-29	8
"K_4650 Gloppen"	"1970"	5847	94	70	24	268	286	-18	-5
"K_4650 Gloppen"	"1971"	5842	91	66	25	197	199	-2	25
"K_4650 Gloppen"	"1972"	5867	91	79	12	223	209	14	33
"K_4650 Gloppen"	"1973"	5900	81	53	28	265	209	56	80
"K_4650 Gloppen"	"1974"	5980	90	63	27	200	202	-2	29
"K_4650 Gloppen"	"1975"	6009	61	79	-18	246	209	37	16
"K_4650 Gloppen"	"1976"	6025	82	62	20	210	172	38	57
"K_4650 Gloppen"	"1977"	6082	83	72	11	251	248	3	12
"K_4650 Gloppen"	"1978"	6094	65	74	-9	199	191	8	-1
"K_4650 Gloppen"	"1979"	6093	77	69	8	284	197	87	100
"K_4650 Gloppen"	"1980"	6193	100	52	48	239	210	29	77
"K_4650 Gloppen"	"1981"	6270	82	64	18	239	233	6	24
"K_4650 Gloppen"	"1982"	6294	89	73	16	211	214	-3	11
"K_4650 Gloppen"	"1983"	6305	65	58	7	191	186	5	14
"K_4650 Gloppen"	"1984"	6319	78	81	-3	169	176	-7	-11
"K_4650 Gloppen"	"1985"	6308	84	77	7	171	189	-18	-10
"K_4650 Gloppen"	"1986"	6298	63	68	-5	143	160	-17	-25
"K_4650 Gloppen"	"1987"	6273	79	81	-2	328	233	95	95
"K_4650 Gloppen"	"1988"	6368	88	101	-13	260	285	-25	-36
"K_4650 Gloppen"	"1989"	6332	79	70	9	172	215	-43	-33
"K_4650 Gloppen"	"1990"	6299	73	68	5	134	206	-72	-66
"K_4650 Gloppen"	"1991"	6233	84	69	15	158	226	-68	-212
"K_4650 Gloppen"	"1992"	6021	75	69	6	131	158	-27	-19
"K_4650 Gloppen"	"1993"	6002	81	80	1	140	177	-37	-35
"K_4650 Gloppen"	"1994"	5967	74	63	11	132	172	-40	-29
"K_4650 Gloppen"	"1995"	5938	64	73	-9	158	184	-26	-32
"K_4650 Gloppen"	"1996"	5906	90	76	14	157	183	-26	-13
"K_4650 Gloppen"	"1997"	5893	64	81	-17	146	196	-50	-67
"K_4650 Gloppen"	"1998"	5826	53	68	-15	146	184	-38	-52
"K_4650 Gloppen"	"1999"	5774	70	63	7	129	141	-12	-5
"K_4650 Gloppen"	"2000"	5769	61	66	-5	119	189	-70	-75
"K_4650 Gloppen"	"2001"	5694	66	55	11	170	159	11	22
"K_4650 Gloppen"	"2002"	5716	52	45	7	200	181	19	23
"K_4650 Gloppen"	"2003"	5739	67	53	14	181	192	-11	2
"K_4650 Gloppen"	"2004"	5741	86	66	20	179	146	33	52
"K_4650 Gloppen"	"2005"	5793	60	58	2	161	189	-28	-24
"K_4650 Gloppen"	"2006"	5769	58	52	6	169	227	-58	-46
"K_4650 Gloppen"	"2007"	5723	60	54	6	174	216	-42	-36
"K_4650 Gloppen"	"2008"	5687	64	55	9	136	158	-22	-14
"K_4650 Gloppen"	"2009"	5673	49	50	-1	181	157	24	23
"K_4650 Gloppen"	"2010"	5696	54	70	-16	187	166	21	9
"K_4650 Gloppen"	"2011"	5705	48	61	-13	152	165	-13	-26
"K_4650 Gloppen"	"2012"	5679	62	75	-13	171	161	10	-3
"K_4650 Gloppen"	"2013"	5676	43	65	-22	189	149	40	18
"K_4650 Gloppen"	"2014"	5694	61	50	11	214	169	45	57
"K_4650 Gloppen"	"2015"	5751	52	52	0	209	176	33	33
"K_4650 Gloppen"	"2016"	5784	44	65	-21	182	162	20	-1
"K_4650 Gloppen"	"2017"	5783	62	48	14	221	144	77	91
"K_4650 Gloppen"	"2018"	5874	54	67	-13	195	220	-25	-38
"K_4650 Gloppen"	"2019"	5836	56	55	1	194	181	13	18
"K_4650 Gloppen"	"2020"	5854	51	55	-4	236	199	37	31
"K_4650 Gloppen"	"2021"	5885	73	61	12	198	223	-25	-10
"K_4650 Gloppen"	"2022"	5875	64	63	1	242	225	17	17
"K_4650 Gloppen"	"2023"	5892	42	46	-4	247	209	38	34
"K_4650 Gloppen"	"2024"	5926	..	..	..	..	..	..	..
"K_4651 Stryn"	"1951"	0	0	0	0	0	0	0	0
"K_4651 Stryn"	"1952"	0	0	0	0	0	0	0	0
"K_4651 Stryn"	"1953"	0	0	0	0	0	0	0	0
"K_4651 Stryn"	"1954"	0	0	0	0	0	0	0	0
"K_4651 Stryn"	"1955"	0	0	0	0	0	0	0	0
"K_4651 Stryn"	"1956"	0	0	0	0	0	0	0	0
"K_4651 Stryn"	"1957"	0	0	0	0	0	0	0	0
"K_4651 Stryn"	"1958"	0	0	0	0	0	0	0	0
"K_4651 Stryn"	"1959"	0	0	0	0	0	0	0	0
"K_4651 Stryn"	"1960"	0	0	0	0	0	0	0	0
"K_4651 Stryn"	"1961"	0	0	0	0	0	0	0	0
"K_4651 Stryn"	"1962"	0	0	0	0	0	0	0	0
"K_4651 Stryn"	"1963"	0	0	0	0	0	0	0	0
"K_4651 Stryn"	"1964"	0	0	0	0	0	0	0	0
"K_4651 Stryn"	"1965"	0	0	0	0	0	0	0	0
"K_4651 Stryn"	"1966"	0	0	0	0	0	0	0	0
"K_4651 Stryn"	"1967"	0	0	0	0	0	0	0	0
"K_4651 Stryn"	"1968"	0	0	0	0	0	0	0	0
"K_4651 Stryn"	"1969"	0	0	0	0	0	0	0	0
"K_4651 Stryn"	"1970"	0	0	0	0	0	0	0	0
"K_4651 Stryn"	"1971"	0	0	0	0	0	0	0	0
"K_4651 Stryn"	"1972"	0	0	0	0	0	0	0	0
"K_4651 Stryn"	"1973"	0	0	0	0	0	0	0	0
"K_4651 Stryn"	"1974"	0	0	0	0	0	0	0	0
"K_4651 Stryn"	"1975"	0	0	0	0	0	0	0	0
"K_4651 Stryn"	"1976"	0	0	0	0	0	0	0	0
"K_4651 Stryn"	"1977"	6347	74	70	4	269	231	38	42
"K_4651 Stryn"	"1978"	6389	89	58	31	305	209	96	127
"K_4651 Stryn"	"1979"	6516	95	68	27	249	209	40	71
"K_4651 Stryn"	"1980"	6587	91	64	27	234	225	9	38
"K_4651 Stryn"	"1981"	6625	73	86	-13	214	227	-13	-26
"K_4651 Stryn"	"1982"	6599	90	76	14	187	204	-17	-3
"K_4651 Stryn"	"1983"	6596	77	73	4	165	171	-6	-3
"K_4651 Stryn"	"1984"	6593	101	55	46	189	167	22	68
"K_4651 Stryn"	"1985"	6661	79	78	1	205	233	-28	-32
"K_4651 Stryn"	"1986"	6629	87	66	21	197	231	-34	-17
"K_4651 Stryn"	"1987"	6612	98	69	29	193	216	-23	9
"K_4651 Stryn"	"1988"	6621	88	81	7	288	166	122	127
"K_4651 Stryn"	"1989"	6748	103	79	24	192	207	-15	6
"K_4651 Stryn"	"1990"	6754	94	76	18	180	193	-13	5
"K_4651 Stryn"	"1991"	6759	83	94	-11	158	220	-62	-72
"K_4651 Stryn"	"1992"	6687	104	89	15	163	205	-42	-31
"K_4651 Stryn"	"1993"	6656	95	76	19	155	167	-12	7
"K_4651 Stryn"	"1994"	6663	88	68	20	165	180	-15	3
"K_4651 Stryn"	"1995"	6666	76	84	-8	174	201	-27	-39
"K_4651 Stryn"	"1996"	6627	97	71	26	220	190	30	55
"K_4651 Stryn"	"1997"	6682	97	78	19	200	215	-15	3
"K_4651 Stryn"	"1998"	6685	90	78	12	220	201	19	25
"K_4651 Stryn"	"1999"	6710	81	63	18	183	245	-62	-44
"K_4651 Stryn"	"2000"	6666	85	70	15	341	247	94	108
"K_4651 Stryn"	"2001"	6774	96	76	20	220	278	-58	-40
"K_4651 Stryn"	"2002"	6734	85	60	25	277	267	10	34
"K_4651 Stryn"	"2003"	6768	95	66	29	344	284	60	87
"K_4651 Stryn"	"2004"	6855	79	68	11	222	247	-25	-12
"K_4651 Stryn"	"2005"	6843	86	55	31	205	300	-95	-64
"K_4651 Stryn"	"2006"	6779	86	70	16	174	261	-87	-73
"K_4651 Stryn"	"2007"	6706	89	74	15	289	239	50	63
"K_4651 Stryn"	"2008"	6769	74	56	18	298	242	56	75
"K_4651 Stryn"	"2009"	6844	98	66	32	326	233	93	123
"K_4651 Stryn"	"2010"	6967	76	51	25	288	262	26	51
"K_4651 Stryn"	"2011"	7018	82	68	14	326	291	35	47
"K_4651 Stryn"	"2012"	7065	79	60	19	276	254	22	40
"K_4651 Stryn"	"2013"	7105	78	60	18	289	279	10	29
"K_4651 Stryn"	"2014"	7134	68	58	10	280	270	10	21
"K_4651 Stryn"	"2015"	7155	83	67	16	272	275	-3	13
"K_4651 Stryn"	"2016"	7168	87	63	24	343	317	26	50
"K_4651 Stryn"	"2017"	7218	77	67	10	248	281	-33	-23
"K_4651 Stryn"	"2018"	7195	62	73	-11	262	292	-30	-51
"K_4651 Stryn"	"2019"	7167	60	60	0	233	269	-36	-37
"K_4651 Stryn"	"2020"	7130	68	55	13	268	296	-28	-12
"K_4651 Stryn"	"2021"	7118	64	49	15	340	267	73	89
"K_4651 Stryn"	"2022"	7207	54	60	-6	330	287	43	37
"K_4651 Stryn"	"2023"	7244	57	76	-19	352	306	46	27
"K_4651 Stryn"	"2024"	7271	..	..	..	..	..	..	..
"K_1505 Kristiansund"	"1951"	16346	352	170	182	756	601	155	337
"K_1505 Kristiansund"	"1952"	16683	383	153	230	809	605	204	434
"K_1505 Kristiansund"	"1953"	17117	373	188	185	780	596	184	369
"K_1505 Kristiansund"	"1954"	17486	370	152	218	632	569	63	281
"K_1505 Kristiansund"	"1955"	17767	353	149	204	732	738	-6	130
"K_1505 Kristiansund"	"1956"	17897	391	147	244	899	715	184	428
"K_1505 Kristiansund"	"1957"	18325	350	155	195	732	711	21	216
"K_1505 Kristiansund"	"1958"	18541	342	179	163	801	790	11	174
"K_1505 Kristiansund"	"1959"	18715	326	168	158	681	729	-48	110
"K_1505 Kristiansund"	"1960"	18825	316	173	143	911	972	-61	83
"K_1505 Kristiansund"	"1961"	18908	332	180	152	715	845	-130	22
"K_1505 Kristiansund"	"1962"	18930	309	188	121	772	905	-133	-12
"K_1505 Kristiansund"	"1963"	18918	301	184	117	844	972	-128	-11
"K_1505 Kristiansund"	"1964"	20711	364	232	132	787	993	-206	-74
"K_1505 Kristiansund"	"1965"	20637	361	209	152	921	941	-20	132
"K_1505 Kristiansund"	"1966"	20769	377	225	152	896	892	4	104
"K_1505 Kristiansund"	"1967"	20873	399	225	174	972	1011	-39	135
"K_1505 Kristiansund"	"1968"	21008	415	264	151	986	1046	-60	99
"K_1505 Kristiansund"	"1969"	21107	380	234	146	976	1007	-31	112
"K_1505 Kristiansund"	"1970"	21219	354	232	122	1071	1305	-234	-112
"K_1505 Kristiansund"	"1971"	21107	356	243	113	1057	977	80	183
"K_1505 Kristiansund"	"1972"	21290	370	241	129	1276	1074	202	339
"K_1505 Kristiansund"	"1973"	21629	354	206	148	1293	1104	189	337
"K_1505 Kristiansund"	"1974"	21966	369	216	153	1169	1107	62	214
"K_1505 Kristiansund"	"1975"	22180	309	222	87	1081	1177	-96	-13
"K_1505 Kristiansund"	"1976"	22167	280	178	102	1061	1127	-66	35
"K_1505 Kristiansund"	"1977"	22202	283	255	28	1254	1242	12	37
"K_1505 Kristiansund"	"1978"	22239	302	238	64	1134	1147	-13	52
"K_1505 Kristiansund"	"1979"	22291	290	246	44	1091	1108	-17	25
"K_1505 Kristiansund"	"1980"	22316	276	256	20	1118	1320	-202	-184
"K_1505 Kristiansund"	"1981"	22132	279	240	39	1009	1075	-66	-23
"K_1505 Kristiansund"	"1982"	22109	269	247	22	1014	1001	13	35
"K_1505 Kristiansund"	"1983"	22144	267	252	15	917	929	-12	-2
"K_1505 Kristiansund"	"1984"	22142	274	210	64	938	1001	-63	3
"K_1505 Kristiansund"	"1985"	22145	284	259	25	1044	1042	2	19
"K_1505 Kristiansund"	"1986"	22164	241	232	9	1228	1205	23	34
"K_1505 Kristiansund"	"1987"	22198	280	235	45	1203	1185	18	58
"K_1505 Kristiansund"	"1988"	22256	290	255	35	1075	1193	-118	-85
"K_1505 Kristiansund"	"1989"	22171	278	276	2	1012	1161	-149	-154
"K_1505 Kristiansund"	"1990"	22017	285	263	22	1010	984	26	56
"K_1505 Kristiansund"	"1991"	22073	270	263	7	1033	1063	-30	-29
"K_1505 Kristiansund"	"1992"	22044	294	264	30	1187	1099	88	119
"K_1505 Kristiansund"	"1993"	22163	274	258	16	1038	1160	-122	-108
"K_1505 Kristiansund"	"1994"	22055	270	219	51	1228	1236	-8	37
"K_1505 Kristiansund"	"1995"	22092	264	255	9	1114	1090	24	34
"K_1505 Kristiansund"	"1996"	22126	250	227	23	1164	1238	-74	-50
"K_1505 Kristiansund"	"1997"	22076	266	248	18	1238	1312	-74	-58
"K_1505 Kristiansund"	"1998"	22018	227	248	-21	1285	1206	79	56
"K_1505 Kristiansund"	"1999"	22074	271	257	14	1326	1288	38	50
"K_1505 Kristiansund"	"2000"	22124	278	210	68	1417	1289	128	195
"K_1505 Kristiansund"	"2001"	22319	247	268	-21	1259	1333	-74	-94
"K_1505 Kristiansund"	"2002"	22225	243	241	2	1247	1106	141	143
"K_1505 Kristiansund"	"2003"	22368	245	212	33	1164	1171	-7	11
"K_1505 Kristiansund"	"2004"	22379	230	210	20	1083	1157	-74	-52
"K_1505 Kristiansund"	"2005"	22327	249	209	40	1217	1133	84	120
"K_1505 Kristiansund"	"2006"	22447	217	199	18	1294	1238	56	75
"K_1505 Kristiansund"	"2007"	22522	260	238	22	1348	1232	116	138
"K_1505 Kristiansund"	"2008"	22661	251	222	29	975	732	243	276
"K_1505 Kristiansund"	"2009"	22937	282	248	34	1032	764	268	301
"K_1505 Kristiansund"	"2010"	23238	258	197	61	1103	830	273	332
"K_1505 Kristiansund"	"2011"	23570	251	198	53	1063	875	188	243
"K_1505 Kristiansund"	"2012"	23813	264	220	44	1220	946	274	318
"K_1505 Kristiansund"	"2013"	24131	245	250	-5	1225	958	267	264
"K_1505 Kristiansund"	"2014"	24395	239	229	10	1125	1020	105	112
"K_1505 Kristiansund"	"2015"	24507	246	212	34	974	987	-13	19
"K_1505 Kristiansund"	"2016"	24526	208	198	10	1031	1119	-88	-84
"K_1505 Kristiansund"	"2017"	24442	207	209	-2	941	1082	-141	-142
"K_1505 Kristiansund"	"2018"	24300	219	201	18	905	949	-44	-26
"K_1505 Kristiansund"	"2019"	24274	210	232	-22	802	877	-75	-94
"K_1505 Kristiansund"	"2020"	24179	186	209	-23	907	960	-53	-80
"K_1505 Kristiansund"	"2021"	24099	197	213	-16	1030	1107	-77	-86
"K_1505 Kristiansund"	"2022"	24013	200	241	-41	1150	963	187	146
"K_1505 Kristiansund"	"2023"	24159	182	223	-41	1213	929	284	245
"K_1505 Kristiansund"	"2024"	24404	..	..	..	..	..	..	..
"K_1506 Molde"	"1951"	7810	146	74	72	690	582	108	180
"K_1506 Molde"	"1952"	9903	224	85	139	859	662	197	336
"K_1506 Molde"	"1953"	10239	197	73	124	967	763	204	328
"K_1506 Molde"	"1954"	10567	219	69	150	903	747	156	306
"K_1506 Molde"	"1955"	10873	214	83	131	779	855	-76	110
"K_1506 Molde"	"1956"	10983	244	67	177	944	793	151	328
"K_1506 Molde"	"1957"	11311	204	80	124	982	881	101	225
"K_1506 Molde"	"1958"	11536	215	94	121	811	945	-134	-13
"K_1506 Molde"	"1959"	11523	210	94	116	804	796	8	124
"K_1506 Molde"	"1960"	11647	221	90	131	977	988	-11	105
"K_1506 Molde"	"1961"	11752	218	100	118	888	958	-70	48
"K_1506 Molde"	"1962"	11800	201	94	107	936	978	-42	65
"K_1506 Molde"	"1963"	11865	208	100	108	828	863	-35	73
"K_1506 Molde"	"1964"	20767	392	152	240	1230	1160	70	310
"K_1506 Molde"	"1965"	23323	429	183	246	1287	1335	-48	198
"K_1506 Molde"	"1966"	23521	428	174	254	1379	1391	-12	218
"K_1506 Molde"	"1967"	23739	418	211	207	1393	1460	-67	140
"K_1506 Molde"	"1968"	23879	456	208	248	1489	1373	116	369
"K_1506 Molde"	"1969"	24248	448	206	242	1543	1401	142	379
"K_1506 Molde"	"1970"	24627	437	198	239	1793	1637	156	378
"K_1506 Molde"	"1971"	25005	452	183	269	1637	1539	98	369
"K_1506 Molde"	"1972"	25374	427	190	237	1686	1625	61	303
"K_1506 Molde"	"1973"	25677	400	200	200	1608	1644	-36	160
"K_1506 Molde"	"1974"	25837	396	207	189	1587	1726	-139	46
"K_1506 Molde"	"1975"	25883	370	204	166	1499	1473	26	179
"K_1506 Molde"	"1976"	26062	340	211	129	1511	1399	112	239
"K_1506 Molde"	"1977"	26301	327	230	97	1438	1414	24	122
"K_1506 Molde"	"1978"	26423	384	194	190	1336	1416	-80	113
"K_1506 Molde"	"1979"	26536	367	219	148	1151	1247	-96	53
"K_1506 Molde"	"1980"	26589	340	254	86	1302	1399	-97	-12
"K_1506 Molde"	"1981"	26577	358	222	136	1132	1325	-193	-56
"K_1506 Molde"	"1982"	26521	348	226	122	1202	1218	-16	105
"K_1506 Molde"	"1983"	26626	326	221	105	1171	1199	-28	76
"K_1506 Molde"	"1984"	26702	338	235	103	1091	1047	44	150
"K_1506 Molde"	"1985"	26852	389	255	134	1129	1194	-65	76
"K_1506 Molde"	"1986"	26928	374	237	137	1166	1151	15	149
"K_1506 Molde"	"1987"	27077	392	268	124	1180	1141	39	163
"K_1506 Molde"	"1988"	27240	373	224	149	1202	1129	73	212
"K_1506 Molde"	"1989"	27452	401	236	165	1044	1101	-57	103
"K_1506 Molde"	"1990"	27555	388	245	143	1110	1151	-41	103
"K_1506 Molde"	"1991"	27658	375	264	111	1019	1041	-22	88
"K_1506 Molde"	"1992"	27746	384	274	110	1054	984	70	171
"K_1506 Molde"	"1993"	27917	380	252	128	1056	1057	-1	128
"K_1506 Molde"	"1994"	28045	396	299	97	1202	1128	74	169
"K_1506 Molde"	"1995"	28214	384	299	85	1210	986	224	307
"K_1506 Molde"	"1996"	28521	422	266	156	1181	1273	-92	65
"K_1506 Molde"	"1997"	28586	332	292	40	1255	1221	34	71
"K_1506 Molde"	"1998"	28657	383	286	97	1276	1160	116	215
"K_1506 Molde"	"1999"	28872	354	275	79	1183	1158	25	105
"K_1506 Molde"	"2000"	28977	355	244	111	1271	1350	-79	31
"K_1506 Molde"	"2001"	29008	364	269	95	1261	1281	-20	72
"K_1506 Molde"	"2002"	29080	294	286	8	1191	1127	64	78
"K_1506 Molde"	"2003"	29158	333	265	68	1118	1185	-67	9
"K_1506 Molde"	"2004"	29167	354	261	93	1136	1162	-26	77
"K_1506 Molde"	"2005"	29244	308	261	47	1129	1219	-90	-36
"K_1506 Molde"	"2006"	29208	281	263	18	1325	1297	28	44
"K_1506 Molde"	"2007"	29252	307	276	31	1331	1359	-28	4
"K_1506 Molde"	"2008"	29256	329	282	47	1368	1132	236	296
"K_1506 Molde"	"2009"	29552	343	256	87	1403	1216	187	269
"K_1506 Molde"	"2010"	29821	319	274	45	1506	1331	175	224
"K_1506 Molde"	"2011"	30045	334	251	83	1646	1294	352	435
"K_1506 Molde"	"2012"	30480	323	226	97	1719	1357	362	461
"K_1506 Molde"	"2013"	30941	341	266	75	1523	1452	71	144
"K_1506 Molde"	"2014"	31085	335	254	81	1670	1399	271	350
"K_1506 Molde"	"2015"	31435	359	258	101	1645	1393	252	355
"K_1506 Molde"	"2016"	31790	343	253	90	1566	1579	-13	80
"K_1506 Molde"	"2017"	31870	287	272	15	1462	1451	11	26
"K_1506 Molde"	"2018"	31895	329	271	58	1421	1401	20	81
"K_1506 Molde"	"2019"	31976	328	262	66	1349	1434	-85	-9
"K_1506 Molde"	"2020"	31967	314	252	62	1343	1505	-162	-97
"K_1506 Molde"	"2021"	31870	318	291	27	1628	1513	115	132
"K_1506 Molde"	"2022"	32002	258	271	-13	1819	1357	462	444
"K_1506 Molde"	"2023"	32446	295	286	9	1781	1426	355	370
"K_1506 Molde"	"2024"	32816	..	..	..	..	..	..	..
"K_1508 Ålesund"	"1951"	3463	88	32	56	184	215	-31	25
"K_1508 Ålesund"	"1952"	3488	84	24	60	165	188	-23	37
"K_1508 Ålesund"	"1953"	3525	76	31	45	153	187	-34	11
"K_1508 Ålesund"	"1954"	3536	85	30	55	173	214	-41	14
"K_1508 Ålesund"	"1955"	3550	88	25	63	211	224	-13	83
"K_1508 Ålesund"	"1956"	3633	80	30	50	220	244	-24	26
"K_1508 Ålesund"	"1957"	3659	88	30	58	230	242	-12	46
"K_1508 Ålesund"	"1958"	3705	82	25	57	145	202	-57	0
"K_1508 Ålesund"	"1959"	3705	71	24	47	155	186	-31	16
"K_1508 Ålesund"	"1960"	3721	87	34	53	185	223	-38	24
"K_1508 Ålesund"	"1961"	3745	77	34	43	168	174	-6	37
"K_1508 Ålesund"	"1962"	3782	76	38	38	171	230	-59	-21
"K_1508 Ålesund"	"1963"	3761	80	43	37	162	164	-2	35
"K_1508 Ålesund"	"1964"	3796	60	38	22	127	213	-86	-64
"K_1508 Ålesund"	"1965"	1971	24	20	4	49	73	-24	-20
"K_1508 Ålesund"	"1966"	1951	27	18	9	71	79	-8	-1
"K_1508 Ålesund"	"1967"	1950	35	25	10	89	120	-31	-21
"K_1508 Ålesund"	"1968"	1929	35	25	10	68	92	-24	-20
"K_1508 Ålesund"	"1969"	1909	39	20	19	54	111	-57	-37
"K_1508 Ålesund"	"1970"	1872	23	18	5	92	146	-54	-46
"K_1508 Ålesund"	"1971"	1826	25	24	1	69	101	-32	-29
"K_1508 Ålesund"	"1972"	1797	21	14	7	45	87	-42	-36
"K_1508 Ålesund"	"1973"	1761	22	20	2	78	77	1	3
"K_1508 Ålesund"	"1974"	1764	20	24	-4	66	95	-29	-32
"K_1508 Ålesund"	"1975"	1732	25	17	8	61	74	-13	-5
"K_1508 Ålesund"	"1976"	1727	27	19	8	55	81	-26	-18
"K_1508 Ålesund"	"1977"	40650	574	335	239	1719	1672	47	286
"K_1508 Ålesund"	"1978"	40936	575	334	241	1574	1744	-170	64
"K_1508 Ålesund"	"1979"	41000	559	359	200	1460	1596	-136	72
"K_1508 Ålesund"	"1980"	41072	532	449	83	1722	1778	-56	28
"K_1508 Ålesund"	"1981"	41100	506	391	115	1731	1629	102	215
"K_1508 Ålesund"	"1982"	41315	572	339	233	1539	1518	21	253
"K_1508 Ålesund"	"1983"	41568	565	376	189	1488	1466	22	208
"K_1508 Ålesund"	"1984"	41776	558	388	170	1399	1631	-232	-59
"K_1508 Ålesund"	"1985"	41717	529	410	119	1601	1537	64	166
"K_1508 Ålesund"	"1986"	41883	527	384	143	1504	1452	52	190
"K_1508 Ålesund"	"1987"	42073	552	434	118	1690	1562	128	270
"K_1508 Ålesund"	"1988"	42343	585	415	170	1556	1647	-91	100
"K_1508 Ålesund"	"1989"	42443	623	416	207	1445	1501	-56	167
"K_1508 Ålesund"	"1990"	42610	634	446	188	1465	1559	-94	102
"K_1508 Ålesund"	"1991"	42712	647	406	241	1457	1517	-60	179
"K_1508 Ålesund"	"1992"	42891	576	411	165	1409	1488	-79	84
"K_1508 Ålesund"	"1993"	42975	606	437	169	1699	1546	153	322
"K_1508 Ålesund"	"1994"	43297	589	463	126	1743	1595	148	271
"K_1508 Ålesund"	"1995"	43568	596	396	200	1915	1669	246	446
"K_1508 Ålesund"	"1996"	44014	627	453	174	1957	1720	237	411
"K_1508 Ålesund"	"1997"	44425	629	435	194	1951	1742	209	405
"K_1508 Ålesund"	"1998"	44830	620	419	201	1993	1819	174	355
"K_1508 Ålesund"	"1999"	45185	642	398	244	2190	1841	349	591
"K_1508 Ålesund"	"2000"	45776	647	403	244	2158	2036	122	363
"K_1508 Ålesund"	"2001"	46139	634	401	233	1909	1932	-23	205
"K_1508 Ålesund"	"2002"	46344	586	410	176	1936	1801	135	311
"K_1508 Ålesund"	"2003"	46655	566	408	158	1978	1868	110	276
"K_1508 Ålesund"	"2004"	46931	659	393	266	2005	1912	93	356
"K_1508 Ålesund"	"2005"	47287	616	395	221	2215	1915	300	515
"K_1508 Ålesund"	"2006"	47802	589	404	185	2463	2038	425	615
"K_1508 Ålesund"	"2007"	48417	625	421	204	2567	2203	364	566
"K_1508 Ålesund"	"2008"	48983	619	407	212	2432	1958	474	684
"K_1508 Ålesund"	"2009"	49667	706	402	304	2467	2053	414	717
"K_1508 Ålesund"	"2010"	50384	628	393	235	2890	2308	582	817
"K_1508 Ålesund"	"2011"	51201	668	409	259	3080	2430	650	916
"K_1508 Ålesund"	"2012"	52117	657	401	256	3137	2634	503	756
"K_1508 Ålesund"	"2013"	52873	664	382	282	3381	2812	569	847
"K_1508 Ålesund"	"2014"	53720	618	418	200	3187	2775	412	617
"K_1508 Ålesund"	"2015"	54337	636	388	248	3195	2838	357	610
"K_1508 Ålesund"	"2016"	54947	634	440	194	3261	2999	262	461
"K_1508 Ålesund"	"2017"	55408	611	408	203	3063	2958	105	313
"K_1508 Ålesund"	"2018"	55720	618	415	203	3021	2693	328	530
"K_1508 Ålesund"	"2019"	56250	558	439	119	3283	2733	550	671
"K_1508 Ålesund"	"2020"	66258	657	499	158	2856	2604	252	412
"K_1508 Ålesund"	"2021"	66670	760	487	273	3294	3129	165	444
"K_1508 Ålesund"	"2022"	67114	655	560	95	3139	2838	301	406
"K_1508 Ålesund"	"2023"	67520	651	537	114	2957	2722	235	346
"K_1508 Ålesund"	"2024"	58509	..	..	..	..	..	..	..
"K_1511 Vanylven"	"1951"	2022	37	19	18	60	70	-10	8
"K_1511 Vanylven"	"1952"	2030	35	22	13	53	68	-15	-2
"K_1511 Vanylven"	"1953"	2028	32	18	14	33	67	-34	-20
"K_1511 Vanylven"	"1954"	2008	41	23	18	41	52	-11	7
"K_1511 Vanylven"	"1955"	2015	38	24	14	56	85	-29	-30
"K_1511 Vanylven"	"1956"	1985	37	20	17	69	92	-23	-6
"K_1511 Vanylven"	"1957"	1979	35	25	10	75	94	-19	-9
"K_1511 Vanylven"	"1958"	1970	36	16	20	70	60	10	30
"K_1511 Vanylven"	"1959"	2000	28	20	8	49	72	-23	-15
"K_1511 Vanylven"	"1960"	1985	35	17	18	64	91	-27	0
"K_1511 Vanylven"	"1961"	1985	35	25	10	62	57	5	15
"K_1511 Vanylven"	"1962"	2000	29	22	7	69	87	-18	-11
"K_1511 Vanylven"	"1963"	1989	34	18	16	69	71	-2	14
"K_1511 Vanylven"	"1964"	3897	69	30	39	139	174	-35	4
"K_1511 Vanylven"	"1965"	3901	84	37	47	127	167	-40	7
"K_1511 Vanylven"	"1966"	3908	66	41	25	123	150	-27	-15
"K_1511 Vanylven"	"1967"	3893	84	41	43	138	214	-76	-33
"K_1511 Vanylven"	"1968"	3860	87	30	57	129	149	-20	35
"K_1511 Vanylven"	"1969"	3895	77	50	27	119	182	-63	-31
"K_1511 Vanylven"	"1970"	3864	74	44	30	164	188	-24	5
"K_1511 Vanylven"	"1971"	3869	63	38	25	159	197	-38	-12
"K_1511 Vanylven"	"1972"	3857	57	39	18	168	153	15	33
"K_1511 Vanylven"	"1973"	3890	54	51	3	127	170	-43	-41
"K_1511 Vanylven"	"1974"	3849	68	24	44	153	189	-36	2
"K_1511 Vanylven"	"1975"	3851	63	49	14	163	127	36	49
"K_1511 Vanylven"	"1976"	3900	48	41	7	152	170	-18	-9
"K_1511 Vanylven"	"1977"	3891	63	44	19	121	120	1	19
"K_1511 Vanylven"	"1978"	3910	54	53	1	108	99	9	10
"K_1511 Vanylven"	"1979"	3920	76	48	28	118	110	8	34
"K_1511 Vanylven"	"1980"	3954	66	41	25	150	174	-24	2
"K_1511 Vanylven"	"1981"	3956	47	38	9	105	156	-51	-42
"K_1511 Vanylven"	"1982"	3914	43	38	5	103	86	17	22
"K_1511 Vanylven"	"1983"	3936	47	33	14	88	93	-5	9
"K_1511 Vanylven"	"1984"	3945	46	41	5	107	95	12	16
"K_1511 Vanylven"	"1985"	3961	46	49	-3	87	105	-18	-22
"K_1511 Vanylven"	"1986"	3939	57	41	16	92	138	-46	-30
"K_1511 Vanylven"	"1987"	3909	50	46	4	115	141	-26	-22
"K_1511 Vanylven"	"1988"	3887	58	42	16	102	101	1	21
"K_1511 Vanylven"	"1989"	3908	61	37	24	84	92	-8	16
"K_1511 Vanylven"	"1990"	3924	46	40	6	96	88	8	13
"K_1511 Vanylven"	"1991"	3937	48	38	10	90	151	-61	-50
"K_1511 Vanylven"	"1992"	3887	53	52	1	98	121	-23	-21
"K_1511 Vanylven"	"1993"	3866	45	50	-5	73	118	-45	-50
"K_1511 Vanylven"	"1994"	3816	49	42	7	93	132	-39	-31
"K_1511 Vanylven"	"1995"	3785	47	59	-12	89	127	-38	-49
"K_1511 Vanylven"	"1996"	3736	41	41	0	97	130	-33	-32
"K_1511 Vanylven"	"1997"	3704	57	54	3	81	150	-69	-67
"K_1511 Vanylven"	"1998"	3637	44	52	-8	108	132	-24	-30
"K_1511 Vanylven"	"1999"	3607	46	36	10	95	128	-33	-23
"K_1511 Vanylven"	"2000"	3584	51	41	10	87	149	-62	-52
"K_1511 Vanylven"	"2001"	3532	38	34	4	100	120	-20	367
"K_1511 Vanylven"	"2002"	3899	32	38	-6	54	127	-73	-79
"K_1511 Vanylven"	"2003"	3820	43	51	-8	66	125	-59	-66
"K_1511 Vanylven"	"2004"	3754	31	35	-4	56	111	-55	-61
"K_1511 Vanylven"	"2005"	3693	28	42	-14	64	153	-89	-104
"K_1511 Vanylven"	"2006"	3589	16	35	-19	77	111	-34	-53
"K_1511 Vanylven"	"2007"	3536	27	36	-9	113	110	3	-6
"K_1511 Vanylven"	"2008"	3530	34	30	4	89	128	-39	-36
"K_1511 Vanylven"	"2009"	3494	25	45	-20	139	142	-3	-23
"K_1511 Vanylven"	"2010"	3471	31	53	-22	109	142	-33	-54
"K_1511 Vanylven"	"2011"	3417	29	43	-14	127	143	-16	-29
"K_1511 Vanylven"	"2012"	3388	25	29	-4	83	130	-47	-52
"K_1511 Vanylven"	"2013"	3336	19	33	-14	74	94	-20	-34
"K_1511 Vanylven"	"2014"	3302	18	38	-20	95	119	-24	-44
"K_1511 Vanylven"	"2015"	3258	21	32	-11	118	109	9	-2
"K_1511 Vanylven"	"2016"	3256	16	36	-20	93	126	-33	-53
"K_1511 Vanylven"	"2017"	3203	33	37	-4	92	104	-12	-16
"K_1511 Vanylven"	"2018"	3187	24	45	-21	100	103	-3	-24
"K_1511 Vanylven"	"2019"	3163	20	41	-21	90	115	-25	-46
"K_1511 Vanylven"	"2020"	3117	17	41	-24	93	102	-9	-34
"K_1511 Vanylven"	"2021"	3083	28	39	-11	92	120	-28	-38
"K_1511 Vanylven"	"2022"	3045	18	49	-31	122	121	1	-32
"K_1511 Vanylven"	"2023"	3013	16	38	-22	155	120	35	13
"K_1511 Vanylven"	"2024"	3026	..	..	..	..	..	..	..
"K_1514 Sande"	"1951"	2859	66	20	46	84	169	-85	-39
"K_1514 Sande"	"1952"	2820	62	31	31	73	101	-28	3
"K_1514 Sande"	"1953"	2823	63	22	41	91	129	-38	3
"K_1514 Sande"	"1954"	2826	67	32	35	74	118	-44	-9
"K_1514 Sande"	"1955"	2817	78	30	48	79	124	-45	197
"K_1514 Sande"	"1956"	3014	56	19	37	127	147	-20	17
"K_1514 Sande"	"1957"	3031	63	15	48	113	172	-59	-11
"K_1514 Sande"	"1958"	3020	62	24	38	120	110	10	48
"K_1514 Sande"	"1959"	3068	53	23	30	85	104	-19	11
"K_1514 Sande"	"1960"	3079	54	27	27	98	156	-58	-171
"K_1514 Sande"	"1961"	2908	57	15	42	72	120	-48	-6
"K_1514 Sande"	"1962"	2902	52	21	31	77	142	-65	-34
"K_1514 Sande"	"1963"	2868	57	17	40	106	136	-30	10
"K_1514 Sande"	"1964"	3465	66	39	27	140	161	-21	6
"K_1514 Sande"	"1965"	3471	75	40	35	147	142	5	40
"K_1514 Sande"	"1966"	3511	64	26	38	123	156	-33	7
"K_1514 Sande"	"1967"	3518	70	30	40	149	189	-40	0
"K_1514 Sande"	"1968"	3518	67	30	37	143	151	-8	30
"K_1514 Sande"	"1969"	3548	68	27	41	105	203	-98	-54
"K_1514 Sande"	"1970"	3494	63	33	30	141	204	-63	-32
"K_1514 Sande"	"1971"	3462	64	36	28	145	159	-14	12
"K_1514 Sande"	"1972"	3474	55	33	22	129	156	-27	-5
"K_1514 Sande"	"1973"	3469	54	30	24	139	151	-12	12
"K_1514 Sande"	"1974"	3481	57	35	22	195	136	59	81
"K_1514 Sande"	"1975"	3562	50	39	11	129	154	-25	-14
"K_1514 Sande"	"1976"	3548	54	34	20	104	143	-39	-18
"K_1514 Sande"	"1977"	3530	49	34	15	110	125	-15	0
"K_1514 Sande"	"1978"	3530	35	34	1	104	132	-28	-27
"K_1514 Sande"	"1979"	3503	59	40	19	116	116	0	19
"K_1514 Sande"	"1980"	3522	48	52	-4	100	140	-40	-44
"K_1514 Sande"	"1981"	3478	42	39	3	117	117	0	3
"K_1514 Sande"	"1982"	3481	50	28	22	86	102	-16	6
"K_1514 Sande"	"1983"	3487	52	41	11	86	103	-17	-6
"K_1514 Sande"	"1984"	3481	42	48	-6	78	118	-40	-48
"K_1514 Sande"	"1985"	3433	51	46	5	79	104	-25	-18
"K_1514 Sande"	"1986"	3415	49	33	16	114	108	6	22
"K_1514 Sande"	"1987"	3437	48	52	-4	76	119	-43	-48
"K_1514 Sande"	"1988"	3389	45	33	12	72	101	-29	-18
"K_1514 Sande"	"1989"	3371	52	43	9	74	118	-44	-34
"K_1514 Sande"	"1990"	3337	38	41	-3	63	97	-34	-36
"K_1514 Sande"	"1991"	3301	47	30	17	73	100	-27	-8
"K_1514 Sande"	"1992"	3293	41	29	12	71	107	-36	-26
"K_1514 Sande"	"1993"	3267	34	35	-1	70	85	-15	-18
"K_1514 Sande"	"1994"	3249	26	28	-2	83	133	-50	-50
"K_1514 Sande"	"1995"	3199	41	30	11	69	91	-22	-9
"K_1514 Sande"	"1996"	3190	32	38	-6	85	134	-49	-54
"K_1514 Sande"	"1997"	3136	25	35	-10	96	115	-19	-28
"K_1514 Sande"	"1998"	3108	37	37	0	90	105	-15	-16
"K_1514 Sande"	"1999"	3092	39	31	8	99	118	-19	-11
"K_1514 Sande"	"2000"	3081	34	32	2	92	136	-44	-43
"K_1514 Sande"	"2001"	3038	31	33	-2	79	101	-22	-405
"K_1514 Sande"	"2002"	2633	26	29	-3	66	93	-27	-34
"K_1514 Sande"	"2003"	2599	28	32	-4	95	84	11	6
"K_1514 Sande"	"2004"	2605	26	26	0	56	85	-29	-29
"K_1514 Sande"	"2005"	2576	24	23	1	57	95	-38	-37
"K_1514 Sande"	"2006"	2539	22	25	-3	75	87	-12	-13
"K_1514 Sande"	"2007"	2526	23	34	-11	87	101	-14	-24
"K_1514 Sande"	"2008"	2502	25	22	3	106	69	37	39
"K_1514 Sande"	"2009"	2541	17	29	-12	97	108	-11	-23
"K_1514 Sande"	"2010"	2518	22	25	-3	213	101	112	107
"K_1514 Sande"	"2011"	2625	16	28	-12	124	150	-26	-37
"K_1514 Sande"	"2012"	2588	23	22	1	146	106	40	40
"K_1514 Sande"	"2013"	2628	22	35	-13	166	145	21	8
"K_1514 Sande"	"2014"	2636	22	23	-1	150	150	0	-1
"K_1514 Sande"	"2015"	2635	13	23	-10	108	174	-66	-76
"K_1514 Sande"	"2016"	2559	18	27	-9	109	119	-10	-19
"K_1514 Sande"	"2017"	2540	22	24	-2	96	112	-16	-18
"K_1514 Sande"	"2018"	2522	15	30	-15	96	110	-14	-29
"K_1514 Sande"	"2019"	2493	21	30	-9	85	108	-23	-32
"K_1514 Sande"	"2020"	2461	23	24	-1	80	95	-15	-16
"K_1514 Sande"	"2021"	2445	30	26	4	124	149	-25	-23
"K_1514 Sande"	"2022"	2422	19	35	-16	151	115	36	20
"K_1514 Sande"	"2023"	2442	20	23	-3	109	110	-1	-4
"K_1514 Sande"	"2024"	2438	..	..	..	..	..	..	..
"K_1515 Herøy (Møre og Romsdal)"	"1951"	6408	166	49	117	233	260	-27	90
"K_1515 Herøy (Møre og Romsdal)"	"1952"	6498	158	65	93	296	233	63	156
"K_1515 Herøy (Møre og Romsdal)"	"1953"	6654	167	47	120	290	196	94	214
"K_1515 Herøy (Møre og Romsdal)"	"1954"	6868	156	36	120	246	228	18	138
"K_1515 Herøy (Møre og Romsdal)"	"1955"	7006	191	45	146	286	241	45	171
"K_1515 Herøy (Møre og Romsdal)"	"1956"	7177	168	41	127	277	316	-39	88
"K_1515 Herøy (Møre og Romsdal)"	"1957"	7265	197	55	142	281	322	-41	101
"K_1515 Herøy (Møre og Romsdal)"	"1958"	7366	173	41	132	225	284	-59	73
"K_1515 Herøy (Møre og Romsdal)"	"1959"	7439	176	54	122	204	274	-70	52
"K_1515 Herøy (Møre og Romsdal)"	"1960"	7491	187	50	137	304	373	-69	42
"K_1515 Herøy (Møre og Romsdal)"	"1961"	7533	175	49	126	226	293	-67	59
"K_1515 Herøy (Møre og Romsdal)"	"1962"	7592	164	48	116	236	313	-77	39
"K_1515 Herøy (Møre og Romsdal)"	"1963"	7631	191	57	134	265	366	-101	33
"K_1515 Herøy (Møre og Romsdal)"	"1964"	7417	132	50	82	281	302	-21	61
"K_1515 Herøy (Møre og Romsdal)"	"1965"	7478	164	58	106	277	334	-57	49
"K_1515 Herøy (Møre og Romsdal)"	"1966"	7527	153	56	97	274	323	-49	30
"K_1515 Herøy (Møre og Romsdal)"	"1967"	7557	160	48	112	310	287	23	135
"K_1515 Herøy (Møre og Romsdal)"	"1968"	7692	138	57	81	246	284	-38	44
"K_1515 Herøy (Møre og Romsdal)"	"1969"	7736	172	64	108	250	343	-93	13
"K_1515 Herøy (Møre og Romsdal)"	"1970"	7749	162	62	100	265	323	-58	35
"K_1515 Herøy (Møre og Romsdal)"	"1971"	7784	164	67	97	237	289	-52	46
"K_1515 Herøy (Møre og Romsdal)"	"1972"	7830	144	59	85	242	316	-74	6
"K_1515 Herøy (Møre og Romsdal)"	"1973"	7836	140	77	63	295	316	-21	38
"K_1515 Herøy (Møre og Romsdal)"	"1974"	7874	143	65	78	271	313	-42	39
"K_1515 Herøy (Møre og Romsdal)"	"1975"	7913	107	54	53	245	259	-14	35
"K_1515 Herøy (Møre og Romsdal)"	"1976"	7948	120	62	58	173	274	-101	-41
"K_1515 Herøy (Møre og Romsdal)"	"1977"	7907	99	63	36	223	246	-23	13
"K_1515 Herøy (Møre og Romsdal)"	"1978"	7920	143	57	86	258	246	12	95
"K_1515 Herøy (Møre og Romsdal)"	"1979"	8015	122	68	54	188	211	-23	31
"K_1515 Herøy (Møre og Romsdal)"	"1980"	8046	96	71	25	189	264	-75	-50
"K_1515 Herøy (Møre og Romsdal)"	"1981"	7996	114	58	56	189	205	-16	41
"K_1515 Herøy (Møre og Romsdal)"	"1982"	8037	102	53	49	184	228	-44	4
"K_1515 Herøy (Møre og Romsdal)"	"1983"	8041	118	70	48	151	193	-42	2
"K_1515 Herøy (Møre og Romsdal)"	"1984"	8043	102	65	37	183	234	-51	-12
"K_1515 Herøy (Møre og Romsdal)"	"1985"	8031	107	61	46	196	202	-6	38
"K_1515 Herøy (Møre og Romsdal)"	"1986"	8069	109	74	35	156	228	-72	-34
"K_1515 Herøy (Møre og Romsdal)"	"1987"	8035	125	73	52	196	182	14	64
"K_1515 Herøy (Møre og Romsdal)"	"1988"	8099	110	86	24	167	200	-33	-2
"K_1515 Herøy (Møre og Romsdal)"	"1989"	8097	109	74	35	207	193	14	46
"K_1515 Herøy (Møre og Romsdal)"	"1990"	8143	107	78	29	185	216	-31	-1
"K_1515 Herøy (Møre og Romsdal)"	"1991"	8142	108	60	48	189	229	-40	7
"K_1515 Herøy (Møre og Romsdal)"	"1992"	8149	98	68	30	233	190	43	74
"K_1515 Herøy (Møre og Romsdal)"	"1993"	8223	113	82	31	293	262	31	67
"K_1515 Herøy (Møre og Romsdal)"	"1994"	8290	125	95	30	222	304	-82	-48
"K_1515 Herøy (Møre og Romsdal)"	"1995"	8242	112	70	42	245	231	14	54
"K_1515 Herøy (Møre og Romsdal)"	"1996"	8296	125	70	55	268	289	-21	34
"K_1515 Herøy (Møre og Romsdal)"	"1997"	8330	118	76	42	211	269	-58	-15
"K_1515 Herøy (Møre og Romsdal)"	"1998"	8315	125	83	42	252	247	5	44
"K_1515 Herøy (Møre og Romsdal)"	"1999"	8359	115	73	42	220	231	-11	31
"K_1515 Herøy (Møre og Romsdal)"	"2000"	8390	103	83	20	216	268	-52	-31
"K_1515 Herøy (Møre og Romsdal)"	"2001"	8359	104	88	16	236	238	-2	15
"K_1515 Herøy (Møre og Romsdal)"	"2002"	8374	94	72	22	200	243	-43	-19
"K_1515 Herøy (Møre og Romsdal)"	"2003"	8355	107	77	30	166	196	-30	0
"K_1515 Herøy (Møre og Romsdal)"	"2004"	8355	105	63	42	216	229	-13	31
"K_1515 Herøy (Møre og Romsdal)"	"2005"	8386	100	59	41	181	236	-55	-13
"K_1515 Herøy (Møre og Romsdal)"	"2006"	8373	80	80	0	231	283	-52	-52
"K_1515 Herøy (Møre og Romsdal)"	"2007"	8321	100	79	21	266	256	10	32
"K_1515 Herøy (Møre og Romsdal)"	"2008"	8353	95	72	23	233	258	-25	-4
"K_1515 Herøy (Møre og Romsdal)"	"2009"	8349	84	71	13	260	241	19	34
"K_1515 Herøy (Møre og Romsdal)"	"2010"	8383	91	73	18	408	277	131	150
"K_1515 Herøy (Møre og Romsdal)"	"2011"	8533	114	55	59	404	269	135	194
"K_1515 Herøy (Møre og Romsdal)"	"2012"	8727	86	78	8	379	267	112	120
"K_1515 Herøy (Møre og Romsdal)"	"2013"	8847	80	79	1	356	357	-1	0
"K_1515 Herøy (Møre og Romsdal)"	"2014"	8847	96	78	18	399	324	75	87
"K_1515 Herøy (Møre og Romsdal)"	"2015"	8934	90	76	14	363	339	24	38
"K_1515 Herøy (Møre og Romsdal)"	"2016"	8972	83	62	21	303	339	-36	-15
"K_1515 Herøy (Møre og Romsdal)"	"2017"	8957	92	78	14	326	331	-5	8
"K_1515 Herøy (Møre og Romsdal)"	"2018"	8965	85	73	12	263	313	-50	-38
"K_1515 Herøy (Møre og Romsdal)"	"2019"	8927	82	78	4	296	327	-31	-27
"K_1515 Herøy (Møre og Romsdal)"	"2020"	8900	81	75	6	273	321	-48	-42
"K_1515 Herøy (Møre og Romsdal)"	"2021"	8858	85	89	-4	281	371	-90	-93
"K_1515 Herøy (Møre og Romsdal)"	"2022"	8765	83	77	6	354	282	72	77
"K_1515 Herøy (Møre og Romsdal)"	"2023"	8842	85	75	10	422	309	113	126
"K_1515 Herøy (Møre og Romsdal)"	"2024"	8968	..	..	..	..	..	..	..
"K_1516 Ulstein"	"1951"	2953	62	19	43	177	168	9	52
"K_1516 Ulstein"	"1952"	3005	83	19	64	114	117	-3	61
"K_1516 Ulstein"	"1953"	3066	75	28	47	104	136	-32	15
"K_1516 Ulstein"	"1954"	3081	83	23	60	133	115	18	78
"K_1516 Ulstein"	"1955"	3159	85	20	65	88	121	-33	-4
"K_1516 Ulstein"	"1956"	3155	81	16	65	163	148	15	80
"K_1516 Ulstein"	"1957"	3235	71	24	47	142	158	-16	31
"K_1516 Ulstein"	"1958"	3266	82	27	55	114	137	-23	32
"K_1516 Ulstein"	"1959"	3298	81	13	68	142	136	6	74
"K_1516 Ulstein"	"1960"	3372	79	38	41	174	166	8	64
"K_1516 Ulstein"	"1961"	3436	95	21	74	143	143	0	74
"K_1516 Ulstein"	"1962"	3510	77	29	48	136	156	-20	28
"K_1516 Ulstein"	"1963"	3538	87	41	46	169	118	51	97
"K_1516 Ulstein"	"1964"	3857	80	36	44	176	167	9	53
"K_1516 Ulstein"	"1965"	3910	102	48	54	202	185	17	71
"K_1516 Ulstein"	"1966"	3981	78	33	45	174	171	3	25
"K_1516 Ulstein"	"1967"	4006	89	33	56	268	191	77	133
"K_1516 Ulstein"	"1968"	4139	92	35	57	278	169	109	164
"K_1516 Ulstein"	"1969"	4303	117	38	79	289	217	72	166
"K_1516 Ulstein"	"1970"	4469	99	35	64	321	306	15	89
"K_1516 Ulstein"	"1971"	4558	106	28	78	359	281	78	153
"K_1516 Ulstein"	"1972"	4711	99	26	73	306	244	62	138
"K_1516 Ulstein"	"1973"	4849	108	28	80	286	295	-9	73
"K_1516 Ulstein"	"1974"	4922	108	35	73	375	317	58	132
"K_1516 Ulstein"	"1975"	5054	90	31	59	257	285	-28	31
"K_1516 Ulstein"	"1976"	5085	86	43	43	279	241	38	81
"K_1516 Ulstein"	"1977"	5166	71	37	34	237	259	-22	12
"K_1516 Ulstein"	"1978"	5178	82	36	46	255	220	35	84
"K_1516 Ulstein"	"1979"	5262	92	38	54	231	233	-2	51
"K_1516 Ulstein"	"1980"	5313	74	16	58	236	273	-37	22
"K_1516 Ulstein"	"1981"	5335	74	38	36	217	239	-22	19
"K_1516 Ulstein"	"1982"	5354	77	46	31	240	219	21	47
"K_1516 Ulstein"	"1983"	5401	73	38	35	209	212	-3	33
"K_1516 Ulstein"	"1984"	5434	81	40	41	236	200	36	77
"K_1516 Ulstein"	"1985"	5511	74	38	36	269	288	-19	14
"K_1516 Ulstein"	"1986"	5525	84	53	31	280	278	2	34
"K_1516 Ulstein"	"1987"	5559	56	58	-2	267	284	-17	-22
"K_1516 Ulstein"	"1988"	5537	71	36	35	262	229	33	68
"K_1516 Ulstein"	"1989"	5605	84	42	42	253	239	14	57
"K_1516 Ulstein"	"1990"	5662	88	41	47	266	225	41	89
"K_1516 Ulstein"	"1991"	5751	101	47	54	263	223	40	90
"K_1516 Ulstein"	"1992"	5841	94	31	63	294	221	73	139
"K_1516 Ulstein"	"1993"	5980	85	39	46	261	297	-36	11
"K_1516 Ulstein"	"1994"	5991	102	44	58	339	253	86	142
"K_1516 Ulstein"	"1995"	6133	95	45	50	317	296	21	68
"K_1516 Ulstein"	"1996"	6201	92	30	62	333	301	32	94
"K_1516 Ulstein"	"1997"	6295	89	45	44	366	320	46	90
"K_1516 Ulstein"	"1998"	6385	129	52	77	385	316	69	152
"K_1516 Ulstein"	"1999"	6537	113	53	60	298	354	-56	4
"K_1516 Ulstein"	"2000"	6541	118	31	87	320	333	-13	74
"K_1516 Ulstein"	"2001"	6615	100	46	54	265	269	-4	49
"K_1516 Ulstein"	"2002"	6664	113	50	63	294	295	-1	57
"K_1516 Ulstein"	"2003"	6721	92	41	51	248	259	-11	40
"K_1516 Ulstein"	"2004"	6761	102	44	58	268	290	-22	34
"K_1516 Ulstein"	"2005"	6795	113	35	78	254	316	-62	18
"K_1516 Ulstein"	"2006"	6813	81	42	39	279	293	-14	28
"K_1516 Ulstein"	"2007"	6841	79	45	34	373	302	71	105
"K_1516 Ulstein"	"2008"	6946	70	58	12	390	295	95	106
"K_1516 Ulstein"	"2009"	7052	103	38	65	650	304	346	409
"K_1516 Ulstein"	"2010"	7461	95	42	53	547	310	237	290
"K_1516 Ulstein"	"2011"	7751	89	59	30	486	440	46	77
"K_1516 Ulstein"	"2012"	7828	89	58	31	497	427	70	99
"K_1516 Ulstein"	"2013"	7927	88	52	36	577	450	127	165
"K_1516 Ulstein"	"2014"	8092	95	54	41	569	423	146	200
"K_1516 Ulstein"	"2015"	8292	100	42	58	624	548	76	138
"K_1516 Ulstein"	"2016"	8430	71	55	16	562	553	9	27
"K_1516 Ulstein"	"2017"	8457	106	38	68	484	454	30	98
"K_1516 Ulstein"	"2018"	8555	84	51	33	494	473	21	54
"K_1516 Ulstein"	"2019"	8609	108	53	55	395	488	-93	-38
"K_1516 Ulstein"	"2020"	8571	85	59	26	373	394	-21	4
"K_1516 Ulstein"	"2021"	8575	109	59	50	409	479	-70	-18
"K_1516 Ulstein"	"2022"	8557	92	64	28	758	549	209	240
"K_1516 Ulstein"	"2023"	8797	82	62	20	862	814	48	64
"K_1516 Ulstein"	"2024"	8861	..	..	..	..	..	..	..
"K_1517 Hareid"	"1951"	3181	77	21	56	139	112	27	83
"K_1517 Hareid"	"1952"	3264	86	20	66	80	91	-11	55
"K_1517 Hareid"	"1953"	3319	84	19	65	107	105	2	67
"K_1517 Hareid"	"1954"	3386	79	21	58	98	113	-15	43
"K_1517 Hareid"	"1955"	3429	67	33	34	139	135	4	12
"K_1517 Hareid"	"1956"	3441	92	14	78	163	157	6	84
"K_1517 Hareid"	"1957"	3525	90	26	64	177	136	41	105
"K_1517 Hareid"	"1958"	3630	82	20	62	140	178	-38	24
"K_1517 Hareid"	"1959"	3586	90	32	58	99	154	-55	3
"K_1517 Hareid"	"1960"	3589	70	31	39	149	179	-30	18
"K_1517 Hareid"	"1961"	3607	88	29	59	120	133	-13	46
"K_1517 Hareid"	"1962"	3653	91	25	66	116	175	-59	7
"K_1517 Hareid"	"1963"	3660	80	30	50	160	163	-3	47
"K_1517 Hareid"	"1964"	3707	73	30	43	133	132	1	44
"K_1517 Hareid"	"1965"	3751	93	28	65	148	160	-12	53
"K_1517 Hareid"	"1966"	3804	79	25	54	126	119	7	56
"K_1517 Hareid"	"1967"	3860	74	21	53	169	181	-12	41
"K_1517 Hareid"	"1968"	3901	79	32	47	155	186	-31	15
"K_1517 Hareid"	"1969"	3916	72	35	37	130	174	-44	-9
"K_1517 Hareid"	"1970"	3907	56	23	33	177	181	-4	28
"K_1517 Hareid"	"1971"	3935	67	27	40	146	166	-20	18
"K_1517 Hareid"	"1972"	3953	58	30	28	192	177	15	44
"K_1517 Hareid"	"1973"	3997	87	40	47	181	142	39	86
"K_1517 Hareid"	"1974"	4083	69	28	41	186	187	-1	40
"K_1517 Hareid"	"1975"	4123	62	37	25	146	137	9	33
"K_1517 Hareid"	"1976"	4156	67	28	39	141	146	-5	35
"K_1517 Hareid"	"1977"	4191	71	32	39	201	143	58	97
"K_1517 Hareid"	"1978"	4288	74	24	50	157	144	13	61
"K_1517 Hareid"	"1979"	4349	73	37	36	118	175	-57	-24
"K_1517 Hareid"	"1980"	4325	67	30	37	166	172	-6	32
"K_1517 Hareid"	"1981"	4357	63	32	31	151	178	-27	4
"K_1517 Hareid"	"1982"	4361	46	46	0	141	182	-41	-41
"K_1517 Hareid"	"1983"	4320	57	45	12	143	146	-3	9
"K_1517 Hareid"	"1984"	4329	60	31	29	143	143	0	29
"K_1517 Hareid"	"1985"	4358	61	42	19	152	193	-41	-22
"K_1517 Hareid"	"1986"	4336	67	41	26	149	177	-28	1
"K_1517 Hareid"	"1987"	4337	67	36	31	268	216	52	81
"K_1517 Hareid"	"1988"	4418	72	33	39	266	234	32	70
"K_1517 Hareid"	"1989"	4488	61	39	22	235	255	-20	-2
"K_1517 Hareid"	"1990"	4486	88	40	48	219	251	-32	16
"K_1517 Hareid"	"1991"	4502	80	35	45	252	273	-21	36
"K_1517 Hareid"	"1992"	4538	67	38	29	288	258	30	78
"K_1517 Hareid"	"1993"	4616	66	37	29	195	207	-12	17
"K_1517 Hareid"	"1994"	4633	70	35	35	196	250	-54	-18
"K_1517 Hareid"	"1995"	4615	76	45	31	206	186	20	51
"K_1517 Hareid"	"1996"	4666	76	36	40	213	208	5	43
"K_1517 Hareid"	"1997"	4709	60	36	24	190	202	-12	12
"K_1517 Hareid"	"1998"	4721	58	57	1	202	191	11	10
"K_1517 Hareid"	"1999"	4731	61	27	34	206	225	-19	17
"K_1517 Hareid"	"2000"	4748	66	39	27	155	167	-12	15
"K_1517 Hareid"	"2001"	4763	50	36	14	188	185	3	17
"K_1517 Hareid"	"2002"	4780	43	48	-5	182	227	-45	-50
"K_1517 Hareid"	"2003"	4730	53	38	15	107	182	-75	-60
"K_1517 Hareid"	"2004"	4670	66	42	24	136	176	-40	-12
"K_1517 Hareid"	"2005"	4658	53	35	18	168	212	-44	-21
"K_1517 Hareid"	"2006"	4637	44	55	-11	199	150	49	38
"K_1517 Hareid"	"2007"	4675	50	51	-1	259	192	67	66
"K_1517 Hareid"	"2008"	4741	73	36	37	226	181	45	76
"K_1517 Hareid"	"2009"	4817	58	32	26	218	202	16	42
"K_1517 Hareid"	"2010"	4859	57	49	8	291	226	65	73
"K_1517 Hareid"	"2011"	4932	78	34	44	262	238	24	68
"K_1517 Hareid"	"2012"	5000	54	36	18	263	224	39	57
"K_1517 Hareid"	"2013"	5057	53	42	11	231	278	-47	-36
"K_1517 Hareid"	"2014"	5021	67	39	28	270	254	16	44
"K_1517 Hareid"	"2015"	5065	70	34	36	330	243	87	124
"K_1517 Hareid"	"2016"	5189	57	44	13	279	296	-17	-4
"K_1517 Hareid"	"2017"	5185	63	47	16	204	255	-51	-35
"K_1517 Hareid"	"2018"	5150	48	51	-3	216	208	8	5
"K_1517 Hareid"	"2019"	5155	59	47	12	238	230	8	20
"K_1517 Hareid"	"2020"	5175	55	33	22	206	263	-57	-35
"K_1517 Hareid"	"2021"	5140	54	49	5	236	255	-19	-14
"K_1517 Hareid"	"2022"	5126	38	48	-10	348	301	47	33
"K_1517 Hareid"	"2023"	5159	52	44	8	502	351	151	163
"K_1517 Hareid"	"2024"	5322	..	..	..	..	..	..	..
"K_1520 Ørsta"	"1951"	8108	183	67	116	391	441	-50	66
"K_1520 Ørsta"	"1952"	8174	175	78	97	274	330	-56	41
"K_1520 Ørsta"	"1953"	8215	194	55	139	306	304	2	141
"K_1520 Ørsta"	"1954"	8356	194	62	132	260	286	-26	106
"K_1520 Ørsta"	"1955"	8462	193	68	125	329	310	19	114
"K_1520 Ørsta"	"1956"	8576	184	49	135	423	455	-32	103
"K_1520 Ørsta"	"1957"	8679	187	75	112	383	443	-60	52
"K_1520 Ørsta"	"1958"	8731	192	89	103	373	338	35	138
"K_1520 Ørsta"	"1959"	8869	199	57	142	326	369	-43	99
"K_1520 Ørsta"	"1960"	8968	194	71	123	414	446	-32	134
"K_1520 Ørsta"	"1961"	9102	183	73	110	336	414	-78	32
"K_1520 Ørsta"	"1962"	9134	201	85	116	410	417	-7	109
"K_1520 Ørsta"	"1963"	9243	160	79	81	372	444	-72	9
"K_1520 Ørsta"	"1964"	9252	182	69	113	353	385	-32	81
"K_1520 Ørsta"	"1965"	9333	193	87	106	452	415	37	143
"K_1520 Ørsta"	"1966"	9476	191	97	94	370	456	-86	1
"K_1520 Ørsta"	"1967"	9477	191	65	126	396	541	-145	-19
"K_1520 Ørsta"	"1968"	9458	180	81	99	356	411	-55	50
"K_1520 Ørsta"	"1969"	9508	173	85	88	377	440	-63	21
"K_1520 Ørsta"	"1970"	9529	156	80	76	420	521	-101	-45
"K_1520 Ørsta"	"1971"	9484	181	91	90	417	409	8	91
"K_1520 Ørsta"	"1972"	9575	166	69	97	452	473	-21	91
"K_1520 Ørsta"	"1973"	9666	159	89	70	388	346	42	111
"K_1520 Ørsta"	"1974"	9777	139	82	57	423	407	16	67
"K_1520 Ørsta"	"1975"	9844	169	81	88	399	435	-36	52
"K_1520 Ørsta"	"1976"	9896	137	82	55	378	397	-19	33
"K_1520 Ørsta"	"1977"	9929	144	78	66	351	347	4	68
"K_1520 Ørsta"	"1978"	9997	126	94	32	336	304	32	61
"K_1520 Ørsta"	"1979"	10058	143	98	45	322	332	-10	30
"K_1520 Ørsta"	"1980"	10088	137	74	63	381	379	2	61
"K_1520 Ørsta"	"1981"	10149	141	78	63	341	343	-2	60
"K_1520 Ørsta"	"1982"	10209	160	82	78	285	322	-37	40
"K_1520 Ørsta"	"1983"	10249	149	96	53	260	300	-40	14
"K_1520 Ørsta"	"1984"	10263	138	116	22	274	274	0	26
"K_1520 Ørsta"	"1985"	10289	131	85	46	267	308	-41	1
"K_1520 Ørsta"	"1986"	10290	139	82	57	277	359	-82	-26
"K_1520 Ørsta"	"1987"	10264	127	94	33	289	361	-72	-41
"K_1520 Ørsta"	"1988"	10223	123	93	30	310	352	-42	-14
"K_1520 Ørsta"	"1989"	10209	131	89	42	267	330	-63	-23
"K_1520 Ørsta"	"1990"	10186	158	97	61	293	293	0	62
"K_1520 Ørsta"	"1991"	10248	139	107	32	282	314	-32	-1
"K_1520 Ørsta"	"1992"	10247	121	108	13	268	279	-11	2
"K_1520 Ørsta"	"1993"	10249	123	109	14	282	277	5	18
"K_1520 Ørsta"	"1994"	10267	141	92	49	303	314	-11	38
"K_1520 Ørsta"	"1995"	10305	148	96	52	345	333	12	67
"K_1520 Ørsta"	"1996"	10372	135	103	32	318	392	-74	-39
"K_1520 Ørsta"	"1997"	10333	131	110	21	388	365	23	41
"K_1520 Ørsta"	"1998"	10374	117	86	31	307	352	-45	-17
"K_1520 Ørsta"	"1999"	10357	126	135	-9	325	393	-68	-81
"K_1520 Ørsta"	"2000"	10276	120	102	18	299	335	-36	-17
"K_1520 Ørsta"	"2001"	10259	129	88	41	265	340	-75	-41
"K_1520 Ørsta"	"2002"	10218	153	82	71	280	304	-24	51
"K_1520 Ørsta"	"2003"	10269	118	109	9	297	309	-12	-2
"K_1520 Ørsta"	"2004"	10267	116	82	34	275	343	-68	-34
"K_1520 Ørsta"	"2005"	10233	122	84	38	285	299	-14	24
"K_1520 Ørsta"	"2006"	10257	103	88	15	253	364	-111	-95
"K_1520 Ørsta"	"2007"	10162	125	111	14	289	301	-12	1
"K_1520 Ørsta"	"2008"	10163	121	100	21	275	254	21	37
"K_1520 Ørsta"	"2009"	10200	145	116	29	381	271	110	143
"K_1520 Ørsta"	"2010"	10343	120	102	18	357	346	11	30
"K_1520 Ørsta"	"2011"	10373	119	98	21	327	323	4	25
"K_1520 Ørsta"	"2012"	10398	129	98	31	395	373	22	58
"K_1520 Ørsta"	"2013"	10456	124	87	37	380	336	44	80
"K_1520 Ørsta"	"2014"	10536	116	95	21	394	357	37	53
"K_1520 Ørsta"	"2015"	10589	111	88	23	370	305	65	88
"K_1520 Ørsta"	"2016"	10677	101	109	-8	418	343	75	67
"K_1520 Ørsta"	"2017"	10744	108	102	6	403	341	62	68
"K_1520 Ørsta"	"2018"	10812	121	97	24	362	341	21	45
"K_1520 Ørsta"	"2019"	10857	142	89	53	371	352	19	72
"K_1520 Ørsta"	"2020"	10825	101	83	18	309	320	-11	5
"K_1520 Ørsta"	"2021"	10830	105	104	1	350	352	-2	3
"K_1520 Ørsta"	"2022"	10833	116	90	26	438	363	75	96
"K_1520 Ørsta"	"2023"	10929	98	99	-1	371	347	24	29
"K_1520 Ørsta"	"2024"	10958	..	..	..	..	..	..	..
"K_1525 Stranda"	"1951"	4002	73	40	33	262	262	0	33
"K_1525 Stranda"	"1952"	4035	73	36	37	210	264	-54	-17
"K_1525 Stranda"	"1953"	4018	64	27	37	226	235	-9	28
"K_1525 Stranda"	"1954"	4046	89	36	53	233	249	-16	37
"K_1525 Stranda"	"1955"	4083	82	33	49	299	297	2	31
"K_1525 Stranda"	"1956"	4114	96	52	44	309	277	32	76
"K_1525 Stranda"	"1957"	4190	89	42	47	310	305	5	52
"K_1525 Stranda"	"1958"	4242	78	46	32	224	254	-30	2
"K_1525 Stranda"	"1959"	4244	83	18	65	293	234	59	124
"K_1525 Stranda"	"1960"	4368	111	30	81	327	290	37	106
"K_1525 Stranda"	"1961"	4474	101	32	69	276	272	4	73
"K_1525 Stranda"	"1962"	4547	94	38	56	303	291	12	68
"K_1525 Stranda"	"1963"	4615	99	33	66	342	360	-18	48
"K_1525 Stranda"	"1964"	4663	94	41	53	228	270	-42	11
"K_1525 Stranda"	"1965"	4674	89	45	44	278	297	-19	25
"K_1525 Stranda"	"1966"	4699	97	45	52	286	284	2	41
"K_1525 Stranda"	"1967"	4740	102	43	59	344	349	-5	54
"K_1525 Stranda"	"1968"	4794	86	41	45	321	334	-13	24
"K_1525 Stranda"	"1969"	4818	108	36	72	285	339	-54	24
"K_1525 Stranda"	"1970"	4842	84	44	40	303	353	-50	-11
"K_1525 Stranda"	"1971"	4831	78	43	35	283	280	3	36
"K_1525 Stranda"	"1972"	4867	78	45	33	315	318	-3	31
"K_1525 Stranda"	"1973"	4898	92	37	55	321	351	-30	24
"K_1525 Stranda"	"1974"	4922	73	18	55	272	301	-29	23
"K_1525 Stranda"	"1975"	4945	64	34	30	215	277	-62	-31
"K_1525 Stranda"	"1976"	4914	59	32	27	237	225	12	37
"K_1525 Stranda"	"1977"	4951	50	26	24	204	285	-81	-57
"K_1525 Stranda"	"1978"	4894	50	40	10	221	237	-16	-6
"K_1525 Stranda"	"1979"	4888	52	48	4	182	222	-40	-36
"K_1525 Stranda"	"1980"	4852	52	43	9	194	230	-36	-27
"K_1525 Stranda"	"1981"	4825	40	43	-3	210	211	-1	-3
"K_1525 Stranda"	"1982"	4822	67	53	14	168	188	-20	-8
"K_1525 Stranda"	"1983"	4814	55	36	19	174	203	-29	-8
"K_1525 Stranda"	"1984"	4806	55	39	16	114	171	-57	-41
"K_1525 Stranda"	"1985"	4765	53	59	-6	165	179	-14	-20
"K_1525 Stranda"	"1986"	4745	57	43	14	198	205	-7	5
"K_1525 Stranda"	"1987"	4750	51	52	-1	126	201	-75	-82
"K_1525 Stranda"	"1988"	4668	66	49	17	150	178	-28	-13
"K_1525 Stranda"	"1989"	4655	61	40	21	130	144	-14	5
"K_1525 Stranda"	"1990"	4660	55	52	3	99	168	-69	-65
"K_1525 Stranda"	"1991"	4595	59	70	-11	131	166	-35	-45
"K_1525 Stranda"	"1992"	4550	66	47	19	150	176	-26	-8
"K_1525 Stranda"	"1993"	4542	66	54	12	128	156	-28	-19
"K_1525 Stranda"	"1994"	4523	50	44	6	174	160	14	20
"K_1525 Stranda"	"1995"	4543	61	56	5	199	159	40	42
"K_1525 Stranda"	"1996"	4585	61	54	7	179	181	-2	7
"K_1525 Stranda"	"1997"	4592	58	56	2	264	218	46	48
"K_1525 Stranda"	"1998"	4640	63	37	26	257	219	38	59
"K_1525 Stranda"	"1999"	4699	78	43	35	175	232	-57	-22
"K_1525 Stranda"	"2000"	4677	62	47	15	193	229	-36	-21
"K_1525 Stranda"	"2001"	4656	66	41	25	157	156	1	27
"K_1525 Stranda"	"2002"	4683	63	46	17	147	140	7	22
"K_1525 Stranda"	"2003"	4705	61	38	23	135	200	-65	-42
"K_1525 Stranda"	"2004"	4663	37	39	-2	121	176	-55	-58
"K_1525 Stranda"	"2005"	4605	40	45	-5	120	176	-56	-61
"K_1525 Stranda"	"2006"	4544	51	52	-1	111	152	-41	-44
"K_1525 Stranda"	"2007"	4500	63	38	25	185	167	18	43
"K_1525 Stranda"	"2008"	4543	40	44	-4	147	153	-6	-10
"K_1525 Stranda"	"2009"	4533	41	46	-5	134	131	3	-2
"K_1525 Stranda"	"2010"	4531	44	54	-10	201	144	57	44
"K_1525 Stranda"	"2011"	4575	46	39	7	181	163	18	27
"K_1525 Stranda"	"2012"	4602	42	50	-8	202	186	16	8
"K_1525 Stranda"	"2013"	4610	46	43	3	186	183	3	6
"K_1525 Stranda"	"2014"	4616	32	46	-14	162	159	3	-11
"K_1525 Stranda"	"2015"	4605	45	45	0	173	181	-8	-7
"K_1525 Stranda"	"2016"	4598	39	32	7	191	173	18	25
"K_1525 Stranda"	"2017"	4623	37	48	-11	175	203	-28	-36
"K_1525 Stranda"	"2018"	4587	51	45	6	177	205	-28	-22
"K_1525 Stranda"	"2019"	4565	43	47	-4	152	190	-38	-42
"K_1525 Stranda"	"2020"	4523	35	40	-5	172	210	-38	-41
"K_1525 Stranda"	"2021"	4482	30	42	-12	201	201	0	-15
"K_1525 Stranda"	"2022"	4467	34	50	-16	187	219	-32	-46
"K_1525 Stranda"	"2023"	4421	26	50	-24	205	252	-47	-73
"K_1525 Stranda"	"2024"	4348	..	..	..	..	..	..	..
"K_1528 Sykkylven"	"1951"	3816	86	34	52	370	252	118	170
"K_1528 Sykkylven"	"1952"	3986	112	31	81	264	270	-6	75
"K_1528 Sykkylven"	"1953"	4061	102	35	67	338	253	85	152
"K_1528 Sykkylven"	"1954"	4213	104	36	68	313	334	-21	47
"K_1528 Sykkylven"	"1955"	4260	92	33	59	296	272	24	36
"K_1528 Sykkylven"	"1956"	4644	124	42	82	299	289	10	92
"K_1528 Sykkylven"	"1957"	4736	126	34	92	292	301	-9	83
"K_1528 Sykkylven"	"1958"	4819	114	34	80	152	279	-127	-47
"K_1528 Sykkylven"	"1959"	4772	101	26	75	194	247	-53	22
"K_1528 Sykkylven"	"1960"	4794	108	38	70	211	272	-61	21
"K_1528 Sykkylven"	"1961"	4815	102	33	69	176	203	-27	42
"K_1528 Sykkylven"	"1962"	4857	77	25	52	173	225	-52	0
"K_1528 Sykkylven"	"1963"	4857	86	31	55	154	220	-66	-11
"K_1528 Sykkylven"	"1964"	4846	102	36	66	259	182	77	143
"K_1528 Sykkylven"	"1965"	4989	112	33	79	221	218	3	82
"K_1528 Sykkylven"	"1966"	5071	106	36	70	291	228	63	131
"K_1528 Sykkylven"	"1967"	5202	113	33	80	294	287	7	87
"K_1528 Sykkylven"	"1968"	5289	111	37	74	280	268	12	85
"K_1528 Sykkylven"	"1969"	5374	126	25	101	284	215	69	170
"K_1528 Sykkylven"	"1970"	5544	117	36	81	309	304	5	99
"K_1528 Sykkylven"	"1971"	5643	113	20	93	254	238	16	108
"K_1528 Sykkylven"	"1972"	5751	115	42	73	260	264	-4	73
"K_1528 Sykkylven"	"1973"	5824	104	45	59	276	223	53	113
"K_1528 Sykkylven"	"1974"	5937	101	57	44	264	247	17	62
"K_1528 Sykkylven"	"1975"	5999	84	36	48	196	240	-44	1
"K_1528 Sykkylven"	"1976"	6000	108	29	79	265	179	86	167
"K_1528 Sykkylven"	"1977"	6167	73	40	33	300	245	55	86
"K_1528 Sykkylven"	"1978"	6253	86	38	48	221	232	-11	38
"K_1528 Sykkylven"	"1979"	6291	111	38	73	287	238	49	122
"K_1528 Sykkylven"	"1980"	6413	101	35	66	290	210	80	146
"K_1528 Sykkylven"	"1981"	6559	92	44	48	203	231	-28	20
"K_1528 Sykkylven"	"1982"	6579	110	32	78	195	183	12	90
"K_1528 Sykkylven"	"1983"	6669	107	48	59	159	196	-37	17
"K_1528 Sykkylven"	"1984"	6686	98	45	53	156	144	12	66
"K_1528 Sykkylven"	"1985"	6752	78	56	22	179	196	-17	1
"K_1528 Sykkylven"	"1986"	6753	94	46	48	183	217	-34	10
"K_1528 Sykkylven"	"1987"	6763	77	53	24	195	227	-32	-3
"K_1528 Sykkylven"	"1988"	6760	97	46	51	217	234	-17	32
"K_1528 Sykkylven"	"1989"	6792	101	55	46	197	212	-15	31
"K_1528 Sykkylven"	"1990"	6823	111	55	56	178	173	5	64
"K_1528 Sykkylven"	"1991"	6887	94	39	55	170	173	-3	55
"K_1528 Sykkylven"	"1992"	6942	89	58	31	192	156	36	69
"K_1528 Sykkylven"	"1993"	7011	101	51	50	143	197	-54	-5
"K_1528 Sykkylven"	"1994"	7006	92	50	42	224	243	-19	23
"K_1528 Sykkylven"	"1995"	7029	83	59	24	210	181	29	54
"K_1528 Sykkylven"	"1996"	7083	96	53	43	209	238	-29	13
"K_1528 Sykkylven"	"1997"	7096	93	61	32	262	231	31	64
"K_1528 Sykkylven"	"1998"	7160	87	57	30	314	258	56	88
"K_1528 Sykkylven"	"1999"	7248	118	50	68	215	252	-37	32
"K_1528 Sykkylven"	"2000"	7280	120	62	58	278	233	45	103
"K_1528 Sykkylven"	"2001"	7383	118	64	54	239	228	11	63
"K_1528 Sykkylven"	"2002"	7446	96	61	35	192	250	-58	-22
"K_1528 Sykkylven"	"2003"	7424	91	47	44	208	233	-25	20
"K_1528 Sykkylven"	"2004"	7444	94	47	47	175	217	-42	2
"K_1528 Sykkylven"	"2005"	7446	65	49	16	178	219	-41	-25
"K_1528 Sykkylven"	"2006"	7421	104	58	46	225	224	1	46
"K_1528 Sykkylven"	"2007"	7467	80	73	7	237	221	16	24
"K_1528 Sykkylven"	"2008"	7491	90	79	11	247	186	61	74
"K_1528 Sykkylven"	"2009"	7565	101	57	44	206	226	-20	24
"K_1528 Sykkylven"	"2010"	7589	98	56	42	288	260	28	73
"K_1528 Sykkylven"	"2011"	7662	80	59	21	214	234	-20	2
"K_1528 Sykkylven"	"2012"	7664	86	79	7	258	257	1	9
"K_1528 Sykkylven"	"2013"	7673	72	60	12	275	230	45	57
"K_1528 Sykkylven"	"2014"	7730	80	63	17	197	237	-40	-23
"K_1528 Sykkylven"	"2015"	7707	83	58	25	193	250	-57	-32
"K_1528 Sykkylven"	"2016"	7675	77	66	11	257	247	10	20
"K_1528 Sykkylven"	"2017"	7695	55	60	-5	255	250	5	0
"K_1528 Sykkylven"	"2018"	7695	64	68	-4	225	258	-33	-38
"K_1528 Sykkylven"	"2019"	7657	55	64	-9	192	217	-25	-32
"K_1528 Sykkylven"	"2020"	7625	58	57	1	207	237	-30	-29
"K_1528 Sykkylven"	"2021"	7596	55	74	-19	261	281	-20	-38
"K_1528 Sykkylven"	"2022"	7558	52	51	1	337	265	72	72
"K_1528 Sykkylven"	"2023"	7630	57	62	-5	264	273	-9	-13
"K_1528 Sykkylven"	"2024"	7617	..	..	..	..	..	..	..
"K_1531 Sula"	"1951"	0	0	0	0	0	0	0	0
"K_1531 Sula"	"1952"	0	0	0	0	0	0	0	0
"K_1531 Sula"	"1953"	0	0	0	0	0	0	0	0
"K_1531 Sula"	"1954"	0	0	0	0	0	0	0	0
"K_1531 Sula"	"1955"	0	0	0	0	0	0	0	0
"K_1531 Sula"	"1956"	0	0	0	0	0	0	0	0
"K_1531 Sula"	"1957"	0	0	0	0	0	0	0	0
"K_1531 Sula"	"1958"	0	0	0	0	0	0	0	0
"K_1531 Sula"	"1959"	0	0	0	0	0	0	0	0
"K_1531 Sula"	"1960"	0	0	0	0	0	0	0	0
"K_1531 Sula"	"1961"	0	0	0	0	0	0	0	0
"K_1531 Sula"	"1962"	0	0	0	0	0	0	0	0
"K_1531 Sula"	"1963"	0	0	0	0	0	0	0	0
"K_1531 Sula"	"1964"	0	0	0	0	0	0	0	0
"K_1531 Sula"	"1965"	0	0	0	0	0	0	0	0
"K_1531 Sula"	"1966"	0	0	0	0	0	0	0	0
"K_1531 Sula"	"1967"	0	0	0	0	0	0	0	0
"K_1531 Sula"	"1968"	0	0	0	0	0	0	0	0
"K_1531 Sula"	"1969"	0	0	0	0	0	0	0	0
"K_1531 Sula"	"1970"	0	0	0	0	0	0	0	0
"K_1531 Sula"	"1971"	0	0	0	0	0	0	0	0
"K_1531 Sula"	"1972"	0	0	0	0	0	0	0	0
"K_1531 Sula"	"1973"	0	0	0	0	0	0	0	0
"K_1531 Sula"	"1974"	0	0	0	0	0	0	0	0
"K_1531 Sula"	"1975"	0	0	0	0	0	0	0	0
"K_1531 Sula"	"1976"	0	0	0	0	0	0	0	0
"K_1531 Sula"	"1977"	6302	83	33	50	281	240	41	91
"K_1531 Sula"	"1978"	6393	104	43	61	218	251	-33	28
"K_1531 Sula"	"1979"	6421	102	54	48	198	203	-5	33
"K_1531 Sula"	"1980"	6454	98	60	38	328	251	77	115
"K_1531 Sula"	"1981"	6569	88	55	33	249	232	17	50
"K_1531 Sula"	"1982"	6619	91	52	39	240	234	6	44
"K_1531 Sula"	"1983"	6663	110	45	65	181	240	-59	7
"K_1531 Sula"	"1984"	6670	84	55	29	172	217	-45	-16
"K_1531 Sula"	"1985"	6654	96	43	53	267	242	25	83
"K_1531 Sula"	"1986"	6737	95	46	49	188	188	0	50
"K_1531 Sula"	"1987"	6787	91	51	40	215	277	-62	-23
"K_1531 Sula"	"1988"	6764	96	70	26	208	267	-59	-30
"K_1531 Sula"	"1989"	6734	94	57	37	173	250	-77	-43
"K_1531 Sula"	"1990"	6691	105	53	52	221	241	-20	32
"K_1531 Sula"	"1991"	6723	95	56	39	200	225	-25	16
"K_1531 Sula"	"1992"	6739	95	58	37	204	204	0	38
"K_1531 Sula"	"1993"	6777	105	59	46	172	224	-52	-7
"K_1531 Sula"	"1994"	6770	79	62	17	264	228	36	53
"K_1531 Sula"	"1995"	6823	85	58	27	220	267	-47	-21
"K_1531 Sula"	"1996"	6802	101	46	55	250	248	2	59
"K_1531 Sula"	"1997"	6861	90	67	23	276	222	54	77
"K_1531 Sula"	"1998"	6938	102	56	46	259	240	19	67
"K_1531 Sula"	"1999"	7005	95	46	49	283	268	15	65
"K_1531 Sula"	"2000"	7070	96	65	31	289	316	-27	3
"K_1531 Sula"	"2001"	7073	87	50	37	381	263	118	157
"K_1531 Sula"	"2002"	7230	79	65	14	310	250	60	74
"K_1531 Sula"	"2003"	7304	94	58	36	326	324	2	38
"K_1531 Sula"	"2004"	7342	93	48	45	362	294	68	111
"K_1531 Sula"	"2005"	7453	94	51	43	307	301	6	49
"K_1531 Sula"	"2006"	7502	96	51	45	279	287	-8	36
"K_1531 Sula"	"2007"	7538	105	67	38	363	315	48	88
"K_1531 Sula"	"2008"	7626	108	62	46	400	298	102	152
"K_1531 Sula"	"2009"	7778	120	66	54	363	266	97	153
"K_1531 Sula"	"2010"	7931	126	49	77	429	343	86	165
"K_1531 Sula"	"2011"	8096	125	49	76	464	374	90	160
"K_1531 Sula"	"2012"	8256	109	63	46	457	363	94	141
"K_1531 Sula"	"2013"	8397	119	64	55	537	338	199	254
"K_1531 Sula"	"2014"	8651	122	61	61	465	321	144	204
"K_1531 Sula"	"2015"	8855	115	79	36	425	364	61	97
"K_1531 Sula"	"2016"	8952	120	79	41	414	400	14	55
"K_1531 Sula"	"2017"	9007	126	67	59	426	359	67	124
"K_1531 Sula"	"2018"	9131	109	52	57	450	367	83	140
"K_1531 Sula"	"2019"	9271	91	67	24	386	372	14	39
"K_1531 Sula"	"2020"	9310	101	63	38	437	376	61	99
"K_1531 Sula"	"2021"	9409	97	66	31	478	372	106	138
"K_1531 Sula"	"2022"	9547	94	72	22	467	399	68	89
"K_1531 Sula"	"2023"	9636	95	64	31	446	396	50	84
"K_1531 Sula"	"2024"	9720	..	..	..	..	..	..	..
"K_1532 Giske"	"1951"	3915	93	33	60	129	178	-49	11
"K_1532 Giske"	"1952"	3926	92	36	56	118	117	1	57
"K_1532 Giske"	"1953"	3983	118	36	82	121	151	-30	52
"K_1532 Giske"	"1954"	4035	120	28	92	156	129	27	119
"K_1532 Giske"	"1955"	4154	107	25	82	125	172	-47	30
"K_1532 Giske"	"1956"	4184	111	36	75	151	161	-10	65
"K_1532 Giske"	"1957"	4249	101	24	77	155	162	-7	70
"K_1532 Giske"	"1958"	4319	118	37	81	170	149	21	102
"K_1532 Giske"	"1959"	4421	102	35	67	163	146	17	84
"K_1532 Giske"	"1960"	4505	99	34	65	198	211	-13	38
"K_1532 Giske"	"1961"	4543	114	39	75	142	192	-50	25
"K_1532 Giske"	"1962"	4568	110	39	71	188	180	8	79
"K_1532 Giske"	"1963"	4647	112	44	68	125	196	-71	-3
"K_1532 Giske"	"1964"	4644	98	37	61	183	163	20	81
"K_1532 Giske"	"1965"	4725	99	31	68	137	152	-15	53
"K_1532 Giske"	"1966"	4778	120	42	78	148	162	-14	59
"K_1532 Giske"	"1967"	4837	91	33	58	194	121	73	131
"K_1532 Giske"	"1968"	4968	116	44	72	168	154	14	86
"K_1532 Giske"	"1969"	5054	119	45	74	154	149	5	80
"K_1532 Giske"	"1970"	5134	106	29	77	191	226	-35	37
"K_1532 Giske"	"1971"	5171	112	33	79	161	171	-10	69
"K_1532 Giske"	"1972"	5240	109	33	76	188	167	21	99
"K_1532 Giske"	"1973"	5339	104	54	50	160	142	18	68
"K_1532 Giske"	"1974"	5407	91	47	44	240	167	73	117
"K_1532 Giske"	"1975"	5524	105	42	63	186	157	29	92
"K_1532 Giske"	"1976"	5616	93	29	64	175	141	34	96
"K_1532 Giske"	"1977"	5712	76	44	32	187	180	7	39
"K_1532 Giske"	"1978"	5751	83	45	38	219	171	48	87
"K_1532 Giske"	"1979"	5838	108	53	55	188	111	77	133
"K_1532 Giske"	"1980"	5971	93	41	52	183	164	19	71
"K_1532 Giske"	"1981"	6042	92	37	55	167	174	-7	48
"K_1532 Giske"	"1982"	6090	94	45	49	184	221	-37	13
"K_1532 Giske"	"1983"	6103	96	55	41	161	173	-12	29
"K_1532 Giske"	"1984"	6132	105	33	72	127	206	-79	-7
"K_1532 Giske"	"1985"	6125	96	49	47	154	172	-18	25
"K_1532 Giske"	"1986"	6150	91	36	55	184	230	-46	11
"K_1532 Giske"	"1987"	6161	97	55	42	166	193	-27	14
"K_1532 Giske"	"1988"	6175	98	44	54	210	192	18	71
"K_1532 Giske"	"1989"	6246	92	40	52	219	263	-44	7
"K_1532 Giske"	"1990"	6253	100	51	49	164	263	-99	-50
"K_1532 Giske"	"1991"	6203	106	41	65	139	165	-26	37
"K_1532 Giske"	"1992"	6240	77	54	23	125	222	-97	-71
"K_1532 Giske"	"1993"	6169	82	55	27	163	182	-19	8
"K_1532 Giske"	"1994"	6177	70	41	29	177	188	-11	16
"K_1532 Giske"	"1995"	6193	91	45	46	164	224	-60	-10
"K_1532 Giske"	"1996"	6183	88	47	41	235	263	-28	15
"K_1532 Giske"	"1997"	6198	108	48	60	224	211	13	73
"K_1532 Giske"	"1998"	6271	79	41	38	260	228	32	66
"K_1532 Giske"	"1999"	6337	110	63	47	198	241	-43	7
"K_1532 Giske"	"2000"	6344	89	51	38	234	221	13	51
"K_1532 Giske"	"2001"	6395	89	47	42	191	189	2	44
"K_1532 Giske"	"2002"	6439	87	56	31	203	178	25	56
"K_1532 Giske"	"2003"	6495	90	39	51	232	199	33	83
"K_1532 Giske"	"2004"	6578	89	40	49	197	233	-36	13
"K_1532 Giske"	"2005"	6591	94	47	47	197	205	-8	39
"K_1532 Giske"	"2006"	6630	86	49	37	176	195	-19	17
"K_1532 Giske"	"2007"	6647	109	59	50	271	191	80	130
"K_1532 Giske"	"2008"	6777	79	65	14	260	185	75	96
"K_1532 Giske"	"2009"	6873	102	43	59	255	161	94	156
"K_1532 Giske"	"2010"	7029	76	56	20	354	257	97	120
"K_1532 Giske"	"2011"	7149	90	46	44	404	284	120	163
"K_1532 Giske"	"2012"	7312	95	45	50	507	326	181	229
"K_1532 Giske"	"2013"	7541	93	48	45	455	303	152	198
"K_1532 Giske"	"2014"	7739	115	53	62	448	325	123	185
"K_1532 Giske"	"2015"	7924	110	57	53	464	346	118	170
"K_1532 Giske"	"2016"	8094	113	52	61	422	399	23	82
"K_1532 Giske"	"2017"	8176	119	46	73	406	364	42	116
"K_1532 Giske"	"2018"	8292	108	42	66	377	338	39	106
"K_1532 Giske"	"2019"	8398	99	49	50	380	367	13	63
"K_1532 Giske"	"2020"	8462	99	62	37	373	359	14	44
"K_1532 Giske"	"2021"	8506	120	59	61	389	365	24	91
"K_1532 Giske"	"2022"	8597	82	64	18	388	310	78	95
"K_1532 Giske"	"2023"	8692	84	61	23	327	351	-24	-1
"K_1532 Giske"	"2024"	8691	..	..	..	..	..	..	..
"K_1535 Vestnes"	"1951"	4901	115	50	65	182	244	-62	3
"K_1535 Vestnes"	"1952"	4904	111	60	51	228	208	20	71
"K_1535 Vestnes"	"1953"	4975	102	42	60	261	260	1	61
"K_1535 Vestnes"	"1954"	5036	109	48	61	221	228	-7	54
"K_1535 Vestnes"	"1955"	5090	107	45	62	208	282	-74	47
"K_1535 Vestnes"	"1956"	5137	89	36	53	177	292	-115	-62
"K_1535 Vestnes"	"1957"	5075	87	47	40	232	293	-61	-21
"K_1535 Vestnes"	"1958"	5054	90	52	38	237	240	-3	35
"K_1535 Vestnes"	"1959"	5089	91	39	52	266	252	14	66
"K_1535 Vestnes"	"1960"	5155	94	48	46	260	264	-4	40
"K_1535 Vestnes"	"1961"	5195	96	29	67	174	248	-74	-7
"K_1535 Vestnes"	"1962"	5188	95	51	44	244	267	-23	21
"K_1535 Vestnes"	"1963"	5209	77	48	29	237	261	-24	5
"K_1535 Vestnes"	"1964"	5214	89	42	47	240	234	6	53
"K_1535 Vestnes"	"1965"	5267	86	45	41	224	237	-13	28
"K_1535 Vestnes"	"1966"	5295	102	47	55	271	254	17	57
"K_1535 Vestnes"	"1967"	5352	79	47	32	282	248	34	66
"K_1535 Vestnes"	"1968"	5418	88	58	30	240	267	-27	19
"K_1535 Vestnes"	"1969"	5437	83	50	33	233	273	-40	-9
"K_1535 Vestnes"	"1970"	5428	105	44	61	457	307	150	209
"K_1535 Vestnes"	"1971"	5637	85	49	36	278	293	-15	25
"K_1535 Vestnes"	"1972"	5662	106	55	51	355	296	59	102
"K_1535 Vestnes"	"1973"	5764	96	48	48	403	290	113	159
"K_1535 Vestnes"	"1974"	5923	91	45	46	371	312	59	103
"K_1535 Vestnes"	"1975"	6026	77	51	26	297	316	-19	8
"K_1535 Vestnes"	"1976"	6034	66	52	14	266	221	45	57
"K_1535 Vestnes"	"1977"	6091	79	74	5	324	287	37	43
"K_1535 Vestnes"	"1978"	6134	72	59	13	295	256	39	52
"K_1535 Vestnes"	"1979"	6186	90	61	29	291	237	54	84
"K_1535 Vestnes"	"1980"	6270	75	61	14	256	253	3	19
"K_1535 Vestnes"	"1981"	6289	83	62	21	276	257	19	39
"K_1535 Vestnes"	"1982"	6328	99	79	20	225	266	-41	-21
"K_1535 Vestnes"	"1983"	6307	89	67	22	291	217	74	96
"K_1535 Vestnes"	"1984"	6403	86	77	9	200	190	10	19
"K_1535 Vestnes"	"1985"	6422	60	63	-3	171	233	-62	-63
"K_1535 Vestnes"	"1986"	6359	72	65	7	206	228	-22	-15
"K_1535 Vestnes"	"1987"	6344	82	58	24	268	240	28	49
"K_1535 Vestnes"	"1988"	6393	103	78	25	244	272	-28	-4
"K_1535 Vestnes"	"1989"	6389	82	69	13	207	207	0	7
"K_1535 Vestnes"	"1990"	6396	118	66	52	155	189	-34	17
"K_1535 Vestnes"	"1991"	6413	112	60	52	177	198	-21	34
"K_1535 Vestnes"	"1992"	6447	96	68	28	180	195	-15	8
"K_1535 Vestnes"	"1993"	6455	78	51	27	167	191	-24	5
"K_1535 Vestnes"	"1994"	6460	90	63	27	178	198	-20	7
"K_1535 Vestnes"	"1995"	6467	86	54	32	202	228	-26	3
"K_1535 Vestnes"	"1996"	6470	86	78	8	232	199	33	42
"K_1535 Vestnes"	"1997"	6512	99	81	18	184	223	-39	-22
"K_1535 Vestnes"	"1998"	6490	76	66	10	207	203	4	15
"K_1535 Vestnes"	"1999"	6505	74	86	-12	232	195	37	25
"K_1535 Vestnes"	"2000"	6530	68	59	9	188	241	-53	-44
"K_1535 Vestnes"	"2001"	6486	65	73	-8	179	234	-55	-62
"K_1535 Vestnes"	"2002"	6424	81	66	15	197	196	1	18
"K_1535 Vestnes"	"2003"	6442	58	58	0	162	215	-53	-53
"K_1535 Vestnes"	"2004"	6389	75	49	26	151	173	-22	1
"K_1535 Vestnes"	"2005"	6390	69	50	19	191	162	29	52
"K_1535 Vestnes"	"2006"	6442	61	70	-9	165	197	-32	-40
"K_1535 Vestnes"	"2007"	6402	61	57	4	233	202	31	32
"K_1535 Vestnes"	"2008"	6434	73	54	19	221	192	29	44
"K_1535 Vestnes"	"2009"	6478	67	66	1	226	197	29	28
"K_1535 Vestnes"	"2010"	6506	66	63	3	251	253	-2	-2
"K_1535 Vestnes"	"2011"	6504	50	70	-20	309	254	55	35
"K_1535 Vestnes"	"2012"	6539	66	65	1	347	261	86	87
"K_1535 Vestnes"	"2013"	6626	54	84	-30	337	317	20	-11
"K_1535 Vestnes"	"2014"	6615	62	50	12	398	315	83	93
"K_1535 Vestnes"	"2015"	6708	62	64	-2	267	362	-95	-97
"K_1535 Vestnes"	"2016"	6611	68	67	1	281	318	-37	-34
"K_1535 Vestnes"	"2017"	6577	51	57	-6	230	243	-13	-18
"K_1535 Vestnes"	"2018"	6559	52	67	-15	237	245	-8	-23
"K_1535 Vestnes"	"2019"	6536	66	58	8	211	222	-11	-4
"K_1535 Vestnes"	"2020"	6532	60	51	9	234	229	5	15
"K_1535 Vestnes"	"2021"	6958	53	73	-20	279	283	-4	-22
"K_1535 Vestnes"	"2022"	6936	43	82	-39	398	237	161	115
"K_1535 Vestnes"	"2023"	7051	50	66	-16	353	242	111	96
"K_1535 Vestnes"	"2024"	7147	..	..	..	..	..	..	..
"K_1539 Rauma"	"1951"	0	0	0	0	0	0	0	0
"K_1539 Rauma"	"1952"	0	0	0	0	0	0	0	0
"K_1539 Rauma"	"1953"	0	0	0	0	0	0	0	0
"K_1539 Rauma"	"1954"	0	0	0	0	0	0	0	0
"K_1539 Rauma"	"1955"	0	0	0	0	0	0	0	0
"K_1539 Rauma"	"1956"	0	0	0	0	0	0	0	0
"K_1539 Rauma"	"1957"	0	0	0	0	0	0	0	0
"K_1539 Rauma"	"1958"	0	0	0	0	0	0	0	0
"K_1539 Rauma"	"1959"	0	0	0	0	0	0	0	0
"K_1539 Rauma"	"1960"	0	0	0	0	0	0	0	0
"K_1539 Rauma"	"1961"	0	0	0	0	0	0	0	0
"K_1539 Rauma"	"1962"	0	0	0	0	0	0	0	0
"K_1539 Rauma"	"1963"	0	0	0	0	0	0	0	0
"K_1539 Rauma"	"1964"	8290	153	79	74	326	433	-107	-33
"K_1539 Rauma"	"1965"	8257	146	78	68	390	516	-126	-58
"K_1539 Rauma"	"1966"	8199	131	90	41	353	455	-102	-62
"K_1539 Rauma"	"1967"	8137	129	83	46	421	462	-41	5
"K_1539 Rauma"	"1968"	8142	141	84	57	413	506	-93	-36
"K_1539 Rauma"	"1969"	8106	142	73	69	355	460	-105	-32
"K_1539 Rauma"	"1970"	8074	139	81	58	404	496	-92	-33
"K_1539 Rauma"	"1971"	8041	100	83	17	435	416	19	32
"K_1539 Rauma"	"1972"	8073	109	82	27	411	403	8	47
"K_1539 Rauma"	"1973"	8120	109	61	48	310	409	-99	-52
"K_1539 Rauma"	"1974"	8068	121	68	53	591	363	228	272
"K_1539 Rauma"	"1975"	8340	99	81	18	571	459	112	118
"K_1539 Rauma"	"1976"	8458	114	71	43	457	566	-109	-50
"K_1539 Rauma"	"1977"	8408	112	85	27	338	517	-179	-155
"K_1539 Rauma"	"1978"	8253	71	81	-10	287	343	-56	-70
"K_1539 Rauma"	"1979"	8183	100	76	24	260	306	-46	-59
"K_1539 Rauma"	"1980"	8124	91	79	12	338	326	12	25
"K_1539 Rauma"	"1981"	8149	94	91	3	259	326	-67	-64
"K_1539 Rauma"	"1982"	8085	103	95	8	288	239	49	56
"K_1539 Rauma"	"1983"	8141	96	91	5	221	257	-36	-29
"K_1539 Rauma"	"1984"	8112	89	97	-8	200	297	-97	-109
"K_1539 Rauma"	"1985"	8003	97	102	-5	196	319	-123	-129
"K_1539 Rauma"	"1986"	7874	95	94	1	239	302	-63	-64
"K_1539 Rauma"	"1987"	7810	91	71	20	211	246	-35	-17
"K_1539 Rauma"	"1988"	7793	108	81	27	252	238	14	40
"K_1539 Rauma"	"1989"	7833	104	109	-5	219	227	-8	-14
"K_1539 Rauma"	"1990"	7819	105	96	9	241	245	-4	6
"K_1539 Rauma"	"1991"	7825	99	109	-10	230	251	-21	-32
"K_1539 Rauma"	"1992"	7793	89	77	12	200	221	-21	-8
"K_1539 Rauma"	"1993"	7785	91	126	-35	194	239	-45	-84
"K_1539 Rauma"	"1994"	7701	98	77	21	197	203	-6	14
"K_1539 Rauma"	"1995"	7715	113	97	16	235	249	-14	4
"K_1539 Rauma"	"1996"	7719	94	103	-9	196	262	-66	-73
"K_1539 Rauma"	"1997"	7646	82	98	-16	259	274	-15	-31
"K_1539 Rauma"	"1998"	7615	82	97	-15	207	297	-90	-111
"K_1539 Rauma"	"1999"	7504	70	80	-10	183	264	-81	-89
"K_1539 Rauma"	"2000"	7415	73	82	-9	238	222	16	7
"K_1539 Rauma"	"2001"	7422	74	90	-16	218	244	-26	-41
"K_1539 Rauma"	"2002"	7381	79	106	-27	206	248	-42	-69
"K_1539 Rauma"	"2003"	7312	82	76	6	224	213	11	22
"K_1539 Rauma"	"2004"	7334	79	75	4	212	214	-2	2
"K_1539 Rauma"	"2005"	7336	68	81	-13	274	250	24	11
"K_1539 Rauma"	"2006"	7347	70	84	-14	210	219	-9	-22
"K_1539 Rauma"	"2007"	7325	68	63	5	280	237	43	54
"K_1539 Rauma"	"2008"	7379	76	77	-1	252	250	2	-3
"K_1539 Rauma"	"2009"	7376	65	78	-13	255	204	51	37
"K_1539 Rauma"	"2010"	7413	83	82	1	230	243	-13	-13
"K_1539 Rauma"	"2011"	7400	95	64	31	279	276	3	28
"K_1539 Rauma"	"2012"	7428	76	96	-20	246	234	12	-7
"K_1539 Rauma"	"2013"	7421	77	70	7	278	253	25	32
"K_1539 Rauma"	"2014"	7453	66	72	-6	256	258	-2	-8
"K_1539 Rauma"	"2015"	7445	62	74	-12	248	189	59	47
"K_1539 Rauma"	"2016"	7492	74	84	-10	248	228	20	11
"K_1539 Rauma"	"2017"	7503	84	83	1	255	253	2	4
"K_1539 Rauma"	"2018"	7507	58	87	-29	234	226	8	-20
"K_1539 Rauma"	"2019"	7487	56	83	-27	233	225	8	-19
"K_1539 Rauma"	"2020"	7468	67	74	-7	214	237	-23	-31
"K_1539 Rauma"	"2021"	7026	55	87	-32	270	244	26	-7
"K_1539 Rauma"	"2022"	7019	67	77	-10	382	349	33	27
"K_1539 Rauma"	"2023"	7046	57	62	-5	509	250	259	253
"K_1539 Rauma"	"2024"	7299	..	..	..	..	..	..	..
"K_1547 Aukra"	"1951"	2450	54	14	40	88	85	3	43
"K_1547 Aukra"	"1952"	2493	60	18	42	49	65	-16	26
"K_1547 Aukra"	"1953"	2519	53	17	36	73	104	-31	5
"K_1547 Aukra"	"1954"	2524	62	20	42	78	120	-42	0
"K_1547 Aukra"	"1955"	2524	60	23	37	69	96	-27	-73
"K_1547 Aukra"	"1956"	2451	52	19	33	87	100	-13	20
"K_1547 Aukra"	"1957"	2471	69	15	54	67	66	1	55
"K_1547 Aukra"	"1958"	2526	65	24	41	107	99	8	49
"K_1547 Aukra"	"1959"	2575	62	12	50	82	120	-38	12
"K_1547 Aukra"	"1960"	2587	53	19	34	89	111	-22	59
"K_1547 Aukra"	"1961"	2646	58	25	33	74	106	-32	1
"K_1547 Aukra"	"1962"	2647	53	20	33	95	117	-22	11
"K_1547 Aukra"	"1963"	2658	54	26	28	78	127	-49	-21
"K_1547 Aukra"	"1964"	2560	54	22	32	84	115	-31	1
"K_1547 Aukra"	"1965"	2561	38	19	19	97	149	-52	-33
"K_1547 Aukra"	"1966"	2528	58	18	40	112	126	-14	23
"K_1547 Aukra"	"1967"	2551	51	24	27	93	108	-15	12
"K_1547 Aukra"	"1968"	2563	47	14	33	146	137	9	42
"K_1547 Aukra"	"1969"	2605	45	19	26	118	121	-3	21
"K_1547 Aukra"	"1970"	2626	57	24	33	145	156	-11	19
"K_1547 Aukra"	"1971"	2645	47	23	24	152	123	29	52
"K_1547 Aukra"	"1972"	2697	49	24	25	112	110	2	27
"K_1547 Aukra"	"1973"	2724	40	21	19	164	121	43	62
"K_1547 Aukra"	"1974"	2786	44	18	26	186	166	20	48
"K_1547 Aukra"	"1975"	2834	41	20	21	155	121	34	54
"K_1547 Aukra"	"1976"	2888	39	15	24	111	120	-9	16
"K_1547 Aukra"	"1977"	2904	37	24	13	131	144	-13	-2
"K_1547 Aukra"	"1978"	2902	47	28	19	140	141	-1	18
"K_1547 Aukra"	"1979"	2920	51	14	37	118	117	1	37
"K_1547 Aukra"	"1980"	2957	45	20	25	127	130	-3	22
"K_1547 Aukra"	"1981"	2979	37	31	6	131	117	14	19
"K_1547 Aukra"	"1982"	2998	39	28	11	162	120	42	53
"K_1547 Aukra"	"1983"	3051	44	21	23	120	136	-16	7
"K_1547 Aukra"	"1984"	3058	42	20	22	84	134	-50	-28
"K_1547 Aukra"	"1985"	3030	30	24	6	103	144	-41	-35
"K_1547 Aukra"	"1986"	2995	30	23	7	125	118	7	14
"K_1547 Aukra"	"1987"	3009	40	32	8	100	146	-46	-40
"K_1547 Aukra"	"1988"	2969	34	34	0	129	110	19	19
"K_1547 Aukra"	"1989"	2988	39	27	12	80	116	-36	-21
"K_1547 Aukra"	"1990"	2967	37	22	15	100	103	-3	12
"K_1547 Aukra"	"1991"	2979	32	23	9	87	127	-40	-31
"K_1547 Aukra"	"1992"	2948	46	24	22	77	73	4	27
"K_1547 Aukra"	"1993"	2975	32	41	-9	82	100	-18	-29
"K_1547 Aukra"	"1994"	2946	26	26	0	83	96	-13	-12
"K_1547 Aukra"	"1995"	2934	29	25	4	138	97	41	44
"K_1547 Aukra"	"1996"	2978	31	15	16	109	115	-6	10
"K_1547 Aukra"	"1997"	2988	35	25	10	106	121	-15	-5
"K_1547 Aukra"	"1998"	2983	41	30	11	117	150	-33	-22
"K_1547 Aukra"	"1999"	2961	31	31	0	140	123	17	17
"K_1547 Aukra"	"2000"	2978	38	33	5	116	131	-15	-10
"K_1547 Aukra"	"2001"	2968	40	21	19	154	116	38	58
"K_1547 Aukra"	"2002"	3026	28	31	-3	128	113	15	12
"K_1547 Aukra"	"2003"	3038	27	15	12	111	105	6	17
"K_1547 Aukra"	"2004"	3055	37	22	15	110	128	-18	-5
"K_1547 Aukra"	"2005"	3050	45	29	16	129	96	33	49
"K_1547 Aukra"	"2006"	3099	44	26	18	156	131	25	43
"K_1547 Aukra"	"2007"	3142	44	30	14	173	156	17	32
"K_1547 Aukra"	"2008"	3174	37	27	10	152	153	-1	9
"K_1547 Aukra"	"2009"	3183	40	35	5	185	176	9	13
"K_1547 Aukra"	"2010"	3196	34	14	20	155	123	32	53
"K_1547 Aukra"	"2011"	3249	25	18	7	182	149	33	40
"K_1547 Aukra"	"2012"	3289	40	31	9	190	150	40	50
"K_1547 Aukra"	"2013"	3339	37	33	4	190	154	36	38
"K_1547 Aukra"	"2014"	3377	37	33	4	236	151	85	89
"K_1547 Aukra"	"2015"	3466	27	25	2	195	145	50	52
"K_1547 Aukra"	"2016"	3518	33	27	6	194	171	23	29
"K_1547 Aukra"	"2017"	3547	31	27	4	199	193	6	10
"K_1547 Aukra"	"2018"	3557	34	32	2	139	159	-20	-18
"K_1547 Aukra"	"2019"	3539	30	26	4	152	201	-49	-45
"K_1547 Aukra"	"2020"	3509	20	35	-15	203	176	27	13
"K_1547 Aukra"	"2021"	3522	26	32	-6	198	194	4	-4
"K_1547 Aukra"	"2022"	3518	24	36	-12	324	176	148	136
"K_1547 Aukra"	"2023"	3654	30	34	-4	241	208	33	24
"K_1547 Aukra"	"2024"	3678	..	..	..	..	..	..	..
"K_1554 Averøy"	"1951"	0	0	0	0	0	0	0	0
"K_1554 Averøy"	"1952"	0	0	0	0	0	0	0	0
"K_1554 Averøy"	"1953"	0	0	0	0	0	0	0	0
"K_1554 Averøy"	"1954"	0	0	0	0	0	0	0	0
"K_1554 Averøy"	"1955"	0	0	0	0	0	0	0	0
"K_1554 Averøy"	"1956"	0	0	0	0	0	0	0	0
"K_1554 Averøy"	"1957"	0	0	0	0	0	0	0	0
"K_1554 Averøy"	"1958"	0	0	0	0	0	0	0	0
"K_1554 Averøy"	"1959"	0	0	0	0	0	0	0	0
"K_1554 Averøy"	"1960"	0	0	0	0	0	0	0	0
"K_1554 Averøy"	"1961"	0	0	0	0	0	0	0	0
"K_1554 Averøy"	"1962"	0	0	0	0	0	0	0	0
"K_1554 Averøy"	"1963"	0	0	0	0	0	0	0	0
"K_1554 Averøy"	"1964"	5202	78	66	12	148	214	-66	-54
"K_1554 Averøy"	"1965"	5148	93	64	29	176	203	-27	2
"K_1554 Averøy"	"1966"	5150	97	33	64	192	242	-50	8
"K_1554 Averøy"	"1967"	5158	83	63	20	206	218	-12	8
"K_1554 Averøy"	"1968"	5166	104	52	52	195	203	-8	56
"K_1554 Averøy"	"1969"	5222	91	56	35	137	201	-64	-35
"K_1554 Averøy"	"1970"	5187	84	65	19	187	280	-93	-81
"K_1554 Averøy"	"1971"	5106	81	59	22	176	201	-25	-2
"K_1554 Averøy"	"1972"	5104	76	53	23	177	183	-6	20
"K_1554 Averøy"	"1973"	5124	87	56	31	215	146	69	101
"K_1554 Averøy"	"1974"	5225	87	50	37	212	202	10	43
"K_1554 Averøy"	"1975"	5268	61	73	-12	211	144	67	53
"K_1554 Averøy"	"1976"	5321	80	56	24	201	127	74	99
"K_1554 Averøy"	"1977"	5420	66	43	23	177	181	-4	18
"K_1554 Averøy"	"1978"	5438	69	57	12	145	138	7	19
"K_1554 Averøy"	"1979"	5457	66	79	-13	177	144	33	19
"K_1554 Averøy"	"1980"	5476	69	57	12	169	161	8	20
"K_1554 Averøy"	"1981"	5496	64	65	-1	195	160	35	33
"K_1554 Averøy"	"1982"	5529	75	57	18	157	137	20	38
"K_1554 Averøy"	"1983"	5567	76	60	16	182	196	-14	2
"K_1554 Averøy"	"1984"	5569	75	42	33	153	173	-20	11
"K_1554 Averøy"	"1985"	5580	68	68	0	181	161	20	21
"K_1554 Averøy"	"1986"	5601	71	63	8	195	205	-10	-2
"K_1554 Averøy"	"1987"	5599	72	61	11	213	205	8	14
"K_1554 Averøy"	"1988"	5613	72	56	16	178	204	-26	-12
"K_1554 Averøy"	"1989"	5601	61	74	-13	208	177	31	17
"K_1554 Averøy"	"1990"	5618	83	72	11	121	197	-76	-64
"K_1554 Averøy"	"1991"	5554	75	65	10	165	139	26	32
"K_1554 Averøy"	"1992"	5586	74	66	8	144	168	-24	-15
"K_1554 Averøy"	"1993"	5571	80	66	14	151	176	-25	-13
"K_1554 Averøy"	"1994"	5558	67	63	4	210	184	26	32
"K_1554 Averøy"	"1995"	5590	55	57	-2	187	192	-5	-6
"K_1554 Averøy"	"1996"	5584	67	60	7	145	168	-23	-15
"K_1554 Averøy"	"1997"	5569	69	58	11	142	201	-59	-49
"K_1554 Averøy"	"1998"	5520	51	64	-13	182	221	-39	-50
"K_1554 Averøy"	"1999"	5470	66	50	16	163	240	-77	-61
"K_1554 Averøy"	"2000"	5409	67	50	17	201	198	3	19
"K_1554 Averøy"	"2001"	5428	63	49	14	214	225	-11	2
"K_1554 Averøy"	"2002"	5430	56	68	-12	206	164	42	32
"K_1554 Averøy"	"2003"	5462	81	52	29	152	169	-17	10
"K_1554 Averøy"	"2004"	5472	57	54	3	161	188	-27	-24
"K_1554 Averøy"	"2005"	5448	55	57	-2	142	228	-86	-88
"K_1554 Averøy"	"2006"	5360	59	53	6	238	237	1	7
"K_1554 Averøy"	"2007"	5367	59	56	3	243	210	33	35
"K_1554 Averøy"	"2008"	5402	51	58	-7	244	192	52	42
"K_1554 Averøy"	"2009"	5444	60	62	-2	268	233	35	33
"K_1554 Averøy"	"2010"	5477	59	60	-1	252	211	41	43
"K_1554 Averøy"	"2011"	5520	68	55	13	281	221	60	73
"K_1554 Averøy"	"2012"	5593	58	58	0	286	228	58	58
"K_1554 Averøy"	"2013"	5651	53	57	-4	282	242	40	36
"K_1554 Averøy"	"2014"	5687	51	49	2	311	206	105	107
"K_1554 Averøy"	"2015"	5794	47	46	1	276	247	29	32
"K_1554 Averøy"	"2016"	5826	45	52	-7	277	241	36	30
"K_1554 Averøy"	"2017"	5856	46	56	-10	241	229	12	3
"K_1554 Averøy"	"2018"	5859	52	51	1	202	213	-11	-10
"K_1554 Averøy"	"2019"	5849	44	50	-6	197	252	-55	-62
"K_1554 Averøy"	"2020"	5788	51	27	24	208	213	-5	20
"K_1554 Averøy"	"2021"	5808	42	50	-8	313	283	30	20
"K_1554 Averøy"	"2022"	5828	57	63	-6	309	259	50	44
"K_1554 Averøy"	"2023"	5872	42	65	-23	338	231	107	83
"K_1554 Averøy"	"2024"	5955	..	..	..	..	..	..	..
"K_1557 Gjemnes"	"1951"	797	18	13	5	41	66	-25	-20
"K_1557 Gjemnes"	"1952"	777	19	5	14	25	32	-7	7
"K_1557 Gjemnes"	"1953"	784	18	3	15	40	55	-15	0
"K_1557 Gjemnes"	"1954"	784	15	10	5	29	47	-18	-13
"K_1557 Gjemnes"	"1955"	771	11	10	1	28	34	-6	-8
"K_1557 Gjemnes"	"1956"	763	19	7	12	55	40	15	27
"K_1557 Gjemnes"	"1957"	790	12	8	4	21	51	-30	-26
"K_1557 Gjemnes"	"1958"	764	10	7	3	41	43	-2	1
"K_1557 Gjemnes"	"1959"	765	22	6	16	18	44	-26	-10
"K_1557 Gjemnes"	"1960"	755	9	10	-1	27	38	-11	-4
"K_1557 Gjemnes"	"1961"	751	14	3	11	14	41	-27	-16
"K_1557 Gjemnes"	"1962"	735	9	6	3	22	36	-14	-11
"K_1557 Gjemnes"	"1963"	724	6	5	1	15	32	-17	-16
"K_1557 Gjemnes"	"1964"	708	11	8	3	26	40	-14	-11
"K_1557 Gjemnes"	"1965"	3040	43	35	8	98	127	-29	-21
"K_1557 Gjemnes"	"1966"	3019	46	46	0	128	145	-17	9
"K_1557 Gjemnes"	"1967"	3028	46	38	8	150	168	-18	-10
"K_1557 Gjemnes"	"1968"	3018	51	40	11	127	220	-93	-94
"K_1557 Gjemnes"	"1969"	2924	39	33	6	157	170	-13	-3
"K_1557 Gjemnes"	"1970"	2921	41	36	5	147	208	-61	-62
"K_1557 Gjemnes"	"1971"	2859	63	33	30	137	126	11	41
"K_1557 Gjemnes"	"1972"	2900	42	40	2	163	150	13	16
"K_1557 Gjemnes"	"1973"	2916	44	35	9	141	137	4	15
"K_1557 Gjemnes"	"1974"	2931	50	43	7	108	140	-32	-25
"K_1557 Gjemnes"	"1975"	2906	38	40	-2	123	143	-20	-22
"K_1557 Gjemnes"	"1976"	2884	33	31	2	114	118	-4	-2
"K_1557 Gjemnes"	"1977"	2882	35	33	2	86	107	-21	-19
"K_1557 Gjemnes"	"1978"	2863	34	32	2	143	83	60	63
"K_1557 Gjemnes"	"1979"	2926	41	33	8	129	133	-4	3
"K_1557 Gjemnes"	"1980"	2929	46	30	16	164	119	45	61
"K_1557 Gjemnes"	"1981"	2990	47	45	2	120	125	-5	-3
"K_1557 Gjemnes"	"1982"	2987	45	24	21	94	123	-29	-8
"K_1557 Gjemnes"	"1983"	2979	40	39	1	116	97	19	20
"K_1557 Gjemnes"	"1984"	2999	51	34	17	92	103	-11	5
"K_1557 Gjemnes"	"1985"	3004	36	40	-4	101	137	-36	-40
"K_1557 Gjemnes"	"1986"	2964	27	42	-15	103	128	-25	-43
"K_1557 Gjemnes"	"1987"	2921	31	38	-7	95	122	-27	-31
"K_1557 Gjemnes"	"1988"	2890	29	32	-3	116	96	20	15
"K_1557 Gjemnes"	"1989"	2905	36	44	-8	128	111	17	10
"K_1557 Gjemnes"	"1990"	2915	24	51	-27	104	119	-15	-42
"K_1557 Gjemnes"	"1991"	2873	33	46	-13	97	107	-10	-24
"K_1557 Gjemnes"	"1992"	2849	17	51	-34	78	112	-34	-67
"K_1557 Gjemnes"	"1993"	2782	31	42	-11	82	71	11	2
"K_1557 Gjemnes"	"1994"	2784	33	28	5	105	81	24	28
"K_1557 Gjemnes"	"1995"	2812	22	41	-19	100	113	-13	-31
"K_1557 Gjemnes"	"1996"	2781	26	27	-1	92	103	-11	-11
"K_1557 Gjemnes"	"1997"	2770	26	33	-7	102	133	-31	-38
"K_1557 Gjemnes"	"1998"	2732	34	34	0	75	129	-54	-54
"K_1557 Gjemnes"	"1999"	2678	26	36	-10	118	103	15	5
"K_1557 Gjemnes"	"2000"	2683	27	37	-10	128	145	-17	-27
"K_1557 Gjemnes"	"2001"	2656	40	31	9	91	131	-40	-29
"K_1557 Gjemnes"	"2002"	2627	32	35	-3	138	105	33	30
"K_1557 Gjemnes"	"2003"	2657	32	28	4	97	109	-12	-7
"K_1557 Gjemnes"	"2004"	2650	42	21	21	128	98	30	50
"K_1557 Gjemnes"	"2005"	2700	31	27	4	79	107	-28	-24
"K_1557 Gjemnes"	"2006"	2676	40	40	0	91	121	-30	-29
"K_1557 Gjemnes"	"2007"	2647	30	26	4	119	132	-13	-11
"K_1557 Gjemnes"	"2008"	2636	31	37	-6	108	120	-12	-18
"K_1557 Gjemnes"	"2009"	2618	28	25	3	96	118	-22	-19
"K_1557 Gjemnes"	"2010"	2599	19	26	-7	110	122	-12	-17
"K_1557 Gjemnes"	"2011"	2582	22	26	-4	124	123	1	-3
"K_1557 Gjemnes"	"2012"	2579	29	31	-2	73	93	-20	-22
"K_1557 Gjemnes"	"2013"	2557	22	27	-5	119	106	13	8
"K_1557 Gjemnes"	"2014"	2565	27	23	4	134	123	11	15
"K_1557 Gjemnes"	"2015"	2580	29	20	9	115	111	4	13
"K_1557 Gjemnes"	"2016"	2593	22	32	-10	137	108	29	18
"K_1557 Gjemnes"	"2017"	2611	32	28	4	131	123	8	12
"K_1557 Gjemnes"	"2018"	2623	27	27	0	105	87	18	18
"K_1557 Gjemnes"	"2019"	2641	20	24	-4	113	121	-8	-12
"K_1557 Gjemnes"	"2020"	2629	22	25	-3	129	97	32	29
"K_1557 Gjemnes"	"2021"	2658	30	26	4	141	135	6	11
"K_1557 Gjemnes"	"2022"	2669	18	41	-23	157	134	23	0
"K_1557 Gjemnes"	"2023"	2669	16	20	-4	183	147	36	31
"K_1557 Gjemnes"	"2024"	2700	..	..	..	..	..	..	..
"K_1560 Tingvoll"	"1951"	4824	72	32	40	141	249	-108	-68
"K_1560 Tingvoll"	"1952"	4756	93	53	40	130	168	-38	2
"K_1560 Tingvoll"	"1953"	4758	90	56	34	189	260	-71	-37
"K_1560 Tingvoll"	"1954"	4721	81	51	30	188	233	-45	-15
"K_1560 Tingvoll"	"1955"	4706	94	44	50	189	268	-79	68
"K_1560 Tingvoll"	"1956"	4774	92	37	55	176	274	-98	-43
"K_1560 Tingvoll"	"1957"	4731	78	37	41	166	258	-92	-51
"K_1560 Tingvoll"	"1958"	4680	80	38	42	172	229	-57	-15
"K_1560 Tingvoll"	"1959"	4665	89	34	55	146	208	-62	-7
"K_1560 Tingvoll"	"1960"	4658	86	48	38	185	268	-83	-57
"K_1560 Tingvoll"	"1961"	4601	77	48	29	141	242	-101	-72
"K_1560 Tingvoll"	"1962"	4529	79	57	22	214	237	-23	-1
"K_1560 Tingvoll"	"1963"	4528	87	41	46	166	224	-58	-12
"K_1560 Tingvoll"	"1964"	4663	75	49	26	195	229	-34	-8
"K_1560 Tingvoll"	"1965"	3903	56	54	2	179	221	-42	-40
"K_1560 Tingvoll"	"1966"	3863	49	44	5	171	208	-37	-47
"K_1560 Tingvoll"	"1967"	3816	60	45	15	160	219	-59	-44
"K_1560 Tingvoll"	"1968"	3772	63	47	16	140	201	-61	-40
"K_1560 Tingvoll"	"1969"	3732	58	43	15	169	229	-60	-47
"K_1560 Tingvoll"	"1970"	3685	51	49	2	251	272	-21	-20
"K_1560 Tingvoll"	"1971"	3665	44	34	10	184	154	30	39
"K_1560 Tingvoll"	"1972"	3704	58	65	-7	139	187	-48	-54
"K_1560 Tingvoll"	"1973"	3650	40	36	4	147	159	-12	-6
"K_1560 Tingvoll"	"1974"	3644	33	33	0	158	163	-5	-9
"K_1560 Tingvoll"	"1975"	3635	34	49	-15	155	182	-27	-46
"K_1560 Tingvoll"	"1976"	3589	29	42	-13	151	137	14	1
"K_1560 Tingvoll"	"1977"	3590	30	56	-26	112	143	-31	-58
"K_1560 Tingvoll"	"1978"	3532	31	44	-13	134	129	5	-10
"K_1560 Tingvoll"	"1979"	3522	24	46	-22	176	117	59	37
"K_1560 Tingvoll"	"1980"	3559	30	56	-26	138	131	7	-20
"K_1560 Tingvoll"	"1981"	3539	28	41	-13	140	131	9	-4
"K_1560 Tingvoll"	"1982"	3535	39	48	-9	139	132	7	-2
"K_1560 Tingvoll"	"1983"	3533	27	50	-23	138	97	41	18
"K_1560 Tingvoll"	"1984"	3551	41	62	-21	139	141	-2	-23
"K_1560 Tingvoll"	"1985"	3528	35	62	-27	119	140	-21	-47
"K_1560 Tingvoll"	"1986"	3481	41	57	-16	106	138	-32	-44
"K_1560 Tingvoll"	"1987"	3437	30	44	-14	195	127	68	49
"K_1560 Tingvoll"	"1988"	3486	35	65	-30	215	132	83	51
"K_1560 Tingvoll"	"1989"	3537	38	61	-23	155	205	-50	-74
"K_1560 Tingvoll"	"1990"	3463	35	45	-10	217	230	-13	-22
"K_1560 Tingvoll"	"1991"	3441	47	63	-16	174	167	7	-10
"K_1560 Tingvoll"	"1992"	3431	37	48	-11	226	267	-41	-50
"K_1560 Tingvoll"	"1993"	3381	38	74	-36	295	248	47	14
"K_1560 Tingvoll"	"1994"	3395	42	42	0	109	247	-138	-138
"K_1560 Tingvoll"	"1995"	3257	23	41	-18	101	158	-57	-76
"K_1560 Tingvoll"	"1996"	3181	31	36	-5	116	151	-35	-39
"K_1560 Tingvoll"	"1997"	3142	22	49	-27	105	126	-21	-48
"K_1560 Tingvoll"	"1998"	3094	49	39	10	162	170	-8	3
"K_1560 Tingvoll"	"1999"	3097	38	45	-7	261	204	57	51
"K_1560 Tingvoll"	"2000"	3148	29	39	-10	194	203	-9	-20
"K_1560 Tingvoll"	"2001"	3128	32	44	-12	213	185	28	18
"K_1560 Tingvoll"	"2002"	3146	31	41	-10	156	147	9	0
"K_1560 Tingvoll"	"2003"	3146	33	36	-3	127	152	-25	-26
"K_1560 Tingvoll"	"2004"	3120	43	45	-2	124	134	-10	-15
"K_1560 Tingvoll"	"2005"	3105	27	46	-19	152	138	14	-6
"K_1560 Tingvoll"	"2006"	3099	29	35	-6	141	151	-10	-15
"K_1560 Tingvoll"	"2007"	3084	29	38	-9	187	178	9	-2
"K_1560 Tingvoll"	"2008"	3082	34	31	3	151	173	-22	-20
"K_1560 Tingvoll"	"2009"	3062	31	31	0	151	143	8	9
"K_1560 Tingvoll"	"2010"	3071	30	39	-9	141	137	4	-6
"K_1560 Tingvoll"	"2011"	3065	29	41	-12	171	123	48	36
"K_1560 Tingvoll"	"2012"	3101	25	28	-3	159	141	18	15
"K_1560 Tingvoll"	"2013"	3116	25	42	-17	164	201	-37	-52
"K_1560 Tingvoll"	"2014"	3064	34	40	-6	176	143	33	26
"K_1560 Tingvoll"	"2015"	3090	22	30	-8	235	214	21	13
"K_1560 Tingvoll"	"2016"	3103	27	33	-6	235	225	10	6
"K_1560 Tingvoll"	"2017"	3109	26	31	-5	199	226	-27	-31
"K_1560 Tingvoll"	"2018"	3078	25	35	-10	180	203	-23	-33
"K_1560 Tingvoll"	"2019"	3045	22	33	-11	146	155	-9	-20
"K_1560 Tingvoll"	"2020"	3025	20	38	-18	153	174	-21	-40
"K_1560 Tingvoll"	"2021"	2985	29	35	-6	169	185	-16	-25
"K_1560 Tingvoll"	"2022"	2960	23	41	-18	268	181	87	71
"K_1560 Tingvoll"	"2023"	3031	24	32	-8	354	336	18	10
"K_1560 Tingvoll"	"2024"	3041	..	..	..	..	..	..	..
"K_1563 Sunndal"	"1951"	3501	100	23	77	..	..	..	189
"K_1563 Sunndal"	"1952"	3690	99	39	60	..	..	..	178
"K_1563 Sunndal"	"1953"	3868	123	36	87	..	..	..	705
"K_1563 Sunndal"	"1954"	4573	134	30	104	..	..	..	665
"K_1563 Sunndal"	"1955"	5238	190	33	157	..	..	..	809
"K_1563 Sunndal"	"1956"	6047	175	39	136	..	..	..	280
"K_1563 Sunndal"	"1957"	6327	175	35	140	..	..	..	187
"K_1563 Sunndal"	"1958"	6514	178	35	143	433	372	61	204
"K_1563 Sunndal"	"1959"	6718	169	42	127	248	232	16	143
"K_1563 Sunndal"	"1960"	6861	143	46	97	352	362	-10	53
"K_1563 Sunndal"	"1961"	6914	151	34	117	247	316	-69	48
"K_1563 Sunndal"	"1962"	6962	150	34	116	260	325	-65	51
"K_1563 Sunndal"	"1963"	7013	132	27	105	311	401	-90	15
"K_1563 Sunndal"	"1964"	7028	152	47	105	237	318	-81	24
"K_1563 Sunndal"	"1965"	7560	158	50	108	343	378	-35	73
"K_1563 Sunndal"	"1966"	7633	132	48	84	393	344	49	134
"K_1563 Sunndal"	"1967"	7767	155	61	94	377	304	73	167
"K_1563 Sunndal"	"1968"	7934	132	52	80	368	380	-12	73
"K_1563 Sunndal"	"1969"	8007	142	53	89	432	359	73	163
"K_1563 Sunndal"	"1970"	8170	140	53	87	452	429	23	99
"K_1563 Sunndal"	"1971"	8269	147	54	93	388	467	-79	13
"K_1563 Sunndal"	"1972"	8282	118	67	51	279	541	-262	-210
"K_1563 Sunndal"	"1973"	8072	116	45	71	341	400	-59	6
"K_1563 Sunndal"	"1974"	8078	112	52	60	298	444	-146	-87
"K_1563 Sunndal"	"1975"	7991	103	47	56	257	351	-94	-36
"K_1563 Sunndal"	"1976"	7955	104	52	52	275	370	-95	-41
"K_1563 Sunndal"	"1977"	7914	88	49	39	315	380	-65	-27
"K_1563 Sunndal"	"1978"	7887	94	55	39	258	342	-84	-45
"K_1563 Sunndal"	"1979"	7842	96	60	36	236	306	-70	-33
"K_1563 Sunndal"	"1980"	7809	97	67	30	216	285	-69	-38
"K_1563 Sunndal"	"1981"	7771	91	50	41	290	342	-52	-13
"K_1563 Sunndal"	"1982"	7758	82	61	21	181	306	-125	-104
"K_1563 Sunndal"	"1983"	7654	99	58	41	192	305	-113	-74
"K_1563 Sunndal"	"1984"	7580	83	58	25	197	271	-74	-47
"K_1563 Sunndal"	"1985"	7533	84	60	24	218	277	-59	-35
"K_1563 Sunndal"	"1986"	7498	84	75	9	202	254	-52	-39
"K_1563 Sunndal"	"1987"	7459	86	68	18	195	285	-90	-77
"K_1563 Sunndal"	"1988"	7382	95	71	24	401	254	147	172
"K_1563 Sunndal"	"1989"	7554	121	73	48	321	373	-52	-1
"K_1563 Sunndal"	"1990"	7553	97	79	18	264	314	-50	-32
"K_1563 Sunndal"	"1991"	7521	98	80	18	362	260	102	118
"K_1563 Sunndal"	"1992"	7639	95	91	4	323	349	-26	-19
"K_1563 Sunndal"	"1993"	7620	93	66	27	267	257	10	36
"K_1563 Sunndal"	"1994"	7656	88	75	13	197	354	-157	-143
"K_1563 Sunndal"	"1995"	7513	84	68	16	242	356	-114	-94
"K_1563 Sunndal"	"1996"	7419	100	65	35	222	257	-35	0
"K_1563 Sunndal"	"1997"	7419	80	83	-3	190	225	-35	-41
"K_1563 Sunndal"	"1998"	7378	74	82	-8	298	238	60	53
"K_1563 Sunndal"	"1999"	7431	94	76	18	210	292	-82	-63
"K_1563 Sunndal"	"2000"	7368	85	77	8	301	250	51	58
"K_1563 Sunndal"	"2001"	7426	74	76	-2	229	299	-70	-72
"K_1563 Sunndal"	"2002"	7354	76	74	2	308	259	49	51
"K_1563 Sunndal"	"2003"	7405	101	77	24	249	268	-19	4
"K_1563 Sunndal"	"2004"	7409	65	83	-18	249	271	-22	-39
"K_1563 Sunndal"	"2005"	7370	90	85	5	208	262	-54	-47
"K_1563 Sunndal"	"2006"	7323	67	79	-12	254	231	23	10
"K_1563 Sunndal"	"2007"	7333	62	86	-24	307	260	47	24
"K_1563 Sunndal"	"2008"	7357	67	76	-9	306	310	-4	-10
"K_1563 Sunndal"	"2009"	7347	56	94	-38	255	276	-21	-58
"K_1563 Sunndal"	"2010"	7289	66	70	-4	267	286	-19	-22
"K_1563 Sunndal"	"2011"	7267	72	84	-12	268	329	-61	-71
"K_1563 Sunndal"	"2012"	7196	52	91	-39	343	297	46	9
"K_1563 Sunndal"	"2013"	7205	64	74	-10	345	370	-25	-34
"K_1563 Sunndal"	"2014"	7171	85	84	1	339	360	-21	-16
"K_1563 Sunndal"	"2015"	7155	76	78	-2	381	376	5	5
"K_1563 Sunndal"	"2016"	7160	58	82	-24	397	407	-10	-34
"K_1563 Sunndal"	"2017"	7126	74	72	2	357	368	-11	-7
"K_1563 Sunndal"	"2018"	7119	53	70	-17	254	252	2	-13
"K_1563 Sunndal"	"2019"	7106	66	70	-4	177	243	-66	-70
"K_1563 Sunndal"	"2020"	7036	54	80	-26	172	222	-50	-80
"K_1563 Sunndal"	"2021"	6956	59	70	-11	235	248	-13	-24
"K_1563 Sunndal"	"2022"	6932	43	76	-33	603	389	214	178
"K_1563 Sunndal"	"2023"	7110	49	84	-35	839	688	151	117
"K_1563 Sunndal"	"2024"	7227	..	..	..	..	..	..	..
"K_1566 Surnadal"	"1951"	3438	57	24	33	87	125	-38	-5
"K_1566 Surnadal"	"1952"	3433	79	23	56	103	107	-4	52
"K_1566 Surnadal"	"1953"	3485	71	40	31	80	124	-44	-13
"K_1566 Surnadal"	"1954"	3472	74	37	37	123	140	-17	20
"K_1566 Surnadal"	"1955"	3492	58	28	30	104	186	-82	-50
"K_1566 Surnadal"	"1956"	3442	66	27	39	88	180	-92	-53
"K_1566 Surnadal"	"1957"	3389	59	44	15	103	117	-14	1
"K_1566 Surnadal"	"1958"	3390	56	37	19	111	109	2	21
"K_1566 Surnadal"	"1959"	3411	59	38	21	87	105	-18	3
"K_1566 Surnadal"	"1960"	3414	72	41	31	135	124	11	16
"K_1566 Surnadal"	"1961"	3430	60	34	26	92	137	-45	-19
"K_1566 Surnadal"	"1962"	3411	61	29	32	103	98	5	37
"K_1566 Surnadal"	"1963"	3448	65	27	38	104	115	-11	27
"K_1566 Surnadal"	"1964"	3475	70	20	50	129	120	9	59
"K_1566 Surnadal"	"1965"	5934	92	53	39	275	198	77	116
"K_1566 Surnadal"	"1966"	6050	94	68	26	210	205	5	29
"K_1566 Surnadal"	"1967"	6079	111	66	45	198	278	-80	-35
"K_1566 Surnadal"	"1968"	6044	110	62	48	208	246	-38	-4
"K_1566 Surnadal"	"1969"	6040	110	64	46	211	281	-70	-7
"K_1566 Surnadal"	"1970"	6033	107	69	38	223	311	-88	-54
"K_1566 Surnadal"	"1971"	5979	93	77	16	195	258	-63	-50
"K_1566 Surnadal"	"1972"	5929	80	76	4	196	191	5	10
"K_1566 Surnadal"	"1973"	5939	85	59	26	177	188	-11	16
"K_1566 Surnadal"	"1974"	5955	74	69	5	194	197	-3	-3
"K_1566 Surnadal"	"1975"	5952	76	59	17	205	154	51	69
"K_1566 Surnadal"	"1976"	6021	69	57	12	202	149	53	65
"K_1566 Surnadal"	"1977"	6086	52	64	-12	175	137	38	32
"K_1566 Surnadal"	"1978"	6118	82	57	25	170	124	46	71
"K_1566 Surnadal"	"1979"	6189	54	50	4	174	112	62	68
"K_1566 Surnadal"	"1980"	6257	75	74	1	170	167	3	2
"K_1566 Surnadal"	"1981"	6259	76	58	18	180	147	33	50
"K_1566 Surnadal"	"1982"	6309	89	64	25	234	137	97	124
"K_1566 Surnadal"	"1983"	6433	66	70	-4	181	167	14	11
"K_1566 Surnadal"	"1984"	6444	77	80	-3	149	141	8	5
"K_1566 Surnadal"	"1985"	6449	88	77	11	165	140	25	36
"K_1566 Surnadal"	"1986"	6485	79	60	19	147	150	-3	12
"K_1566 Surnadal"	"1987"	6497	71	69	2	171	150	21	17
"K_1566 Surnadal"	"1988"	6514	78	74	4	149	168	-19	-15
"K_1566 Surnadal"	"1989"	6499	69	76	-7	183	212	-29	-33
"K_1566 Surnadal"	"1990"	6466	72	98	-26	140	191	-51	-75
"K_1566 Surnadal"	"1991"	6391	87	82	5	162	169	-7	-1
"K_1566 Surnadal"	"1992"	6390	87	70	17	178	136	42	56
"K_1566 Surnadal"	"1993"	6446	87	78	9	229	181	48	66
"K_1566 Surnadal"	"1994"	6512	71	88	-17	175	242	-67	-83
"K_1566 Surnadal"	"1995"	6429	85	84	1	147	186	-39	-37
"K_1566 Surnadal"	"1996"	6392	90	80	10	164	194	-30	-20
"K_1566 Surnadal"	"1997"	6372	74	93	-19	167	201	-34	-53
"K_1566 Surnadal"	"1998"	6319	72	73	-1	161	232	-71	-73
"K_1566 Surnadal"	"1999"	6246	87	98	-11	222	204	18	6
"K_1566 Surnadal"	"2000"	6252	86	71	15	224	243	-19	-4
"K_1566 Surnadal"	"2001"	6248	72	89	-17	191	189	2	-14
"K_1566 Surnadal"	"2002"	6234	56	83	-27	188	188	0	-26
"K_1566 Surnadal"	"2003"	6208	62	71	-9	165	155	10	1
"K_1566 Surnadal"	"2004"	6209	68	56	12	155	216	-61	-49
"K_1566 Surnadal"	"2005"	6160	50	65	-15	104	139	-35	-53
"K_1566 Surnadal"	"2006"	6107	60	75	-15	132	172	-40	-58
"K_1566 Surnadal"	"2007"	6049	60	70	-10	169	169	0	-10
"K_1566 Surnadal"	"2008"	6039	47	78	-31	136	144	-8	-39
"K_1566 Surnadal"	"2009"	6000	50	77	-27	117	133	-16	-44
"K_1566 Surnadal"	"2010"	5956	54	55	-1	156	163	-7	-7
"K_1566 Surnadal"	"2011"	5949	48	64	-16	210	191	19	3
"K_1566 Surnadal"	"2012"	5952	52	73	-21	194	199	-5	-25
"K_1566 Surnadal"	"2013"	5927	50	62	-12	211	174	37	27
"K_1566 Surnadal"	"2014"	5954	49	55	-6	185	157	28	22
"K_1566 Surnadal"	"2015"	5976	52	59	-7	171	171	0	-7
"K_1566 Surnadal"	"2016"	5969	59	79	-20	219	182	37	17
"K_1566 Surnadal"	"2017"	5986	51	64	-13	147	142	5	-8
"K_1566 Surnadal"	"2018"	5978	46	53	-7	153	196	-43	-50
"K_1566 Surnadal"	"2019"	5928	53	64	-11	201	198	3	-8
"K_1566 Surnadal"	"2020"	5920	40	59	-19	155	181	-26	-48
"K_1566 Surnadal"	"2021"	5872	62	64	-2	179	201	-22	-23
"K_1566 Surnadal"	"2022"	5849	52	60	-8	244	173	71	63
"K_1566 Surnadal"	"2023"	5912	51	61	-10	254	205	49	41
"K_1566 Surnadal"	"2024"	5953	..	..	..	..	..	..	..
"K_1573 Smøla"	"1951"	4180	78	25	53	..	..	..	18
"K_1573 Smøla"	"1952"	4198	82	43	39	..	..	..	-14
"K_1573 Smøla"	"1953"	4184	85	41	44	..	..	..	-29
"K_1573 Smøla"	"1954"	4155	65	47	18	..	..	..	-22
"K_1573 Smøla"	"1955"	4133	87	41	46	..	..	..	-65
"K_1573 Smøla"	"1956"	4068	77	35	42	..	..	..	-24
"K_1573 Smøla"	"1957"	4044	72	35	37	..	..	..	-35
"K_1573 Smøla"	"1958"	4009	85	38	47	108	143	-35	12
"K_1573 Smøla"	"1959"	4021	73	40	33	115	123	-8	25
"K_1573 Smøla"	"1960"	4046	56	46	10	104	195	-91	-50
"K_1573 Smøla"	"1961"	3996	90	43	47	69	147	-78	-31
"K_1573 Smøla"	"1962"	3965	59	43	16	87	150	-63	-47
"K_1573 Smøla"	"1963"	3918	46	38	8	86	181	-95	-87
"K_1573 Smøla"	"1964"	3831	58	47	11	103	141	-38	-27
"K_1573 Smøla"	"1965"	3804	53	47	6	110	140	-30	-24
"K_1573 Smøla"	"1966"	3780	67	42	25	80	162	-82	-73
"K_1573 Smøla"	"1967"	3707	61	49	12	132	237	-105	-93
"K_1573 Smøla"	"1968"	3614	59	37	22	127	177	-50	-35
"K_1573 Smøla"	"1969"	3579	53	54	-1	87	134	-47	-46
"K_1573 Smøla"	"1970"	3533	43	49	-6	114	245	-131	-144
"K_1573 Smøla"	"1971"	3389	51	42	9	84	156	-72	-64
"K_1573 Smøla"	"1972"	3325	62	38	24	112	161	-49	-23
"K_1573 Smøla"	"1973"	3302	46	46	0	102	160	-58	-58
"K_1573 Smøla"	"1974"	3244	38	47	-9	110	139	-29	-40
"K_1573 Smøla"	"1975"	3204	36	34	2	107	162	-55	-56
"K_1573 Smøla"	"1976"	3148	34	41	-7	103	135	-32	-39
"K_1573 Smøla"	"1977"	3109	36	35	1	96	157	-61	-61
"K_1573 Smøla"	"1978"	3048	41	44	-3	116	115	1	-1
"K_1573 Smøla"	"1979"	3047	38	45	-7	105	89	16	9
"K_1573 Smøla"	"1980"	3056	39	42	-3	139	111	28	25
"K_1573 Smøla"	"1981"	3081	47	36	11	82	141	-59	-47
"K_1573 Smøla"	"1982"	3034	35	44	-9	122	101	21	12
"K_1573 Smøla"	"1983"	3046	35	46	-11	60	81	-21	-32
"K_1573 Smøla"	"1984"	3014	34	39	-5	55	117	-62	-67
"K_1573 Smøla"	"1985"	2947	33	47	-14	38	111	-73	-88
"K_1573 Smøla"	"1986"	2859	35	36	-1	86	116	-30	-31
"K_1573 Smøla"	"1987"	2828	23	37	-14	48	84	-36	-48
"K_1573 Smøla"	"1988"	2780	31	42	-11	80	73	7	-4
"K_1573 Smøla"	"1989"	2776	27	39	-12	79	107	-28	-40
"K_1573 Smøla"	"1990"	2736	33	46	-13	86	111	-25	-39
"K_1573 Smøla"	"1991"	2697	29	45	-16	76	108	-32	-48
"K_1573 Smøla"	"1992"	2649	31	57	-26	79	71	8	-13
"K_1573 Smøla"	"1993"	2636	35	36	-1	81	103	-22	-23
"K_1573 Smøla"	"1994"	2613	32	28	4	87	79	8	13
"K_1573 Smøla"	"1995"	2626	26	33	-7	68	99	-31	-37
"K_1573 Smøla"	"1996"	2589	22	39	-17	70	116	-46	-63
"K_1573 Smøla"	"1997"	2526	33	34	-1	42	80	-38	-39
"K_1573 Smøla"	"1998"	2487	20	31	-11	45	89	-44	-55
"K_1573 Smøla"	"1999"	2432	24	30	-6	106	100	6	0
"K_1573 Smøla"	"2000"	2432	18	36	-18	88	95	-7	-25
"K_1573 Smøla"	"2001"	2407	27	44	-17	61	122	-61	-78
"K_1573 Smøla"	"2002"	2329	14	36	-22	58	99	-41	-63
"K_1573 Smøla"	"2003"	2266	26	27	-1	62	79	-17	-18
"K_1573 Smøla"	"2004"	2248	13	31	-18	50	84	-34	-53
"K_1573 Smøla"	"2005"	2195	22	23	-1	67	69	-2	-3
"K_1573 Smøla"	"2006"	2192	18	24	-6	79	99	-20	-27
"K_1573 Smøla"	"2007"	2165	21	24	-3	56	82	-26	-28
"K_1573 Smøla"	"2008"	2137	16	37	-21	78	75	3	-18
"K_1573 Smøla"	"2009"	2119	19	26	-7	98	67	31	24
"K_1573 Smøla"	"2010"	2143	25	28	-3	58	61	-3	-6
"K_1573 Smøla"	"2011"	2137	24	32	-8	115	64	51	45
"K_1573 Smøla"	"2012"	2182	22	30	-8	86	80	6	-2
"K_1573 Smøla"	"2013"	2180	13	32	-19	73	68	5	-14
"K_1573 Smøla"	"2014"	2166	14	36	-22	58	56	2	-20
"K_1573 Smøla"	"2015"	2146	15	32	-17	86	74	12	-5
"K_1573 Smøla"	"2016"	2141	20	19	1	102	84	18	19
"K_1573 Smøla"	"2017"	2160	20	20	0	68	56	12	12
"K_1573 Smøla"	"2018"	2172	23	36	-13	75	101	-26	-38
"K_1573 Smøla"	"2019"	2134	17	28	-11	80	54	26	16
"K_1573 Smøla"	"2020"	2150	22	24	-2	68	88	-20	-22
"K_1573 Smøla"	"2021"	2128	19	31	-12	102	98	4	-8
"K_1573 Smøla"	"2022"	2120	18	29	-11	130	81	49	38
"K_1573 Smøla"	"2023"	2158	16	24	-8	109	100	9	1
"K_1573 Smøla"	"2024"	2159	..	..	..	..	..	..	..
"K_1576 Aure"	"1951"	4949	102	43	59	118	201	-83	-24
"K_1576 Aure"	"1952"	4925	79	33	46	109	180	-71	-25
"K_1576 Aure"	"1953"	4900	89	62	27	128	172	-44	-17
"K_1576 Aure"	"1954"	4883	90	42	48	120	181	-61	-13
"K_1576 Aure"	"1955"	4870	81	62	19	112	186	-74	-51
"K_1576 Aure"	"1956"	4819	81	44	37	144	235	-91	-54
"K_1576 Aure"	"1957"	4765	71	58	13	132	216	-84	-71
"K_1576 Aure"	"1958"	4694	66	39	27	137	200	-63	-36
"K_1576 Aure"	"1959"	4658	85	40	45	128	185	-57	-12
"K_1576 Aure"	"1960"	4646	80	49	31	139	203	-64	-5
"K_1576 Aure"	"1961"	4641	61	50	11	115	172	-57	-46
"K_1576 Aure"	"1962"	4595	59	56	3	104	168	-64	-61
"K_1576 Aure"	"1963"	4534	70	49	21	114	191	-77	-56
"K_1576 Aure"	"1964"	4478	60	48	12	142	198	-56	-44
"K_1576 Aure"	"1965"	4575	64	56	8	141	189	-48	-40
"K_1576 Aure"	"1966"	4535	59	54	5	142	173	-31	-93
"K_1576 Aure"	"1967"	4442	56	43	13	169	196	-27	-14
"K_1576 Aure"	"1968"	4428	60	63	-3	151	219	-68	-53
"K_1576 Aure"	"1969"	4375	57	66	-9	136	192	-56	-78
"K_1576 Aure"	"1970"	4297	65	63	2	158	206	-48	-50
"K_1576 Aure"	"1971"	4247	59	52	7	149	158	-9	5
"K_1576 Aure"	"1972"	4252	59	66	-7	145	184	-39	-46
"K_1576 Aure"	"1973"	4206	63	49	14	146	151	-5	8
"K_1576 Aure"	"1974"	4214	56	47	9	136	168	-32	-25
"K_1576 Aure"	"1975"	4189	47	41	6	166	130	36	199
"K_1576 Aure"	"1976"	4230	48	52	-4	92	121	-29	-189
"K_1576 Aure"	"1977"	4041	41	52	-11	134	135	-1	-11
"K_1576 Aure"	"1978"	4030	36	60	-24	167	175	-8	-32
"K_1576 Aure"	"1979"	3998	44	58	-14	144	122	22	8
"K_1576 Aure"	"1980"	4006	65	50	15	169	103	66	81
"K_1576 Aure"	"1981"	4087	43	46	-3	147	144	3	-1
"K_1576 Aure"	"1982"	4086	39	51	-12	146	114	32	20
"K_1576 Aure"	"1983"	4106	44	62	-18	104	100	4	-14
"K_1576 Aure"	"1984"	4092	59	61	-2	116	112	4	3
"K_1576 Aure"	"1985"	4095	51	63	-12	145	126	19	11
"K_1576 Aure"	"1986"	4106	52	56	-4	86	131	-45	-44
"K_1576 Aure"	"1987"	4062	42	62	-20	124	158	-34	-54
"K_1576 Aure"	"1988"	4008	36	45	-9	128	134	-6	-13
"K_1576 Aure"	"1989"	3995	37	67	-30	111	114	-3	-19
"K_1576 Aure"	"1990"	3976	42	56	-14	94	163	-69	-78
"K_1576 Aure"	"1991"	3898	42	50	-8	120	143	-23	-29
"K_1576 Aure"	"1992"	3869	34	62	-28	117	112	5	-22
"K_1576 Aure"	"1993"	3847	37	60	-23	166	133	33	13
"K_1576 Aure"	"1994"	3860	40	62	-22	158	138	20	-2
"K_1576 Aure"	"1995"	3858	43	55	-12	222	166	56	46
"K_1576 Aure"	"1996"	3904	50	47	3	190	137	53	55
"K_1576 Aure"	"1997"	3959	42	50	-8	164	167	-3	-15
"K_1576 Aure"	"1998"	3944	60	52	8	115	191	-76	-68
"K_1576 Aure"	"1999"	3876	43	60	-17	127	163	-36	-53
"K_1576 Aure"	"2000"	3823	41	55	-14	158	180	-22	-36
"K_1576 Aure"	"2001"	3787	37	54	-17	159	182	-23	-40
"K_1576 Aure"	"2002"	3747	30	73	-43	105	128	-23	-67
"K_1576 Aure"	"2003"	3680	38	39	-1	124	131	-7	-4
"K_1576 Aure"	"2004"	3676	38	54	-16	103	138	-35	-50
"K_1576 Aure"	"2005"	3626	27	42	-15	107	127	-20	-35
"K_1576 Aure"	"2006"	3591	27	45	-18	101	160	-59	-76
"K_1576 Aure"	"2007"	3515	23	42	-19	143	112	31	15
"K_1576 Aure"	"2008"	3530	30	45	-15	125	130	-5	-22
"K_1576 Aure"	"2009"	3508	37	29	8	137	154	-17	-6
"K_1576 Aure"	"2010"	3502	31	44	-13	172	138	34	21
"K_1576 Aure"	"2011"	3523	21	46	-25	146	133	13	-12
"K_1576 Aure"	"2012"	3511	38	38	0	180	121	59	59
"K_1576 Aure"	"2013"	3570	31	36	-5	161	149	12	7
"K_1576 Aure"	"2014"	3577	22	31	-9	115	134	-19	-28
"K_1576 Aure"	"2015"	3549	31	44	-13	137	137	0	-13
"K_1576 Aure"	"2016"	3536	29	33	-4	184	126	58	54
"K_1576 Aure"	"2017"	3590	31	38	-7	156	146	10	3
"K_1576 Aure"	"2018"	3593	24	36	-12	121	149	-28	-40
"K_1576 Aure"	"2019"	3553	34	43	-9	110	147	-37	-46
"K_1576 Aure"	"2020"	3507	30	42	-12	112	139	-27	-39
"K_1576 Aure"	"2021"	3468	21	41	-20	102	166	-64	-84
"K_1576 Aure"	"2022"	3384	27	48	-21	146	128	18	-3
"K_1576 Aure"	"2023"	3381	23	44	-21	175	127	48	27
"K_1576 Aure"	"2024"	3408	..	..	..	..	..	..	..
"K_1577 Volda"	"1951"	7995	172	73	99	402	354	48	147
"K_1577 Volda"	"1952"	8142	164	67	97	214	273	-59	38
"K_1577 Volda"	"1953"	8180	182	58	124	227	322	-95	29
"K_1577 Volda"	"1954"	8209	189	67	122	242	292	-50	72
"K_1577 Volda"	"1955"	8281	150	90	60	299	332	-33	19
"K_1577 Volda"	"1956"	8300	173	70	103	367	379	-12	91
"K_1577 Volda"	"1957"	8391	170	66	104	382	434	-52	52
"K_1577 Volda"	"1958"	8443	164	83	81	370	395	-25	56
"K_1577 Volda"	"1959"	8499	161	89	72	322	402	-80	-8
"K_1577 Volda"	"1960"	8491	176	87	89	415	484	-69	1
"K_1577 Volda"	"1961"	8492	145	75	70	474	378	96	166
"K_1577 Volda"	"1962"	8658	179	92	87	366	462	-96	-9
"K_1577 Volda"	"1963"	8649	171	72	99	430	472	-42	57
"K_1577 Volda"	"1964"	8706	168	84	84	377	403	-26	58
"K_1577 Volda"	"1965"	7270	123	50	73	374	421	-47	26
"K_1577 Volda"	"1966"	7296	138	70	68	340	438	-98	-57
"K_1577 Volda"	"1967"	7239	131	64	67	428	472	-44	23
"K_1577 Volda"	"1968"	7262	128	61	67	385	421	-36	40
"K_1577 Volda"	"1969"	7302	156	84	72	394	432	-38	32
"K_1577 Volda"	"1970"	7334	114	64	50	410	505	-95	-51
"K_1577 Volda"	"1971"	7283	126	69	57	518	401	117	195
"K_1577 Volda"	"1972"	7478	143	76	67	613	395	218	284
"K_1577 Volda"	"1973"	7762	123	58	65	511	532	-21	45
"K_1577 Volda"	"1974"	7807	152	52	100	556	523	33	134
"K_1577 Volda"	"1975"	7941	129	75	54	531	563	-32	21
"K_1577 Volda"	"1976"	7962	122	60	62	513	439	74	136
"K_1577 Volda"	"1977"	9300	135	75	60	490	558	-68	-9
"K_1577 Volda"	"1978"	9291	139	79	60	505	520	-15	45
"K_1577 Volda"	"1979"	9336	137	98	39	414	518	-104	-69
"K_1577 Volda"	"1980"	9267	121	86	35	429	495	-66	-31
"K_1577 Volda"	"1981"	9236	142	86	56	448	522	-74	-16
"K_1577 Volda"	"1982"	9220	130	73	57	391	411	-20	38
"K_1577 Volda"	"1983"	9258	130	91	39	389	491	-102	-64
"K_1577 Volda"	"1984"	9194	140	98	42	307	419	-112	-69
"K_1577 Volda"	"1985"	9125	107	95	12	333	394	-61	-51
"K_1577 Volda"	"1986"	9074	125	93	32	366	399	-33	-2
"K_1577 Volda"	"1987"	9072	113	96	17	378	361	17	37
"K_1577 Volda"	"1988"	9109	127	85	42	412	405	7	39
"K_1577 Volda"	"1989"	9148	127	87	40	406	372	34	75
"K_1577 Volda"	"1990"	9223	131	120	11	397	393	4	14
"K_1577 Volda"	"1991"	9237	139	94	45	365	401	-36	6
"K_1577 Volda"	"1992"	9243	127	88	39	420	368	52	95
"K_1577 Volda"	"1993"	9338	151	97	54	396	415	-19	34
"K_1577 Volda"	"1994"	9372	114	103	11	453	429	24	35
"K_1577 Volda"	"1995"	9407	127	73	54	496	465	31	84
"K_1577 Volda"	"1996"	9491	122	88	34	400	447	-47	-17
"K_1577 Volda"	"1997"	9474	125	86	39	464	525	-61	-24
"K_1577 Volda"	"1998"	9450	126	102	24	431	420	11	43
"K_1577 Volda"	"1999"	9493	120	98	22	434	401	33	56
"K_1577 Volda"	"2000"	9549	107	109	-2	457	464	-7	-9
"K_1577 Volda"	"2001"	9540	111	81	30	444	485	-41	-14
"K_1577 Volda"	"2002"	9526	97	92	5	449	452	-3	4
"K_1577 Volda"	"2003"	9530	117	103	14	419	383	36	50
"K_1577 Volda"	"2004"	9580	111	90	21	389	440	-51	-32
"K_1577 Volda"	"2005"	9548	104	62	42	390	452	-62	-20
"K_1577 Volda"	"2006"	9528	96	89	7	419	433	-14	-10
"K_1577 Volda"	"2007"	9518	112	73	39	476	416	60	99
"K_1577 Volda"	"2008"	9617	128	93	35	488	408	80	115
"K_1577 Volda"	"2009"	9732	116	79	37	505	475	30	68
"K_1577 Volda"	"2010"	9800	105	87	18	607	554	53	62
"K_1577 Volda"	"2011"	9862	90	87	3	585	537	48	51
"K_1577 Volda"	"2012"	9913	95	86	9	662	518	144	152
"K_1577 Volda"	"2013"	10065	92	86	6	660	600	60	67
"K_1577 Volda"	"2014"	10132	80	77	3	657	594	63	66
"K_1577 Volda"	"2015"	10198	95	94	1	727	689	38	39
"K_1577 Volda"	"2016"	10237	125	72	53	714	704	10	63
"K_1577 Volda"	"2017"	10300	103	94	9	658	606	52	63
"K_1577 Volda"	"2018"	10363	128	78	50	580	631	-51	9
"K_1577 Volda"	"2019"	10349	105	87	18	604	602	2	20
"K_1577 Volda"	"2020"	10473	104	98	6	923	621	302	308
"K_1577 Volda"	"2021"	10781	123	79	44	799	810	-11	28
"K_1577 Volda"	"2022"	10809	96	77	19	881	748	133	151
"K_1577 Volda"	"2023"	10960	98	78	20	921	810	111	133
"K_1577 Volda"	"2024"	11093	..	..	..	..	..	..	..
"K_1578 Fjord"	"1951"	3464	62	35	27	149	202	-53	-26
"K_1578 Fjord"	"1952"	3438	64	32	32	107	164	-57	-25
"K_1578 Fjord"	"1953"	3413	46	40	6	125	167	-42	-36
"K_1578 Fjord"	"1954"	3377	61	39	22	144	182	-38	-16
"K_1578 Fjord"	"1955"	3361	59	43	16	155	176	-21	-1
"K_1578 Fjord"	"1956"	3360	69	31	38	156	184	-28	10
"K_1578 Fjord"	"1957"	3370	59	59	0	155	174	-19	-19
"K_1578 Fjord"	"1958"	3351	80	37	43	150	182	-32	11
"K_1578 Fjord"	"1959"	3362	71	35	36	99	169	-70	-34
"K_1578 Fjord"	"1960"	3328	43	31	12	128	168	-40	-19
"K_1578 Fjord"	"1961"	3309	58	36	22	111	195	-84	-62
"K_1578 Fjord"	"1962"	3247	48	43	5	136	170	-34	-29
"K_1578 Fjord"	"1963"	3218	71	42	29	122	156	-34	-5
"K_1578 Fjord"	"1964"	3213	45	36	9	133	128	5	14
"K_1578 Fjord"	"1965"	2175	30	27	3	80	104	-24	-21
"K_1578 Fjord"	"1966"	2154	31	28	3	110	60	50	52
"K_1578 Fjord"	"1967"	2206	26	21	5	133	104	29	34
"K_1578 Fjord"	"1968"	2240	34	24	10	94	134	-40	-27
"K_1578 Fjord"	"1969"	2213	29	23	6	66	160	-94	-88
"K_1578 Fjord"	"1970"	2125	28	23	5	101	143	-42	-40
"K_1578 Fjord"	"1971"	2085	26	26	0	85	111	-26	-24
"K_1578 Fjord"	"1972"	2061	33	21	12	131	120	11	23
"K_1578 Fjord"	"1973"	2084	18	22	-4	105	137	-32	-36
"K_1578 Fjord"	"1974"	2048	35	18	17	141	125	16	35
"K_1578 Fjord"	"1975"	2083	20	28	-8	106	104	2	-7
"K_1578 Fjord"	"1976"	2076	19	20	-1	73	107	-34	-36
"K_1578 Fjord"	"1977"	3101	40	31	9	180	186	-6	3
"K_1578 Fjord"	"1978"	3104	41	23	18	204	151	53	71
"K_1578 Fjord"	"1979"	3175	41	34	7	133	153	-20	-14
"K_1578 Fjord"	"1980"	3161	40	29	11	154	148	6	15
"K_1578 Fjord"	"1981"	3176	33	28	5	117	157	-40	-35
"K_1578 Fjord"	"1982"	3141	50	30	20	96	146	-50	-30
"K_1578 Fjord"	"1983"	3111	43	34	9	105	123	-18	-10
"K_1578 Fjord"	"1984"	3101	41	32	9	129	115	14	23
"K_1578 Fjord"	"1985"	3124	37	32	5	129	147	-18	-11
"K_1578 Fjord"	"1986"	3113	32	39	-7	138	141	-3	-12
"K_1578 Fjord"	"1987"	3101	39	38	1	128	173	-45	-44
"K_1578 Fjord"	"1988"	3057	30	36	-6	128	103	25	20
"K_1578 Fjord"	"1989"	3077	49	40	9	105	118	-13	-6
"K_1578 Fjord"	"1990"	3071	40	46	-6	94	108	-14	-20
"K_1578 Fjord"	"1991"	3051	30	46	-16	105	103	2	-14
"K_1578 Fjord"	"1992"	3037	36	33	3	95	87	8	11
"K_1578 Fjord"	"1993"	3048	36	48	-12	97	111	-14	-25
"K_1578 Fjord"	"1994"	3023	37	44	-7	197	152	45	36
"K_1578 Fjord"	"1995"	3059	36	38	-2	171	136	35	33
"K_1578 Fjord"	"1996"	3092	46	40	6	133	148	-15	-10
"K_1578 Fjord"	"1997"	3082	33	41	-8	144	137	7	-1
"K_1578 Fjord"	"1998"	3081	42	28	14	113	170	-57	-48
"K_1578 Fjord"	"1999"	3033	45	46	-1	135	155	-20	-21
"K_1578 Fjord"	"2000"	3012	56	42	14	150	152	-2	12
"K_1578 Fjord"	"2001"	3024	41	45	-4	91	182	-91	-95
"K_1578 Fjord"	"2002"	2929	37	30	7	71	115	-44	-36
"K_1578 Fjord"	"2003"	2893	36	42	-6	71	147	-76	-82
"K_1578 Fjord"	"2004"	2811	34	35	-1	129	115	14	13
"K_1578 Fjord"	"2005"	2824	31	40	-9	104	115	-11	-20
"K_1578 Fjord"	"2006"	2804	28	24	4	98	105	-7	-3
"K_1578 Fjord"	"2007"	2801	33	35	-2	100	158	-58	-61
"K_1578 Fjord"	"2008"	2740	29	34	-5	126	90	36	30
"K_1578 Fjord"	"2009"	2770	30	33	-3	167	104	63	61
"K_1578 Fjord"	"2010"	2831	26	32	-6	93	135	-42	-48
"K_1578 Fjord"	"2011"	2783	21	32	-11	97	105	-8	-19
"K_1578 Fjord"	"2012"	2764	34	26	8	136	117	19	27
"K_1578 Fjord"	"2013"	2791	22	34	-12	114	173	-59	-71
"K_1578 Fjord"	"2014"	2720	21	21	0	99	102	-3	-1
"K_1578 Fjord"	"2015"	2719	11	36	-25	114	136	-22	-47
"K_1578 Fjord"	"2016"	2672	16	27	-11	106	99	7	-4
"K_1578 Fjord"	"2017"	2668	17	23	-6	109	129	-20	-26
"K_1578 Fjord"	"2018"	2642	20	25	-5	85	130	-45	-50
"K_1578 Fjord"	"2019"	2592	13	35	-22	105	126	-21	-43
"K_1578 Fjord"	"2020"	2549	19	26	-7	86	126	-40	-47
"K_1578 Fjord"	"2021"	2502	17	20	-3	124	132	-8	-11
"K_1578 Fjord"	"2022"	2491	10	25	-15	130	112	18	3
"K_1578 Fjord"	"2023"	2494	17	35	-18	132	116	16	-2
"K_1578 Fjord"	"2024"	2492	..	..	..	..	..	..	..
"K_1579 Hustadvika"	"1951"	9035	200	78	122	274	423	-149	-27
"K_1579 Hustadvika"	"1952"	9008	203	81	122	272	344	-72	50
"K_1579 Hustadvika"	"1953"	9058	201	93	108	269	410	-141	-33
"K_1579 Hustadvika"	"1954"	9025	219	86	133	277	361	-84	49
"K_1579 Hustadvika"	"1955"	9074	226	82	144	357	397	-40	190
"K_1579 Hustadvika"	"1956"	9264	209	103	106	358	435	-77	30
"K_1579 Hustadvika"	"1957"	9294	206	78	128	361	416	-55	73
"K_1579 Hustadvika"	"1958"	9367	185	85	100	266	354	-88	12
"K_1579 Hustadvika"	"1959"	9379	212	73	139	280	319	-39	100
"K_1579 Hustadvika"	"1960"	9479	191	82	109	413	479	-66	-14
"K_1579 Hustadvika"	"1961"	9465	203	81	122	311	383	-72	50
"K_1579 Hustadvika"	"1962"	9515	192	94	98	293	443	-150	-52
"K_1579 Hustadvika"	"1963"	9463	184	87	97	344	429	-85	12
"K_1579 Hustadvika"	"1964"	10037	190	94	96	313	444	-131	-35
"K_1579 Hustadvika"	"1965"	10002	184	97	87	387	477	-90	-3
"K_1579 Hustadvika"	"1966"	9999	208	112	96	429	436	-7	29
"K_1579 Hustadvika"	"1967"	10028	209	89	120	466	376	90	210
"K_1579 Hustadvika"	"1968"	10238	202	85	117	442	474	-32	95
"K_1579 Hustadvika"	"1969"	10333	219	107	112	404	449	-45	69
"K_1579 Hustadvika"	"1970"	10402	213	85	128	557	629	-72	67
"K_1579 Hustadvika"	"1971"	10469	196	116	80	550	465	85	156
"K_1579 Hustadvika"	"1972"	10625	197	91	106	557	523	34	160
"K_1579 Hustadvika"	"1973"	10785	181	110	71	489	523	-34	37
"K_1579 Hustadvika"	"1974"	10822	204	86	118	537	492	45	160
"K_1579 Hustadvika"	"1975"	10982	164	98	66	619	515	104	167
"K_1579 Hustadvika"	"1976"	11149	189	113	76	531	468	63	138
"K_1579 Hustadvika"	"1977"	11287	204	87	117	488	408	80	198
"K_1579 Hustadvika"	"1978"	11485	184	98	86	567	399	168	257
"K_1579 Hustadvika"	"1979"	11742	171	84	87	507	467	40	124
"K_1579 Hustadvika"	"1980"	11866	216	114	102	521	514	7	107
"K_1579 Hustadvika"	"1981"	11973	189	105	84	430	496	-66	18
"K_1579 Hustadvika"	"1982"	11991	153	103	50	441	444	-3	47
"K_1579 Hustadvika"	"1983"	12038	183	123	60	400	471	-71	-15
"K_1579 Hustadvika"	"1984"	12023	151	115	36	380	450	-70	-36
"K_1579 Hustadvika"	"1985"	11987	176	128	48	374	432	-58	-10
"K_1579 Hustadvika"	"1986"	11977	178	112	66	370	407	-37	35
"K_1579 Hustadvika"	"1987"	12012	165	122	43	397	433	-36	-6
"K_1579 Hustadvika"	"1988"	12006	152	127	25	389	487	-98	-74
"K_1579 Hustadvika"	"1989"	11932	179	89	90	402	431	-29	55
"K_1579 Hustadvika"	"1990"	11987	176	145	31	387	452	-65	-28
"K_1579 Hustadvika"	"1991"	11959	171	109	62	408	405	3	64
"K_1579 Hustadvika"	"1992"	12023	172	126	46	357	389	-32	19
"K_1579 Hustadvika"	"1993"	12042	181	108	73	378	418	-40	34
"K_1579 Hustadvika"	"1994"	12076	161	115	46	457	452	5	51
"K_1579 Hustadvika"	"1995"	12127	157	107	50	402	497	-95	-42
"K_1579 Hustadvika"	"1996"	12085	193	110	83	504	485	19	99
"K_1579 Hustadvika"	"1997"	12184	165	100	65	468	515	-47	17
"K_1579 Hustadvika"	"1998"	12201	154	119	35	442	477	-35	-15
"K_1579 Hustadvika"	"1999"	12186	153	98	55	532	575	-43	12
"K_1579 Hustadvika"	"2000"	12198	149	110	39	516	493	23	66
"K_1579 Hustadvika"	"2001"	12264	160	107	53	501	599	-98	-43
"K_1579 Hustadvika"	"2002"	12221	158	102	56	466	568	-102	-49
"K_1579 Hustadvika"	"2003"	12172	159	118	41	536	467	69	119
"K_1579 Hustadvika"	"2004"	12291	153	96	57	480	507	-27	36
"K_1579 Hustadvika"	"2005"	12327	163	102	61	511	467	44	103
"K_1579 Hustadvika"	"2006"	12430	148	96	52	514	507	7	66
"K_1579 Hustadvika"	"2007"	12496	156	122	34	578	552	26	55
"K_1579 Hustadvika"	"2008"	12551	153	94	59	503	538	-35	22
"K_1579 Hustadvika"	"2009"	12573	164	115	49	548	454	94	145
"K_1579 Hustadvika"	"2010"	12718	147	112	35	527	515	12	44
"K_1579 Hustadvika"	"2011"	12762	152	105	47	667	548	119	164
"K_1579 Hustadvika"	"2012"	12926	150	83	67	660	563	97	164
"K_1579 Hustadvika"	"2013"	13090	134	90	44	635	578	57	101
"K_1579 Hustadvika"	"2014"	13191	149	116	33	620	599	21	59
"K_1579 Hustadvika"	"2015"	13250	149	120	29	567	663	-96	-66
"K_1579 Hustadvika"	"2016"	13184	156	98	58	560	606	-46	11
"K_1579 Hustadvika"	"2017"	13195	137	112	25	592	597	-5	20
"K_1579 Hustadvika"	"2018"	13215	143	98	45	540	567	-27	18
"K_1579 Hustadvika"	"2019"	13233	116	92	24	528	505	23	46
"K_1579 Hustadvika"	"2020"	13279	122	104	18	500	479	21	38
"K_1579 Hustadvika"	"2021"	13317	146	125	21	544	602	-58	-30
"K_1579 Hustadvika"	"2022"	13287	117	124	-7	565	503	62	54
"K_1579 Hustadvika"	"2023"	13341	127	110	17	615	541	74	96
"K_1579 Hustadvika"	"2024"	13437	..	..	..	..	..	..	..
"K_1580 Haram"	"1951"	4498	113	36	77	174	163	11	88
"K_1580 Haram"	"1952"	4586	136	27	109	171	212	-41	68
"K_1580 Haram"	"1953"	4654	119	20	99	203	182	21	120
"K_1580 Haram"	"1954"	4774	121	27	94	126	205	-79	15
"K_1580 Haram"	"1955"	4789	115	44	71	180	242	-62	55
"K_1580 Haram"	"1956"	4844	104	34	70	202	218	-16	54
"K_1580 Haram"	"1957"	4898	132	31	101	187	234	-47	54
"K_1580 Haram"	"1958"	4952	107	39	68	141	192	-51	17
"K_1580 Haram"	"1959"	4969	138	48	90	146	238	-92	-2
"K_1580 Haram"	"1960"	4967	100	34	66	190	245	-55	-2
"K_1580 Haram"	"1961"	4965	98	33	65	166	231	-65	0
"K_1580 Haram"	"1962"	4965	99	37	62	212	237	-25	37
"K_1580 Haram"	"1963"	5002	94	40	54	158	240	-82	-28
"K_1580 Haram"	"1964"	4974	93	41	52	185	235	-50	2
"K_1580 Haram"	"1965"	8140	200	75	125	301	399	-98	27
"K_1580 Haram"	"1966"	8167	144	65	79	399	336	63	128
"K_1580 Haram"	"1967"	8295	169	73	96	365	394	-29	67
"K_1580 Haram"	"1968"	8362	174	64	110	282	356	-74	50
"K_1580 Haram"	"1969"	8412	155	69	86	344	361	-17	70
"K_1580 Haram"	"1970"	8482	173	62	111	311	471	-160	-62
"K_1580 Haram"	"1971"	8420	140	64	76	326	359	-33	41
"K_1580 Haram"	"1972"	8461	149	68	81	348	385	-37	57
"K_1580 Haram"	"1973"	8518	135	61	74	395	373	22	95
"K_1580 Haram"	"1974"	8613	132	65	67	380	380	0	68
"K_1580 Haram"	"1975"	8681	125	66	59	266	358	-92	-43
"K_1580 Haram"	"1976"	8638	117	60	57	304	345	-41	16
"K_1580 Haram"	"1977"	8654	143	65	78	265	317	-52	27
"K_1580 Haram"	"1978"	8681	130	66	64	281	284	-3	61
"K_1580 Haram"	"1979"	8742	115	76	39	294	295	-1	35
"K_1580 Haram"	"1980"	8777	129	70	59	235	357	-122	-63
"K_1580 Haram"	"1981"	8714	124	82	42	246	261	-15	27
"K_1580 Haram"	"1982"	8741	137	83	54	280	313	-33	20
"K_1580 Haram"	"1983"	8761	137	70	67	215	274	-59	9
"K_1580 Haram"	"1984"	8770	110	69	41	199	274	-75	-31
"K_1580 Haram"	"1985"	8739	124	73	51	215	287	-72	-23
"K_1580 Haram"	"1986"	8716	104	70	34	220	291	-71	-39
"K_1580 Haram"	"1987"	8677	92	90	2	247	306	-59	-56
"K_1580 Haram"	"1988"	8621	114	71	43	264	304	-40	3
"K_1580 Haram"	"1989"	8624	134	77	57	209	260	-51	5
"K_1580 Haram"	"1990"	8629	104	86	18	202	292	-90	-73
"K_1580 Haram"	"1991"	8556	120	76	44	246	238	8	50
"K_1580 Haram"	"1992"	8606	98	80	18	203	248	-45	-24
"K_1580 Haram"	"1993"	8582	102	72	30	217	221	-4	23
"K_1580 Haram"	"1994"	8605	99	60	39	266	283	-17	25
"K_1580 Haram"	"1995"	8630	114	82	32	264	318	-54	-22
"K_1580 Haram"	"1996"	8608	104	95	9	302	285	17	26
"K_1580 Haram"	"1997"	8634	100	75	25	351	276	75	100
"K_1580 Haram"	"1998"	8734	119	82	37	308	347	-39	-1
"K_1580 Haram"	"1999"	8733	120	77	43	303	305	-2	41
"K_1580 Haram"	"2000"	8774	93	83	10	292	284	8	18
"K_1580 Haram"	"2001"	8792	99	90	9	245	265	-20	-11
"K_1580 Haram"	"2002"	8781	108	77	31	305	295	10	38
"K_1580 Haram"	"2003"	8819	110	99	11	240	286	-46	-38
"K_1580 Haram"	"2004"	8781	101	74	27	217	309	-92	-66
"K_1580 Haram"	"2005"	8715	94	85	9	251	332	-81	-72
"K_1580 Haram"	"2006"	8643	98	83	15	301	353	-52	-37
"K_1580 Haram"	"2007"	8606	84	83	1	329	320	9	11
"K_1580 Haram"	"2008"	8617	97	88	9	365	299	66	77
"K_1580 Haram"	"2009"	8694	99	82	17	312	285	27	45
"K_1580 Haram"	"2010"	8739	89	92	-3	404	284	120	118
"K_1580 Haram"	"2011"	8857	99	89	10	444	338	106	116
"K_1580 Haram"	"2012"	8973	101	91	10	423	386	37	47
"K_1580 Haram"	"2013"	9020	106	71	35	433	404	29	64
"K_1580 Haram"	"2014"	9084	78	82	-4	383	343	40	36
"K_1580 Haram"	"2015"	9120	99	73	26	406	351	55	80
"K_1580 Haram"	"2016"	9200	109	82	27	451	360	91	112
"K_1580 Haram"	"2017"	9312	108	83	25	381	374	7	33
"K_1580 Haram"	"2018"	9345	86	82	4	380	344	36	38
"K_1580 Haram"	"2019"	9383	82	83	-1	333	363	-30	-31
"K_1580 Haram"	"2020"	0	0	0	0	0	0	0	0
"K_1580 Haram"	"2021"	0	0	0	0	0	0	0	0
"K_1580 Haram"	"2022"	0	0	0	0	0	0	0	0
"K_1580 Haram"	"2023"	0	0	0	0	0	0	0	0
"K_1580 Haram"	"2024"	9357	..	..	..	..	..	..	..
"K_5001 Trondheim - Tråante"	"1951"	93429	1658	756	902	5322	5253	69	971
"K_5001 Trondheim - Tråante"	"1952"	94400	1715	776	939	5076	5323	-247	692
"K_5001 Trondheim - Tråante"	"1953"	95092	1787	769	1018	5904	5355	549	1530
"K_5001 Trondheim - Tråante"	"1954"	96659	1735	853	882	6032	5461	571	1453
"K_5001 Trondheim - Tråante"	"1955"	98112	1852	891	961	6350	5841	509	1646
"K_5001 Trondheim - Tråante"	"1956"	99758	1926	871	1055	6331	6082	249	1304
"K_5001 Trondheim - Tråante"	"1957"	101062	1863	917	946	6654	6167	487	1433
"K_5001 Trondheim - Tråante"	"1958"	102495	1785	988	797	6121	5651	470	1267
"K_5001 Trondheim - Tråante"	"1959"	103762	1884	955	929	6998	6223	775	1704
"K_5001 Trondheim - Tråante"	"1960"	105466	1811	949	862	7938	7107	831	1519
"K_5001 Trondheim - Tråante"	"1961"	106985	1904	957	947	7863	6929	934	1881
"K_5001 Trondheim - Tråante"	"1962"	108866	1923	972	951	8851	7656	1195	2146
"K_5001 Trondheim - Tråante"	"1963"	111012	2109	1028	1081	8564	7524	1040	2121
"K_5001 Trondheim - Tråante"	"1964"	113133	2303	1044	1259	4575	3539	1036	2295
"K_5001 Trondheim - Tråante"	"1965"	115428	2429	991	1438	5510	4456	1054	2492
"K_5001 Trondheim - Tråante"	"1966"	117920	2513	1105	1408	5612	4362	1250	2703
"K_5001 Trondheim - Tråante"	"1967"	120623	2366	1057	1309	6002	4992	1010	2319
"K_5001 Trondheim - Tråante"	"1968"	122942	2583	1153	1430	6147	5056	1091	2589
"K_5001 Trondheim - Tråante"	"1969"	125531	2644	1223	1421	6699	5331	1368	2739
"K_5001 Trondheim - Tråante"	"1970"	128270	2540	1171	1369	7888	7191	697	1904
"K_5001 Trondheim - Tråante"	"1971"	130174	2695	1126	1569	6450	6294	156	1635
"K_5001 Trondheim - Tråante"	"1972"	131809	2648	1189	1459	6983	6086	897	2498
"K_5001 Trondheim - Tråante"	"1973"	134307	2588	1202	1386	6752	6461	291	1691
"K_5001 Trondheim - Tråante"	"1974"	135998	2479	1226	1253	6626	7040	-414	855
"K_5001 Trondheim - Tråante"	"1975"	136853	2382	1174	1208	6772	6983	-211	961
"K_5001 Trondheim - Tråante"	"1976"	137814	2203	1246	957	6280	6454	-174	777
"K_5001 Trondheim - Tråante"	"1977"	138591	2029	1256	773	6024	7057	-1033	-271
"K_5001 Trondheim - Tråante"	"1978"	138320	1973	1284	689	5589	6555	-966	-278
"K_5001 Trondheim - Tråante"	"1979"	138042	1910	1329	581	5608	6039	-431	96
"K_5001 Trondheim - Tråante"	"1980"	138138	1892	1228	664	5897	6325	-428	271
"K_5001 Trondheim - Tråante"	"1981"	138409	1848	1284	564	5623	6420	-797	-228
"K_5001 Trondheim - Tråante"	"1982"	138181	1843	1247	596	5419	6006	-587	13
"K_5001 Trondheim - Tråante"	"1983"	138194	1794	1265	529	5464	6452	-988	-458
"K_5001 Trondheim - Tråante"	"1984"	137736	1722	1275	447	5622	6044	-422	14
"K_5001 Trondheim - Tråante"	"1985"	137750	1834	1284	550	5882	5922	-40	510
"K_5001 Trondheim - Tråante"	"1986"	138260	1790	1318	472	6081	6213	-132	317
"K_5001 Trondheim - Tråante"	"1987"	138577	1891	1326	565	6565	6116	449	1032
"K_5001 Trondheim - Tråante"	"1988"	139609	2168	1395	773	6417	5949	468	1232
"K_5001 Trondheim - Tråante"	"1989"	140841	2211	1408	803	5972	5919	53	811
"K_5001 Trondheim - Tråante"	"1990"	141652	2291	1347	944	5983	6197	-214	731
"K_5001 Trondheim - Tråante"	"1991"	142383	2338	1343	995	6284	5644	640	1615
"K_5001 Trondheim - Tråante"	"1992"	143998	2235	1389	846	5689	5521	168	1038
"K_5001 Trondheim - Tråante"	"1993"	145036	2233	1356	877	6830	6131	699	1558
"K_5001 Trondheim - Tråante"	"1994"	146594	2327	1311	1016	6473	6665	-192	839
"K_5001 Trondheim - Tråante"	"1995"	147433	2158	1380	778	6800	6543	257	1058
"K_5001 Trondheim - Tråante"	"1996"	148491	2268	1324	944	6968	7032	-64	900
"K_5001 Trondheim - Tråante"	"1997"	149391	2210	1347	863	7476	7142	334	1187
"K_5001 Trondheim - Tråante"	"1998"	150578	2215	1353	862	7679	7065	614	1454
"K_5001 Trondheim - Tråante"	"1999"	152032	2117	1340	777	7583	6658	925	1702
"K_5001 Trondheim - Tråante"	"2000"	153734	2203	1276	927	7830	7331	499	1428
"K_5001 Trondheim - Tråante"	"2001"	155162	2163	1265	898	7537	7125	412	1293
"K_5001 Trondheim - Tråante"	"2002"	156455	2138	1377	761	7639	6959	680	1432
"K_5001 Trondheim - Tråante"	"2003"	157887	2129	1311	818	7827	6926	901	1725
"K_5001 Trondheim - Tråante"	"2004"	159612	2239	1252	987	7899	7025	874	1828
"K_5001 Trondheim - Tråante"	"2005"	161440	2275	1311	964	8934	7337	1597	2526
"K_5001 Trondheim - Tråante"	"2006"	163966	2341	1334	1007	10102	7838	2264	3238
"K_5001 Trondheim - Tråante"	"2007"	167204	2352	1298	1054	10712	8224	2488	3545
"K_5001 Trondheim - Tråante"	"2008"	170749	2535	1253	1282	10233	8380	1853	3142
"K_5001 Trondheim - Tråante"	"2009"	173891	2570	1244	1326	10020	8496	1524	2846
"K_5001 Trondheim - Tråante"	"2010"	176737	2579	1266	1313	10835	9484	1351	2643
"K_5001 Trondheim - Tråante"	"2011"	179380	2442	1291	1151	11466	9694	1772	2898
"K_5001 Trondheim - Tråante"	"2012"	182278	2452	1237	1215	11731	9594	2137	3353
"K_5001 Trondheim - Tråante"	"2013"	185631	2417	1221	1196	11633	10483	1150	2374
"K_5001 Trondheim - Tråante"	"2014"	188005	2422	1193	1229	11778	10038	1740	2950
"K_5001 Trondheim - Tråante"	"2015"	190955	2380	1214	1166	11834	10527	1307	2465
"K_5001 Trondheim - Tråante"	"2016"	193420	2392	1219	1173	11939	10037	1902	3094
"K_5001 Trondheim - Tråante"	"2017"	196514	2291	1321	970	12402	10277	2125	3081
"K_5001 Trondheim - Tråante"	"2018"	199595	2152	1238	914	11821	10100	1721	2640
"K_5001 Trondheim - Tråante"	"2019"	202235	2291	1262	1029	12233	10350	1883	2928
"K_5001 Trondheim - Tråante"	"2020"	205163	2115	1166	949	11864	10380	1484	2432
"K_5001 Trondheim - Tråante"	"2021"	207595	2362	1248	1114	13900	12131	1769	2901
"K_5001 Trondheim - Tråante"	"2022"	210496	2148	1438	710	12789	11324	1465	2164
"K_5001 Trondheim - Tråante"	"2023"	212660	2123	1327	796	12550	11471	1079	1905
"K_5001 Trondheim - Tråante"	"2024"	214565	..	..	..	..	..	..	..
"K_5006 Steinkjer"	"1951"	21300	479	150	329	1135	1216	-81	248
"K_5006 Steinkjer"	"1952"	21548	506	170	336	1141	1037	104	440
"K_5006 Steinkjer"	"1953"	21988	479	139	340	1350	1260	90	430
"K_5006 Steinkjer"	"1954"	22418	533	148	385	1459	1373	86	471
"K_5006 Steinkjer"	"1955"	22889	543	159	384	1318	1348	-30	333
"K_5006 Steinkjer"	"1956"	23222	527	173	354	1386	1424	-38	316
"K_5006 Steinkjer"	"1957"	23538	495	172	323	1365	1392	-27	296
"K_5006 Steinkjer"	"1958"	23834	486	192	294	1181	1394	-213	81
"K_5006 Steinkjer"	"1959"	23915	489	190	299	1070	1330	-260	39
"K_5006 Steinkjer"	"1960"	23954	478	180	298	1381	1514	-133	254
"K_5006 Steinkjer"	"1961"	24208	473	188	285	1148	1413	-265	20
"K_5006 Steinkjer"	"1962"	24228	466	201	265	1257	1444	-187	78
"K_5006 Steinkjer"	"1963"	24306	475	179	296	1233	1475	-242	54
"K_5006 Steinkjer"	"1964"	24360	445	201	244	913	1055	-142	102
"K_5006 Steinkjer"	"1965"	24462	467	200	267	945	1132	-187	80
"K_5006 Steinkjer"	"1966"	24542	497	225	272	963	1315	-352	-90
"K_5006 Steinkjer"	"1967"	24452	439	212	227	972	1286	-314	-87
"K_5006 Steinkjer"	"1968"	23970	445	224	221	978	1111	-133	72
"K_5006 Steinkjer"	"1969"	24042	396	212	184	1007	1095	-88	32
"K_5006 Steinkjer"	"1970"	24074	393	216	177	1215	1445	-230	19
"K_5006 Steinkjer"	"1971"	24093	411	212	199	1052	1224	-172	22
"K_5006 Steinkjer"	"1972"	24115	389	222	167	1051	1244	-193	-14
"K_5006 Steinkjer"	"1973"	24101	342	250	92	1066	1145	-79	7
"K_5006 Steinkjer"	"1974"	24108	338	227	111	1024	1130	-106	-1
"K_5006 Steinkjer"	"1975"	24107	303	224	79	1094	1033	61	133
"K_5006 Steinkjer"	"1976"	24240	279	226	53	893	999	-106	-50
"K_5006 Steinkjer"	"1977"	24190	313	217	96	898	975	-77	17
"K_5006 Steinkjer"	"1978"	24207	294	230	64	818	947	-129	-68
"K_5006 Steinkjer"	"1979"	24139	265	224	41	869	946	-77	-34
"K_5006 Steinkjer"	"1980"	24105	263	214	49	1002	995	7	56
"K_5006 Steinkjer"	"1981"	24161	269	241	28	892	879	13	41
"K_5006 Steinkjer"	"1982"	24202	239	236	3	786	806	-20	-17
"K_5006 Steinkjer"	"1983"	24185	250	225	25	770	848	-78	-54
"K_5006 Steinkjer"	"1984"	24131	251	209	42	774	922	-148	-107
"K_5006 Steinkjer"	"1985"	24024	252	256	-4	726	914	-188	-198
"K_5006 Steinkjer"	"1986"	23826	272	248	24	780	970	-190	-167
"K_5006 Steinkjer"	"1987"	23659	296	246	50	837	917	-80	-34
"K_5006 Steinkjer"	"1988"	23625	284	257	27	872	873	-1	23
"K_5006 Steinkjer"	"1989"	23648	311	250	61	874	868	6	68
"K_5006 Steinkjer"	"1990"	23716	314	285	29	857	776	81	107
"K_5006 Steinkjer"	"1991"	23823	324	269	55	817	891	-74	-10
"K_5006 Steinkjer"	"1992"	23813	325	304	21	827	924	-97	-87
"K_5006 Steinkjer"	"1993"	23726	308	266	42	742	807	-65	-18
"K_5006 Steinkjer"	"1994"	23708	281	263	18	788	889	-101	-87
"K_5006 Steinkjer"	"1995"	23621	290	251	39	797	993	-196	-154
"K_5006 Steinkjer"	"1996"	23467	320	264	56	827	888	-61	-6
"K_5006 Steinkjer"	"1997"	23461	260	266	-6	797	1048	-251	-254
"K_5006 Steinkjer"	"1998"	23207	259	257	2	860	934	-74	-71
"K_5006 Steinkjer"	"1999"	23136	272	235	37	867	844	23	56
"K_5006 Steinkjer"	"2000"	23192	272	262	10	957	896	61	70
"K_5006 Steinkjer"	"2001"	23262	244	247	-3	831	948	-117	-116
"K_5006 Steinkjer"	"2002"	23146	231	267	-36	847	864	-17	-50
"K_5006 Steinkjer"	"2003"	23096	239	249	-10	843	794	49	39
"K_5006 Steinkjer"	"2004"	23135	221	241	-20	897	811	86	62
"K_5006 Steinkjer"	"2005"	23197	248	238	10	772	858	-86	-76
"K_5006 Steinkjer"	"2006"	23121	214	276	-62	1068	880	188	126
"K_5006 Steinkjer"	"2007"	23247	221	261	-40	1291	882	409	373
"K_5006 Steinkjer"	"2008"	23620	281	238	43	975	844	131	172
"K_5006 Steinkjer"	"2009"	23792	282	239	43	1067	914	153	202
"K_5006 Steinkjer"	"2010"	23994	259	252	7	1048	1285	-237	-234
"K_5006 Steinkjer"	"2011"	23760	220	256	-36	1284	999	285	248
"K_5006 Steinkjer"	"2012"	24008	235	261	-26	1265	1019	246	218
"K_5006 Steinkjer"	"2013"	24226	274	228	46	1119	1276	-157	-109
"K_5006 Steinkjer"	"2014"	24117	235	242	-7	1120	1036	84	80
"K_5006 Steinkjer"	"2015"	24197	215	222	-7	1147	1029	118	111
"K_5006 Steinkjer"	"2016"	24308	238	242	-4	1375	1190	185	179
"K_5006 Steinkjer"	"2017"	24487	209	216	-7	1233	1145	88	85
"K_5006 Steinkjer"	"2018"	24569	239	241	-2	1064	1094	-30	-30
"K_5006 Steinkjer"	"2019"	24539	212	230	-18	1074	1169	-95	-114
"K_5006 Steinkjer"	"2020"	24357	210	227	-17	837	1027	-190	-205
"K_5006 Steinkjer"	"2021"	24152	208	260	-52	970	1066	-96	-148
"K_5006 Steinkjer"	"2022"	24004	201	274	-73	1105	1082	23	-49
"K_5006 Steinkjer"	"2023"	23955	200	270	-70	1173	1030	143	77
"K_5006 Steinkjer"	"2024"	24032	..	..	..	..	..	..	..
"K_5007 Namsos - Nåavmesjenjaelmie"	"1951"	12709	268	110	158	622	678	-56	102
"K_5007 Namsos - Nåavmesjenjaelmie"	"1952"	12811	302	107	195	628	576	52	247
"K_5007 Namsos - Nåavmesjenjaelmie"	"1953"	13058	269	89	180	675	692	-17	163
"K_5007 Namsos - Nåavmesjenjaelmie"	"1954"	13221	274	101	173	740	670	70	243
"K_5007 Namsos - Nåavmesjenjaelmie"	"1955"	13464	280	109	171	702	653	49	244
"K_5007 Namsos - Nåavmesjenjaelmie"	"1956"	13708	262	106	156	737	771	-34	122
"K_5007 Namsos - Nåavmesjenjaelmie"	"1957"	13830	288	139	149	652	760	-108	41
"K_5007 Namsos - Nåavmesjenjaelmie"	"1958"	13871	234	115	119	717	712	5	124
"K_5007 Namsos - Nåavmesjenjaelmie"	"1959"	13995	239	132	107	628	824	-196	-89
"K_5007 Namsos - Nåavmesjenjaelmie"	"1960"	13906	253	122	131	805	886	-81	-14
"K_5007 Namsos - Nåavmesjenjaelmie"	"1961"	13892	260	120	140	613	768	-155	-15
"K_5007 Namsos - Nåavmesjenjaelmie"	"1962"	13877	255	149	106	727	788	-61	45
"K_5007 Namsos - Nåavmesjenjaelmie"	"1963"	13922	264	131	133	747	862	-115	18
"K_5007 Namsos - Nåavmesjenjaelmie"	"1964"	13940	258	156	102	510	472	38	140
"K_5007 Namsos - Nåavmesjenjaelmie"	"1965"	14080	282	144	138	445	679	-234	-96
"K_5007 Namsos - Nåavmesjenjaelmie"	"1966"	13984	279	125	154	612	691	-79	73
"K_5007 Namsos - Nåavmesjenjaelmie"	"1967"	14057	287	146	141	632	813	-181	-40
"K_5007 Namsos - Nåavmesjenjaelmie"	"1968"	14017	290	137	153	563	678	-115	49
"K_5007 Namsos - Nåavmesjenjaelmie"	"1969"	14066	265	143	122	708	696	12	119
"K_5007 Namsos - Nåavmesjenjaelmie"	"1970"	14185	248	166	82	792	995	-203	-133
"K_5007 Namsos - Nåavmesjenjaelmie"	"1971"	14052	241	135	106	725	724	1	99
"K_5007 Namsos - Nåavmesjenjaelmie"	"1972"	14151	267	149	118	743	817	-74	32
"K_5007 Namsos - Nåavmesjenjaelmie"	"1973"	14183	252	126	126	668	725	-57	65
"K_5007 Namsos - Nåavmesjenjaelmie"	"1974"	14248	241	139	102	710	702	8	103
"K_5007 Namsos - Nåavmesjenjaelmie"	"1975"	14351	227	156	71	626	710	-84	-14
"K_5007 Namsos - Nåavmesjenjaelmie"	"1976"	14337	208	119	89	561	612	-51	32
"K_5007 Namsos - Nåavmesjenjaelmie"	"1977"	14369	186	142	44	686	626	60	105
"K_5007 Namsos - Nåavmesjenjaelmie"	"1978"	14474	200	133	67	590	580	10	64
"K_5007 Namsos - Nåavmesjenjaelmie"	"1979"	14538	200	143	57	688	606	82	137
"K_5007 Namsos - Nåavmesjenjaelmie"	"1980"	14675	196	137	59	646	622	24	74
"K_5007 Namsos - Nåavmesjenjaelmie"	"1981"	14749	184	147	37	586	624	-38	-1
"K_5007 Namsos - Nåavmesjenjaelmie"	"1982"	14748	182	161	21	559	538	21	42
"K_5007 Namsos - Nåavmesjenjaelmie"	"1983"	14790	191	144	47	548	571	-23	23
"K_5007 Namsos - Nåavmesjenjaelmie"	"1984"	14813	197	145	52	474	553	-79	-30
"K_5007 Namsos - Nåavmesjenjaelmie"	"1985"	14783	183	154	29	509	551	-42	-20
"K_5007 Namsos - Nåavmesjenjaelmie"	"1986"	14763	207	146	61	578	687	-109	-53
"K_5007 Namsos - Nåavmesjenjaelmie"	"1987"	14710	163	129	34	565	618	-53	-17
"K_5007 Namsos - Nåavmesjenjaelmie"	"1988"	14693	187	162	25	601	639	-38	-16
"K_5007 Namsos - Nåavmesjenjaelmie"	"1989"	14677	198	157	41	600	616	-16	32
"K_5007 Namsos - Nåavmesjenjaelmie"	"1990"	14709	220	160	60	670	639	31	91
"K_5007 Namsos - Nåavmesjenjaelmie"	"1991"	14800	195	165	30	652	576	76	108
"K_5007 Namsos - Nåavmesjenjaelmie"	"1992"	14908	189	161	28	542	554	-12	23
"K_5007 Namsos - Nåavmesjenjaelmie"	"1993"	14931	227	143	84	698	556	142	218
"K_5007 Namsos - Nåavmesjenjaelmie"	"1994"	15149	208	124	84	554	688	-134	-48
"K_5007 Namsos - Nåavmesjenjaelmie"	"1995"	15101	208	158	50	507	703	-196	-151
"K_5007 Namsos - Nåavmesjenjaelmie"	"1996"	14950	208	136	72	557	656	-99	-23
"K_5007 Namsos - Nåavmesjenjaelmie"	"1997"	14927	183	178	5	630	697	-67	-61
"K_5007 Namsos - Nåavmesjenjaelmie"	"1998"	14866	206	144	62	676	712	-36	26
"K_5007 Namsos - Nåavmesjenjaelmie"	"1999"	14892	204	141	63	665	670	-5	58
"K_5007 Namsos - Nåavmesjenjaelmie"	"2000"	14950	208	149	59	656	663	-7	53
"K_5007 Namsos - Nåavmesjenjaelmie"	"2001"	15003	180	149	31	687	790	-103	-71
"K_5007 Namsos - Nåavmesjenjaelmie"	"2002"	14932	193	158	35	587	610	-23	9
"K_5007 Namsos - Nåavmesjenjaelmie"	"2003"	14941	170	146	24	672	684	-12	12
"K_5007 Namsos - Nåavmesjenjaelmie"	"2004"	14953	182	142	40	627	624	3	43
"K_5007 Namsos - Nåavmesjenjaelmie"	"2005"	14996	167	142	25	606	593	13	41
"K_5007 Namsos - Nåavmesjenjaelmie"	"2006"	15037	185	149	36	670	719	-49	-11
"K_5007 Namsos - Nåavmesjenjaelmie"	"2007"	15026	171	158	13	672	701	-29	-15
"K_5007 Namsos - Nåavmesjenjaelmie"	"2008"	15011	173	133	40	706	644	62	112
"K_5007 Namsos - Nåavmesjenjaelmie"	"2009"	15123	174	132	42	717	721	-4	39
"K_5007 Namsos - Nåavmesjenjaelmie"	"2010"	15162	180	172	8	825	730	95	104
"K_5007 Namsos - Nåavmesjenjaelmie"	"2011"	15266	166	142	24	752	728	24	49
"K_5007 Namsos - Nåavmesjenjaelmie"	"2012"	15315	162	129	33	801	790	11	41
"K_5007 Namsos - Nåavmesjenjaelmie"	"2013"	15356	182	150	32	749	742	7	45
"K_5007 Namsos - Nåavmesjenjaelmie"	"2014"	15401	174	149	25	715	841	-126	-101
"K_5007 Namsos - Nåavmesjenjaelmie"	"2015"	15300	169	138	31	724	788	-64	-35
"K_5007 Namsos - Nåavmesjenjaelmie"	"2016"	15265	161	129	32	784	814	-30	7
"K_5007 Namsos - Nåavmesjenjaelmie"	"2017"	15272	153	137	16	822	831	-9	9
"K_5007 Namsos - Nåavmesjenjaelmie"	"2018"	15281	139	152	-13	689	665	24	13
"K_5007 Namsos - Nåavmesjenjaelmie"	"2019"	15294	131	155	-24	639	733	-94	-116
"K_5007 Namsos - Nåavmesjenjaelmie"	"2020"	15230	120	147	-27	635	743	-108	-134
"K_5007 Namsos - Nåavmesjenjaelmie"	"2021"	15096	115	148	-33	632	695	-63	-95
"K_5007 Namsos - Nåavmesjenjaelmie"	"2022"	15001	136	165	-29	648	696	-48	-78
"K_5007 Namsos - Nåavmesjenjaelmie"	"2023"	14923	161	132	29	971	841	130	160
"K_5007 Namsos - Nåavmesjenjaelmie"	"2024"	15083	..	..	..	..	..	..	..
"K_5014 Frøya"	"1951"	6803	123	53	70	182	258	-76	-6
"K_5014 Frøya"	"1952"	6797	142	76	66	121	203	-82	-16
"K_5014 Frøya"	"1953"	6781	150	66	84	134	220	-86	-2
"K_5014 Frøya"	"1954"	6779	125	73	52	157	244	-87	-35
"K_5014 Frøya"	"1955"	6744	143	58	85	140	183	-43	72
"K_5014 Frøya"	"1956"	6816	138	71	67	145	264	-119	-52
"K_5014 Frøya"	"1957"	6764	126	63	63	158	248	-90	-27
"K_5014 Frøya"	"1958"	6737	152	67	85	130	212	-82	3
"K_5014 Frøya"	"1959"	6740	117	84	33	158	223	-65	-32
"K_5014 Frøya"	"1960"	6708	146	74	72	189	240	-51	-20
"K_5014 Frøya"	"1961"	6688	132	77	55	112	218	-106	-51
"K_5014 Frøya"	"1962"	6637	133	67	66	132	275	-143	-77
"K_5014 Frøya"	"1963"	6560	118	78	40	162	206	-44	-4
"K_5014 Frøya"	"1964"	6556	124	83	41	95	121	-26	15
"K_5014 Frøya"	"1965"	6571	98	63	35	108	276	-168	-133
"K_5014 Frøya"	"1966"	6438	100	61	39	150	333	-183	-65
"K_5014 Frøya"	"1967"	6373	94	59	35	175	295	-120	-85
"K_5014 Frøya"	"1968"	6288	96	79	17	158	325	-167	-146
"K_5014 Frøya"	"1969"	6142	87	95	-8	145	317	-172	-185
"K_5014 Frøya"	"1970"	5957	74	78	-4	154	344	-190	-204
"K_5014 Frøya"	"1971"	5753	59	81	-22	180	293	-113	-135
"K_5014 Frøya"	"1972"	5618	61	69	-8	175	302	-127	-238
"K_5014 Frøya"	"1973"	5380	63	87	-24	141	261	-120	-145
"K_5014 Frøya"	"1974"	5235	56	72	-16	147	263	-116	-134
"K_5014 Frøya"	"1975"	5101	67	69	-2	151	225	-74	-77
"K_5014 Frøya"	"1976"	5024	34	79	-45	166	210	-44	-91
"K_5014 Frøya"	"1977"	4933	42	77	-35	153	202	-49	-83
"K_5014 Frøya"	"1978"	4850	42	73	-31	183	183	0	-32
"K_5014 Frøya"	"1979"	4818	41	69	-28	159	160	-1	-29
"K_5014 Frøya"	"1980"	4789	59	56	3	125	170	-45	-43
"K_5014 Frøya"	"1981"	4746	53	73	-20	142	197	-55	-76
"K_5014 Frøya"	"1982"	4670	56	57	-1	153	216	-63	-66
"K_5014 Frøya"	"1983"	4604	43	78	-35	161	158	3	-31
"K_5014 Frøya"	"1984"	4573	48	74	-26	127	184	-57	-83
"K_5014 Frøya"	"1985"	4490	55	55	0	123	170	-47	-45
"K_5014 Frøya"	"1986"	4445	42	77	-35	139	185	-46	-80
"K_5014 Frøya"	"1987"	4365	52	72	-20	144	204	-60	-79
"K_5014 Frøya"	"1988"	4286	55	59	-4	184	208	-24	-25
"K_5014 Frøya"	"1989"	4261	44	66	-22	227	173	54	32
"K_5014 Frøya"	"1990"	4293	45	58	-13	153	191	-38	-51
"K_5014 Frøya"	"1991"	4242	54	62	-8	184	266	-82	-89
"K_5014 Frøya"	"1992"	4153	54	68	-14	146	132	14	-2
"K_5014 Frøya"	"1993"	4151	47	73	-26	114	151	-37	-64
"K_5014 Frøya"	"1994"	4087	44	47	-3	115	141	-26	-30
"K_5014 Frøya"	"1995"	4057	56	57	-1	165	153	12	12
"K_5014 Frøya"	"1996"	4069	74	55	19	182	165	17	35
"K_5014 Frøya"	"1997"	4104	47	60	-13	160	161	-1	-14
"K_5014 Frøya"	"1998"	4090	61	61	0	201	172	29	29
"K_5014 Frøya"	"1999"	4119	53	63	-10	206	200	6	-4
"K_5014 Frøya"	"2000"	4115	45	54	-9	207	200	7	-2
"K_5014 Frøya"	"2001"	4113	56	56	0	217	224	-7	-6
"K_5014 Frøya"	"2002"	4107	43	60	-17	244	188	56	39
"K_5014 Frøya"	"2003"	4146	35	44	-9	238	268	-30	-39
"K_5014 Frøya"	"2004"	4107	41	58	-17	239	209	30	7
"K_5014 Frøya"	"2005"	4114	41	53	-12	168	209	-41	-55
"K_5014 Frøya"	"2006"	4059	35	39	-4	205	209	-4	-7
"K_5014 Frøya"	"2007"	4052	43	51	-8	334	232	102	92
"K_5014 Frøya"	"2008"	4144	53	46	7	317	246	71	71
"K_5014 Frøya"	"2009"	4215	47	55	-8	310	204	106	99
"K_5014 Frøya"	"2010"	4314	61	46	15	225	222	3	12
"K_5014 Frøya"	"2011"	4326	47	52	-5	228	182	46	43
"K_5014 Frøya"	"2012"	4369	53	51	2	317	186	131	137
"K_5014 Frøya"	"2013"	4506	48	50	-2	260	212	48	41
"K_5014 Frøya"	"2014"	4547	60	46	14	277	206	71	87
"K_5014 Frøya"	"2015"	4634	54	51	3	352	189	163	165
"K_5014 Frøya"	"2016"	4799	58	37	21	328	212	116	138
"K_5014 Frøya"	"2017"	4937	56	56	0	289	264	25	25
"K_5014 Frøya"	"2018"	4962	61	40	21	334	249	85	106
"K_5014 Frøya"	"2019"	5068	59	56	3	304	224	80	83
"K_5014 Frøya"	"2020"	5151	71	32	39	298	282	16	53
"K_5014 Frøya"	"2021"	5204	60	49	11	409	360	49	61
"K_5014 Frøya"	"2022"	5265	64	62	2	404	281	123	126
"K_5014 Frøya"	"2023"	5391	49	48	1	421	361	60	62
"K_5014 Frøya"	"2024"	5453	..	..	..	..	..	..	..
"K_5020 Osen"	"1951"	1651	28	10	18	20	60	-40	-22
"K_5020 Osen"	"1952"	1629	28	15	13	26	51	-25	-12
"K_5020 Osen"	"1953"	1617	28	18	10	37	57	-20	-10
"K_5020 Osen"	"1954"	1607	29	11	18	38	48	-10	8
"K_5020 Osen"	"1955"	1615	34	15	19	30	54	-24	-5
"K_5020 Osen"	"1956"	1610	30	14	16	65	80	-15	1
"K_5020 Osen"	"1957"	1611	38	19	19	30	67	-37	-18
"K_5020 Osen"	"1958"	1593	34	14	20	43	44	-1	19
"K_5020 Osen"	"1959"	1612	31	10	21	33	49	-16	5
"K_5020 Osen"	"1960"	1617	30	16	14	39	62	-23	4
"K_5020 Osen"	"1961"	1621	25	9	16	40	29	11	27
"K_5020 Osen"	"1962"	1648	30	16	14	13	71	-58	-44
"K_5020 Osen"	"1963"	1604	28	13	15	57	68	-11	4
"K_5020 Osen"	"1964"	1608	18	17	1	33	67	-34	-33
"K_5020 Osen"	"1965"	1575	21	12	9	68	93	-25	-16
"K_5020 Osen"	"1966"	1559	24	17	7	50	86	-36	-34
"K_5020 Osen"	"1967"	1525	28	16	12	53	96	-43	-31
"K_5020 Osen"	"1968"	1494	29	22	7	43	74	-31	-27
"K_5020 Osen"	"1969"	1467	15	23	-8	61	68	-7	-6
"K_5020 Osen"	"1970"	1461	12	21	-9	74	94	-20	-35
"K_5020 Osen"	"1971"	1426	23	13	10	53	66	-13	-4
"K_5020 Osen"	"1972"	1422	14	19	-5	66	74	-8	-13
"K_5020 Osen"	"1973"	1409	16	13	3	51	71	-20	-17
"K_5020 Osen"	"1974"	1392	19	17	2	70	53	17	18
"K_5020 Osen"	"1975"	1410	13	26	-13	36	75	-39	-52
"K_5020 Osen"	"1976"	1358	21	16	5	52	86	-34	-29
"K_5020 Osen"	"1977"	1329	15	14	1	63	53	10	10
"K_5020 Osen"	"1978"	1339	11	16	-5	36	51	-15	-19
"K_5020 Osen"	"1979"	1320	17	10	7	64	43	21	28
"K_5020 Osen"	"1980"	1348	22	20	2	58	59	-1	1
"K_5020 Osen"	"1981"	1349	22	10	12	42	35	7	19
"K_5020 Osen"	"1982"	1368	20	18	2	51	41	10	12
"K_5020 Osen"	"1983"	1380	17	14	3	40	30	10	14
"K_5020 Osen"	"1984"	1394	13	12	1	48	59	-11	-10
"K_5020 Osen"	"1985"	1384	18	20	-2	27	50	-23	-25
"K_5020 Osen"	"1986"	1359	18	16	2	32	53	-21	-19
"K_5020 Osen"	"1987"	1340	18	21	-3	37	42	-5	-8
"K_5020 Osen"	"1988"	1332	9	19	-10	54	48	6	-4
"K_5020 Osen"	"1989"	1328	15	11	4	24	40	-16	-12
"K_5020 Osen"	"1990"	1316	17	21	-4	24	49	-25	-28
"K_5020 Osen"	"1991"	1288	13	13	0	25	44	-19	-19
"K_5020 Osen"	"1992"	1269	14	21	-7	35	37	-2	-9
"K_5020 Osen"	"1993"	1260	16	20	-4	32	49	-17	-19
"K_5020 Osen"	"1994"	1241	15	19	-4	32	58	-26	-30
"K_5020 Osen"	"1995"	1211	17	13	4	39	29	10	13
"K_5020 Osen"	"1996"	1224	19	23	-4	20	37	-17	-21
"K_5020 Osen"	"1997"	1203	9	16	-7	36	48	-12	-19
"K_5020 Osen"	"1998"	1184	14	11	3	53	36	17	22
"K_5020 Osen"	"1999"	1206	15	14	1	37	50	-13	-12
"K_5020 Osen"	"2000"	1194	11	13	-2	20	36	-16	-18
"K_5020 Osen"	"2001"	1176	8	22	-14	27	37	-10	-24
"K_5020 Osen"	"2002"	1152	8	21	-13	9	51	-42	-55
"K_5020 Osen"	"2003"	1097	9	29	-20	35	57	-22	-42
"K_5020 Osen"	"2004"	1055	10	11	-1	23	25	-2	-3
"K_5020 Osen"	"2005"	1052	17	14	3	35	31	4	7
"K_5020 Osen"	"2006"	1059	8	8	0	44	51	-7	-8
"K_5020 Osen"	"2007"	1051	13	10	3	29	42	-13	-10
"K_5020 Osen"	"2008"	1041	10	11	-1	33	45	-12	-13
"K_5020 Osen"	"2009"	1028	12	20	-8	46	33	13	5
"K_5020 Osen"	"2010"	1033	10	13	-3	33	38	-5	-8
"K_5020 Osen"	"2011"	1025	9	12	-3	34	36	-2	-5
"K_5020 Osen"	"2012"	1020	8	19	-11	40	39	1	-10
"K_5020 Osen"	"2013"	1010	3	8	-5	33	41	-8	-13
"K_5020 Osen"	"2014"	997	7	18	-11	56	32	24	13
"K_5020 Osen"	"2015"	1010	5	12	-7	22	49	-27	-34
"K_5020 Osen"	"2016"	976	7	16	-9	49	38	11	2
"K_5020 Osen"	"2017"	978	7	11	-4	40	48	-8	-11
"K_5020 Osen"	"2018"	967	7	15	-8	26	37	-11	-20
"K_5020 Osen"	"2019"	947	7	11	-4	43	38	5	1
"K_5020 Osen"	"2020"	948	11	8	3	23	49	-26	-23
"K_5020 Osen"	"2021"	925	8	14	-6	34	49	-15	-21
"K_5020 Osen"	"2022"	904	6	20	-14	41	27	14	0
"K_5020 Osen"	"2023"	904	2	17	-15	42	33	9	-6
"K_5020 Osen"	"2024"	898	..	..	..	..	..	..	..
"K_5021 Oppdal"	"1951"	5344	104	38	66	240	179	61	127
"K_5021 Oppdal"	"1952"	5471	124	36	88	165	160	5	93
"K_5021 Oppdal"	"1953"	5564	106	39	67	157	220	-63	4
"K_5021 Oppdal"	"1954"	5568	100	48	52	151	210	-59	-7
"K_5021 Oppdal"	"1955"	5561	126	50	76	145	232	-87	-59
"K_5021 Oppdal"	"1956"	5502	94	41	53	218	234	-16	37
"K_5021 Oppdal"	"1957"	5539	92	37	55	205	261	-56	-1
"K_5021 Oppdal"	"1958"	5538	94	46	48	189	181	8	56
"K_5021 Oppdal"	"1959"	5594	110	47	63	144	166	-22	41
"K_5021 Oppdal"	"1960"	5635	81	37	44	171	282	-111	-76
"K_5021 Oppdal"	"1961"	5559	103	48	55	134	199	-65	-10
"K_5021 Oppdal"	"1962"	5549	82	48	34	165	201	-36	-2
"K_5021 Oppdal"	"1963"	5547	101	52	49	176	267	-91	-42
"K_5021 Oppdal"	"1964"	5505	84	49	35	168	176	-8	27
"K_5021 Oppdal"	"1965"	5532	96	50	46	200	256	-56	-10
"K_5021 Oppdal"	"1966"	5522	127	48	79	228	236	-8	60
"K_5021 Oppdal"	"1967"	5582	99	61	38	238	252	-14	24
"K_5021 Oppdal"	"1968"	5606	99	46	53	204	235	-31	47
"K_5021 Oppdal"	"1969"	5653	93	73	20	195	218	-23	-2
"K_5021 Oppdal"	"1970"	5651	85	65	20	318	299	19	41
"K_5021 Oppdal"	"1971"	5692	84	59	25	248	240	8	33
"K_5021 Oppdal"	"1972"	5725	85	56	29	226	299	-73	-46
"K_5021 Oppdal"	"1973"	5679	78	56	22	207	227	-20	2
"K_5021 Oppdal"	"1974"	5681	69	47	22	214	259	-45	-23
"K_5021 Oppdal"	"1975"	5658	56	54	2	217	244	-27	-32
"K_5021 Oppdal"	"1976"	5626	61	56	5	235	191	44	50
"K_5021 Oppdal"	"1977"	5676	64	64	0	296	207	89	89
"K_5021 Oppdal"	"1978"	5765	58	72	-14	260	212	48	33
"K_5021 Oppdal"	"1979"	5798	57	66	-9	257	142	115	100
"K_5021 Oppdal"	"1980"	5898	76	60	16	240	151	89	103
"K_5021 Oppdal"	"1981"	6001	70	58	12	198	146	52	62
"K_5021 Oppdal"	"1982"	6063	69	70	-1	196	186	10	10
"K_5021 Oppdal"	"1983"	6073	75	78	-3	184	146	38	34
"K_5021 Oppdal"	"1984"	6107	78	60	18	201	206	-5	15
"K_5021 Oppdal"	"1985"	6122	64	70	-6	166	196	-30	-34
"K_5021 Oppdal"	"1986"	6088	68	61	7	200	194	6	15
"K_5021 Oppdal"	"1987"	6103	63	77	-14	294	216	78	63
"K_5021 Oppdal"	"1988"	6166	88	66	22	280	286	-6	15
"K_5021 Oppdal"	"1989"	6181	92	83	9	200	233	-33	-24
"K_5021 Oppdal"	"1990"	6157	89	67	22	230	193	37	56
"K_5021 Oppdal"	"1991"	6213	83	76	7	186	206	-20	-13
"K_5021 Oppdal"	"1992"	6200	81	67	14	200	208	-8	7
"K_5021 Oppdal"	"1993"	6207	92	69	23	289	207	82	106
"K_5021 Oppdal"	"1994"	6313	73	74	-1	222	250	-28	-30
"K_5021 Oppdal"	"1995"	6283	79	67	12	224	220	4	16
"K_5021 Oppdal"	"1996"	6299	79	78	1	223	242	-19	-20
"K_5021 Oppdal"	"1997"	6279	68	82	-14	228	249	-21	-35
"K_5021 Oppdal"	"1998"	6244	90	73	17	225	239	-14	4
"K_5021 Oppdal"	"1999"	6248	69	66	3	229	193	36	40
"K_5021 Oppdal"	"2000"	6288	78	72	6	232	200	32	39
"K_5021 Oppdal"	"2001"	6327	66	67	-1	236	188	48	52
"K_5021 Oppdal"	"2002"	6379	81	73	8	225	169	56	62
"K_5021 Oppdal"	"2003"	6441	80	56	24	186	193	-7	15
"K_5021 Oppdal"	"2004"	6456	65	63	2	183	170	13	17
"K_5021 Oppdal"	"2005"	6473	66	53	13	216	201	15	26
"K_5021 Oppdal"	"2006"	6499	55	62	-7	220	187	33	32
"K_5021 Oppdal"	"2007"	6531	64	67	-3	242	206	36	33
"K_5021 Oppdal"	"2008"	6564	65	50	15	239	189	50	65
"K_5021 Oppdal"	"2009"	6629	60	68	-8	208	224	-16	-26
"K_5021 Oppdal"	"2010"	6603	75	63	12	258	182	76	88
"K_5021 Oppdal"	"2011"	6691	82	60	22	254	213	41	64
"K_5021 Oppdal"	"2012"	6755	66	76	-10	258	207	51	39
"K_5021 Oppdal"	"2013"	6794	69	66	3	264	247	17	20
"K_5021 Oppdal"	"2014"	6814	78	52	26	261	247	14	38
"K_5021 Oppdal"	"2015"	6852	69	65	4	242	214	28	34
"K_5021 Oppdal"	"2016"	6886	71	53	18	262	193	69	87
"K_5021 Oppdal"	"2017"	6973	54	60	-6	244	241	3	-3
"K_5021 Oppdal"	"2018"	6970	68	62	6	243	244	-1	5
"K_5021 Oppdal"	"2019"	6975	62	74	-12	247	209	38	26
"K_5021 Oppdal"	"2020"	7001	73	71	2	219	243	-24	-20
"K_5021 Oppdal"	"2021"	6981	72	67	5	337	258	79	85
"K_5021 Oppdal"	"2022"	7066	53	64	-11	457	256	201	190
"K_5021 Oppdal"	"2023"	7256	75	89	-14	429	282	147	133
"K_5021 Oppdal"	"2024"	7389	..	..	..	..	..	..	..
"K_5022 Rennebu"	"1951"	2671	48	29	19	49	111	-62	-43
"K_5022 Rennebu"	"1952"	2628	43	29	14	93	78	15	29
"K_5022 Rennebu"	"1953"	2657	49	22	27	80	79	1	28
"K_5022 Rennebu"	"1954"	2685	49	25	24	69	79	-10	14
"K_5022 Rennebu"	"1955"	2699	47	24	23	49	103	-54	37
"K_5022 Rennebu"	"1956"	2736	37	24	13	64	78	-14	-1
"K_5022 Rennebu"	"1957"	2735	39	26	13	112	112	0	13
"K_5022 Rennebu"	"1958"	2748	39	27	12	79	105	-26	-14
"K_5022 Rennebu"	"1959"	2734	54	33	21	90	104	-14	7
"K_5022 Rennebu"	"1960"	2741	29	32	-3	67	130	-63	-65
"K_5022 Rennebu"	"1961"	2676	41	26	15	67	93	-26	-11
"K_5022 Rennebu"	"1962"	2665	40	27	13	81	132	-51	-38
"K_5022 Rennebu"	"1963"	2627	28	32	-4	113	152	-39	-43
"K_5022 Rennebu"	"1964"	2584	33	24	9	53	90	-37	-28
"K_5022 Rennebu"	"1965"	2556	35	27	8	115	95	20	28
"K_5022 Rennebu"	"1966"	3004	47	38	9	111	146	-35	-40
"K_5022 Rennebu"	"1967"	2964	44	39	5	117	149	-32	-27
"K_5022 Rennebu"	"1968"	2937	49	34	15	108	128	-20	-18
"K_5022 Rennebu"	"1969"	2919	48	27	21	99	148	-49	-32
"K_5022 Rennebu"	"1970"	2892	45	35	10	123	180	-57	-45
"K_5022 Rennebu"	"1971"	2847	44	43	1	126	135	-9	-8
"K_5022 Rennebu"	"1972"	2839	44	41	3	143	133	10	14
"K_5022 Rennebu"	"1973"	2853	44	24	20	123	123	0	20
"K_5022 Rennebu"	"1974"	2873	43	49	-6	113	102	11	4
"K_5022 Rennebu"	"1975"	2877	37	39	-2	119	102	17	14
"K_5022 Rennebu"	"1976"	2891	31	33	-2	92	115	-23	-25
"K_5022 Rennebu"	"1977"	2866	25	38	-13	95	83	12	-2
"K_5022 Rennebu"	"1978"	2864	21	25	-4	100	75	25	21
"K_5022 Rennebu"	"1979"	2885	32	31	1	184	95	89	93
"K_5022 Rennebu"	"1980"	2978	34	48	-14	163	70	93	83
"K_5022 Rennebu"	"1981"	3061	36	29	7	152	110	42	48
"K_5022 Rennebu"	"1982"	3109	26	30	-4	110	141	-31	-35
"K_5022 Rennebu"	"1983"	3074	30	31	-1	103	94	9	7
"K_5022 Rennebu"	"1984"	3081	32	43	-11	93	111	-18	-29
"K_5022 Rennebu"	"1985"	3052	34	47	-13	78	75	3	-9
"K_5022 Rennebu"	"1986"	3043	32	59	-27	101	125	-24	-50
"K_5022 Rennebu"	"1987"	2993	37	38	-1	77	89	-12	-14
"K_5022 Rennebu"	"1988"	2979	30	47	-17	97	107	-10	-26
"K_5022 Rennebu"	"1989"	2953	32	41	-9	110	110	0	-8
"K_5022 Rennebu"	"1990"	2945	28	38	-10	97	96	1	-9
"K_5022 Rennebu"	"1991"	2936	39	40	-1	96	111	-15	-17
"K_5022 Rennebu"	"1992"	2919	27	41	-14	76	100	-24	-36
"K_5022 Rennebu"	"1993"	2883	31	35	-4	81	88	-7	-12
"K_5022 Rennebu"	"1994"	2871	34	40	-6	87	77	10	4
"K_5022 Rennebu"	"1995"	2875	30	41	-11	82	129	-47	-60
"K_5022 Rennebu"	"1996"	2815	39	41	-2	80	119	-39	-41
"K_5022 Rennebu"	"1997"	2774	31	35	-4	100	117	-17	-21
"K_5022 Rennebu"	"1998"	2753	24	31	-7	68	82	-14	-17
"K_5022 Rennebu"	"1999"	2736	29	43	-14	82	105	-23	-36
"K_5022 Rennebu"	"2000"	2700	27	26	1	82	81	1	2
"K_5022 Rennebu"	"2001"	2702	24	38	-14	87	96	-9	-27
"K_5022 Rennebu"	"2002"	2675	18	39	-21	86	80	6	-15
"K_5022 Rennebu"	"2003"	2660	27	51	-24	102	84	18	-6
"K_5022 Rennebu"	"2004"	2654	26	26	0	72	70	2	6
"K_5022 Rennebu"	"2005"	2660	20	25	-5	66	68	-2	-7
"K_5022 Rennebu"	"2006"	2653	31	27	4	84	106	-22	-18
"K_5022 Rennebu"	"2007"	2635	23	27	-4	84	122	-38	-41
"K_5022 Rennebu"	"2008"	2594	19	25	-6	102	69	33	27
"K_5022 Rennebu"	"2009"	2621	22	31	-9	109	99	10	1
"K_5022 Rennebu"	"2010"	2622	27	26	1	97	91	6	7
"K_5022 Rennebu"	"2011"	2629	18	42	-24	75	111	-36	-60
"K_5022 Rennebu"	"2012"	2569	14	33	-19	98	114	-16	-35
"K_5022 Rennebu"	"2013"	2534	19	36	-17	134	95	39	22
"K_5022 Rennebu"	"2014"	2556	23	25	-2	113	100	13	11
"K_5022 Rennebu"	"2015"	2567	23	25	-2	100	103	-3	-5
"K_5022 Rennebu"	"2016"	2562	17	36	-19	122	109	13	-6
"K_5022 Rennebu"	"2017"	2556	23	35	-12	120	123	-3	-15
"K_5022 Rennebu"	"2018"	2541	27	36	-9	94	122	-28	-40
"K_5022 Rennebu"	"2019"	2501	20	26	-6	95	106	-11	-15
"K_5022 Rennebu"	"2020"	2486	18	31	-13	97	116	-19	-32
"K_5022 Rennebu"	"2021"	2454	21	28	-7	105	109	-4	-11
"K_5022 Rennebu"	"2022"	2443	31	34	-3	119	77	42	38
"K_5022 Rennebu"	"2023"	2481	19	22	-3	109	103	6	3
"K_5022 Rennebu"	"2024"	2484	..	..	..	..	..	..	..
"K_5025 Røros - Rosse"	"1951"	5325	74	46	28	184	200	-16	12
"K_5025 Røros - Rosse"	"1952"	5337	76	56	20	214	242	-28	-8
"K_5025 Røros - Rosse"	"1953"	5329	87	48	39	192	211	-19	20
"K_5025 Røros - Rosse"	"1954"	5349	76	47	29	238	278	-40	-11
"K_5025 Røros - Rosse"	"1955"	5338	80	51	29	209	325	-116	-68
"K_5025 Røros - Rosse"	"1956"	5270	83	40	43	227	257	-30	13
"K_5025 Røros - Rosse"	"1957"	5283	66	57	9	219	299	-80	-71
"K_5025 Røros - Rosse"	"1958"	5212	84	62	22	209	259	-50	-28
"K_5025 Røros - Rosse"	"1959"	5184	75	41	34	236	283	-47	-13
"K_5025 Røros - Rosse"	"1960"	5171	64	46	18	216	274	-58	-29
"K_5025 Røros - Rosse"	"1961"	5142	71	55	16	219	220	-1	15
"K_5025 Røros - Rosse"	"1962"	5157	71	58	13	276	270	6	19
"K_5025 Røros - Rosse"	"1963"	5176	60	58	2	239	208	31	33
"K_5025 Røros - Rosse"	"1964"	5209	72	69	3	242	198	44	47
"K_5025 Røros - Rosse"	"1965"	5256	84	70	14	207	216	-9	5
"K_5025 Røros - Rosse"	"1966"	5261	81	58	23	172	227	-55	-57
"K_5025 Røros - Rosse"	"1967"	5204	71	61	10	201	198	3	13
"K_5025 Røros - Rosse"	"1968"	5217	81	69	12	208	181	27	36
"K_5025 Røros - Rosse"	"1969"	5253	76	69	7	155	205	-50	-43
"K_5025 Røros - Rosse"	"1970"	5210	66	64	2	191	260	-69	-63
"K_5025 Røros - Rosse"	"1971"	5147	59	64	-5	222	222	0	-5
"K_5025 Røros - Rosse"	"1972"	5142	67	56	11	230	219	11	23
"K_5025 Røros - Rosse"	"1973"	5165	64	65	-1	213	202	11	10
"K_5025 Røros - Rosse"	"1974"	5175	64	52	12	249	186	63	74
"K_5025 Røros - Rosse"	"1975"	5249	58	50	8	219	185	34	44
"K_5025 Røros - Rosse"	"1976"	5293	47	61	-14	207	204	3	-11
"K_5025 Røros - Rosse"	"1977"	5282	44	69	-25	279	207	72	47
"K_5025 Røros - Rosse"	"1978"	5329	56	53	3	207	179	28	32
"K_5025 Røros - Rosse"	"1979"	5361	51	68	-17	228	178	50	32
"K_5025 Røros - Rosse"	"1980"	5393	48	71	-23	211	203	8	-16
"K_5025 Røros - Rosse"	"1981"	5377	62	75	-13	213	180	33	20
"K_5025 Røros - Rosse"	"1982"	5397	71	71	0	205	146	59	59
"K_5025 Røros - Rosse"	"1983"	5456	72	79	-7	184	176	8	1
"K_5025 Røros - Rosse"	"1984"	5457	57	69	-12	137	161	-24	-35
"K_5025 Røros - Rosse"	"1985"	5422	50	73	-23	200	191	9	-14
"K_5025 Røros - Rosse"	"1986"	5408	61	61	0	152	209	-57	-59
"K_5025 Røros - Rosse"	"1987"	5349	47	63	-16	178	189	-11	-24
"K_5025 Røros - Rosse"	"1988"	5325	60	81	-21	179	148	31	8
"K_5025 Røros - Rosse"	"1989"	5333	66	64	2	157	143	14	20
"K_5025 Røros - Rosse"	"1990"	5353	64	76	-12	205	168	37	26
"K_5025 Røros - Rosse"	"1991"	5379	60	74	-14	150	149	1	-12
"K_5025 Røros - Rosse"	"1992"	5367	66	75	-9	153	155	-2	-12
"K_5025 Røros - Rosse"	"1993"	5355	57	80	-23	196	147	49	31
"K_5025 Røros - Rosse"	"1994"	5386	76	65	11	187	186	1	11
"K_5025 Røros - Rosse"	"1995"	5397	83	60	23	164	197	-33	-12
"K_5025 Røros - Rosse"	"1996"	5385	91	61	30	247	184	63	91
"K_5025 Røros - Rosse"	"1997"	5476	69	80	-11	243	236	7	-6
"K_5025 Røros - Rosse"	"1998"	5470	69	62	7	266	220	46	54
"K_5025 Røros - Rosse"	"1999"	5524	75	73	2	224	204	20	21
"K_5025 Røros - Rosse"	"2000"	5545	73	92	-19	305	237	68	49
"K_5025 Røros - Rosse"	"2001"	5594	45	72	-27	224	191	33	3
"K_5025 Røros - Rosse"	"2002"	5597	60	70	-10	202	188	14	2
"K_5025 Røros - Rosse"	"2003"	5599	47	57	-10	212	169	43	33
"K_5025 Røros - Rosse"	"2004"	5632	51	67	-16	219	203	16	4
"K_5025 Røros - Rosse"	"2005"	5636	57	69	-12	205	190	15	3
"K_5025 Røros - Rosse"	"2006"	5639	63	56	7	239	214	25	32
"K_5025 Røros - Rosse"	"2007"	5671	46	50	-4	169	217	-48	-51
"K_5025 Røros - Rosse"	"2008"	5620	57	78	-21	163	199	-36	-57
"K_5025 Røros - Rosse"	"2009"	5563	58	73	-15	242	215	27	13
"K_5025 Røros - Rosse"	"2010"	5576	49	76	-27	228	197	31	5
"K_5025 Røros - Rosse"	"2011"	5581	47	64	-17	267	228	39	23
"K_5025 Røros - Rosse"	"2012"	5604	45	65	-20	229	218	11	-15
"K_5025 Røros - Rosse"	"2013"	5589	38	60	-22	228	210	18	-6
"K_5025 Røros - Rosse"	"2014"	5583	35	71	-36	258	212	46	10
"K_5025 Røros - Rosse"	"2015"	5593	39	49	-10	243	190	53	42
"K_5025 Røros - Rosse"	"2016"	5635	46	64	-18	270	265	5	-12
"K_5025 Røros - Rosse"	"2017"	5623	56	65	-9	266	217	49	40
"K_5025 Røros - Rosse"	"2018"	5663	39	66	-27	247	272	-25	-53
"K_5025 Røros - Rosse"	"2019"	5610	44	78	-34	272	267	5	-29
"K_5025 Røros - Rosse"	"2020"	5581	43	67	-24	266	274	-8	-31
"K_5025 Røros - Rosse"	"2021"	5550	60	59	1	295	275	20	22
"K_5025 Røros - Rosse"	"2022"	5572	47	73	-26	279	226	53	26
"K_5025 Røros - Rosse"	"2023"	5598	39	57	-18	367	264	103	87
"K_5025 Røros - Rosse"	"2024"	5685	..	..	..	..	..	..	..
"K_5026 Holtålen"	"1951"	3462	58	39	19	105	133	-28	-9
"K_5026 Holtålen"	"1952"	3453	62	36	26	68	101	-33	-7
"K_5026 Holtålen"	"1953"	3446	64	46	18	82	146	-64	-46
"K_5026 Holtålen"	"1954"	3400	50	39	11	82	133	-51	-40
"K_5026 Holtålen"	"1955"	3360	41	20	21	69	144	-75	-26
"K_5026 Holtålen"	"1956"	3334	46	37	9	68	115	-47	-38
"K_5026 Holtålen"	"1957"	3296	44	40	4	95	145	-50	-46
"K_5026 Holtålen"	"1958"	3250	39	39	0	73	103	-30	-30
"K_5026 Holtålen"	"1959"	3220	57	35	22	97	156	-59	-37
"K_5026 Holtålen"	"1960"	3183	40	38	2	130	151	-21	-3
"K_5026 Holtålen"	"1961"	3180	42	32	10	107	128	-21	-11
"K_5026 Holtålen"	"1962"	3169	34	33	1	66	148	-82	-81
"K_5026 Holtålen"	"1963"	3088	39	37	2	100	174	-74	-72
"K_5026 Holtålen"	"1964"	3016	48	36	12	120	114	6	18
"K_5026 Holtålen"	"1965"	3034	40	38	2	109	128	-19	-17
"K_5026 Holtålen"	"1966"	3017	43	34	9	77	118	-41	-28
"K_5026 Holtålen"	"1967"	2989	35	38	-3	73	108	-35	-38
"K_5026 Holtålen"	"1968"	2951	23	33	-10	76	129	-53	-78
"K_5026 Holtålen"	"1969"	2873	27	27	0	65	129	-64	-61
"K_5026 Holtålen"	"1970"	2812	21	36	-15	119	138	-19	-30
"K_5026 Holtålen"	"1971"	2782	31	48	-17	77	121	-44	-60
"K_5026 Holtålen"	"1972"	2722	26	34	-8	81	86	-5	-13
"K_5026 Holtålen"	"1973"	2709	30	51	-21	83	68	15	-7
"K_5026 Holtålen"	"1974"	2702	27	43	-16	72	69	3	-10
"K_5026 Holtålen"	"1975"	2692	28	40	-12	71	85	-14	-30
"K_5026 Holtålen"	"1976"	2662	26	51	-25	88	81	7	-16
"K_5026 Holtålen"	"1977"	2646	23	39	-16	79	76	3	-13
"K_5026 Holtålen"	"1978"	2633	23	54	-31	95	57	38	7
"K_5026 Holtålen"	"1979"	2640	18	32	-14	82	46	36	22
"K_5026 Holtålen"	"1980"	2662	23	40	-17	69	58	11	-9
"K_5026 Holtålen"	"1981"	2653	15	40	-25	82	53	29	4
"K_5026 Holtålen"	"1982"	2657	20	42	-22	92	72	20	-1
"K_5026 Holtålen"	"1983"	2656	22	44	-22	70	56	14	-9
"K_5026 Holtålen"	"1984"	2647	24	26	-2	79	55	24	23
"K_5026 Holtålen"	"1985"	2670	18	42	-24	52	52	0	-22
"K_5026 Holtålen"	"1986"	2648	27	44	-17	44	81	-37	-54
"K_5026 Holtålen"	"1987"	2594	22	44	-22	91	80	11	-12
"K_5026 Holtålen"	"1988"	2582	22	46	-24	71	77	-6	-30
"K_5026 Holtålen"	"1989"	2552	28	52	-24	61	77	-16	-40
"K_5026 Holtålen"	"1990"	2512	29	51	-22	55	75	-20	-40
"K_5026 Holtålen"	"1991"	2472	28	53	-25	53	69	-16	-40
"K_5026 Holtålen"	"1992"	2432	27	35	-8	50	70	-20	-28
"K_5026 Holtålen"	"1993"	2404	30	46	-16	42	32	10	-6
"K_5026 Holtålen"	"1994"	2398	16	49	-33	29	39	-10	-40
"K_5026 Holtålen"	"1995"	2358	24	55	-31	49	48	1	-29
"K_5026 Holtålen"	"1996"	2329	28	50	-22	49	69	-20	-41
"K_5026 Holtålen"	"1997"	2288	18	38	-20	65	76	-11	-32
"K_5026 Holtålen"	"1998"	2256	29	39	-10	86	71	15	7
"K_5026 Holtålen"	"1999"	2263	21	49	-28	55	51	4	-24
"K_5026 Holtålen"	"2000"	2239	18	43	-25	68	84	-16	-41
"K_5026 Holtålen"	"2001"	2198	17	41	-24	63	44	19	-5
"K_5026 Holtålen"	"2002"	2193	15	44	-29	57	44	13	-16
"K_5026 Holtålen"	"2003"	2177	24	33	-9	60	56	4	-5
"K_5026 Holtålen"	"2004"	2172	22	40	-18	66	88	-22	-40
"K_5026 Holtålen"	"2005"	2132	17	36	-19	31	57	-26	-45
"K_5026 Holtålen"	"2006"	2087	27	36	-9	54	56	-2	-11
"K_5026 Holtålen"	"2007"	2076	17	25	-8	43	42	1	-7
"K_5026 Holtålen"	"2008"	2069	26	36	-10	58	53	5	-5
"K_5026 Holtålen"	"2009"	2064	16	23	-7	52	46	6	0
"K_5026 Holtålen"	"2010"	2064	12	35	-23	67	60	7	-16
"K_5026 Holtålen"	"2011"	2048	15	30	-15	48	68	-20	-35
"K_5026 Holtålen"	"2012"	2013	12	26	-14	75	45	30	17
"K_5026 Holtålen"	"2013"	2030	9	27	-18	57	45	12	-6
"K_5026 Holtålen"	"2014"	2024	16	31	-15	67	63	4	-10
"K_5026 Holtålen"	"2015"	2014	10	25	-15	84	53	31	17
"K_5026 Holtålen"	"2016"	2031	14	30	-16	92	61	31	15
"K_5026 Holtålen"	"2017"	2046	11	25	-14	64	68	-4	-18
"K_5026 Holtålen"	"2018"	2028	20	27	-7	71	68	3	-3
"K_5026 Holtålen"	"2019"	2025	10	21	-11	55	88	-33	-44
"K_5026 Holtålen"	"2020"	1981	21	32	-11	77	80	-3	-13
"K_5026 Holtålen"	"2021"	1968	11	22	-11	75	79	-4	-15
"K_5026 Holtålen"	"2022"	1953	31	21	10	102	68	34	44
"K_5026 Holtålen"	"2023"	1997	17	18	-1	103	66	37	38
"K_5026 Holtålen"	"2024"	2035	..	..	..	..	..	..	..
"K_5027 Midtre Gauldal"	"1951"	6729	102	58	44	198	270	-72	-28
"K_5027 Midtre Gauldal"	"1952"	6701	103	59	44	191	217	-26	18
"K_5027 Midtre Gauldal"	"1953"	6719	102	81	21	169	256	-87	-66
"K_5027 Midtre Gauldal"	"1954"	6653	109	69	40	189	251	-62	-22
"K_5027 Midtre Gauldal"	"1955"	6631	103	62	41	178	260	-82	-45
"K_5027 Midtre Gauldal"	"1956"	6586	111	66	45	265	389	-124	-79
"K_5027 Midtre Gauldal"	"1957"	6507	109	64	45	258	322	-64	-19
"K_5027 Midtre Gauldal"	"1958"	6488	104	64	40	211	314	-103	-63
"K_5027 Midtre Gauldal"	"1959"	6425	101	74	27	216	263	-47	-20
"K_5027 Midtre Gauldal"	"1960"	6405	111	63	48	241	287	-46	65
"K_5027 Midtre Gauldal"	"1961"	6470	105	72	33	199	239	-40	-7
"K_5027 Midtre Gauldal"	"1962"	6463	91	91	0	191	263	-72	-72
"K_5027 Midtre Gauldal"	"1963"	6391	96	73	23	205	324	-119	-96
"K_5027 Midtre Gauldal"	"1964"	6295	109	74	35	150	237	-87	-52
"K_5027 Midtre Gauldal"	"1965"	6243	104	68	36	241	256	-15	21
"K_5027 Midtre Gauldal"	"1966"	6264	95	100	-5	169	223	-54	-76
"K_5027 Midtre Gauldal"	"1967"	6188	102	81	21	222	234	-12	9
"K_5027 Midtre Gauldal"	"1968"	6197	88	84	4	234	238	-4	-5
"K_5027 Midtre Gauldal"	"1969"	6192	82	92	-10	264	276	-12	-20
"K_5027 Midtre Gauldal"	"1970"	6172	103	86	17	243	304	-61	-50
"K_5027 Midtre Gauldal"	"1971"	6122	89	83	6	221	230	-9	-6
"K_5027 Midtre Gauldal"	"1972"	6116	83	72	11	206	241	-35	-24
"K_5027 Midtre Gauldal"	"1973"	6092	91	78	13	203	183	20	30
"K_5027 Midtre Gauldal"	"1974"	6122	78	68	10	240	224	16	25
"K_5027 Midtre Gauldal"	"1975"	6147	74	88	-14	212	195	17	3
"K_5027 Midtre Gauldal"	"1976"	6150	84	70	14	220	219	1	15
"K_5027 Midtre Gauldal"	"1977"	6165	71	67	4	236	192	44	48
"K_5027 Midtre Gauldal"	"1978"	6213	70	95	-25	225	221	4	-20
"K_5027 Midtre Gauldal"	"1979"	6193	86	73	13	241	158	83	97
"K_5027 Midtre Gauldal"	"1980"	6290	66	76	-10	180	189	-9	-18
"K_5027 Midtre Gauldal"	"1981"	6272	74	93	-19	184	207	-23	-42
"K_5027 Midtre Gauldal"	"1982"	6230	77	77	0	186	163	23	23
"K_5027 Midtre Gauldal"	"1983"	6253	74	77	-3	146	195	-49	-52
"K_5027 Midtre Gauldal"	"1984"	6201	60	82	-22	170	145	25	3
"K_5027 Midtre Gauldal"	"1985"	6204	68	75	-7	167	202	-35	-43
"K_5027 Midtre Gauldal"	"1986"	6161	82	87	-5	181	179	2	-3
"K_5027 Midtre Gauldal"	"1987"	6158	56	82	-26	144	195	-51	-78
"K_5027 Midtre Gauldal"	"1988"	6080	99	79	20	177	194	-17	2
"K_5027 Midtre Gauldal"	"1989"	6082	69	91	-22	159	187	-28	-49
"K_5027 Midtre Gauldal"	"1990"	6033	89	83	6	166	167	-1	5
"K_5027 Midtre Gauldal"	"1991"	6038	76	81	-5	169	154	15	10
"K_5027 Midtre Gauldal"	"1992"	6048	83	69	14	112	181	-69	-54
"K_5027 Midtre Gauldal"	"1993"	5994	73	77	-4	140	153	-13	-20
"K_5027 Midtre Gauldal"	"1994"	5974	63	75	-12	151	182	-31	-42
"K_5027 Midtre Gauldal"	"1995"	5932	76	71	5	187	210	-23	-19
"K_5027 Midtre Gauldal"	"1996"	5913	67	74	-7	143	229	-86	-93
"K_5027 Midtre Gauldal"	"1997"	5820	79	73	6	152	217	-65	-59
"K_5027 Midtre Gauldal"	"1998"	5761	76	71	5	184	176	8	15
"K_5027 Midtre Gauldal"	"1999"	5776	65	82	-17	175	158	17	3
"K_5027 Midtre Gauldal"	"2000"	5779	69	89	-20	208	182	26	4
"K_5027 Midtre Gauldal"	"2001"	5783	73	81	-8	229	184	45	36
"K_5027 Midtre Gauldal"	"2002"	5819	74	78	-4	220	211	9	5
"K_5027 Midtre Gauldal"	"2003"	5824	56	71	-15	187	189	-2	-18
"K_5027 Midtre Gauldal"	"2004"	5806	51	70	-19	199	186	13	-9
"K_5027 Midtre Gauldal"	"2005"	5797	63	63	0	244	167	77	76
"K_5027 Midtre Gauldal"	"2006"	5873	51	64	-13	259	233	26	16
"K_5027 Midtre Gauldal"	"2007"	5889	71	66	5	262	245	17	21
"K_5027 Midtre Gauldal"	"2008"	5910	56	63	-7	284	238	46	40
"K_5027 Midtre Gauldal"	"2009"	5950	58	75	-17	321	242	79	62
"K_5027 Midtre Gauldal"	"2010"	6012	63	80	-17	334	315	19	3
"K_5027 Midtre Gauldal"	"2011"	6015	73	63	10	367	241	126	138
"K_5027 Midtre Gauldal"	"2012"	6153	78	62	16	391	296	95	113
"K_5027 Midtre Gauldal"	"2013"	6266	70	64	6	322	232	90	95
"K_5027 Midtre Gauldal"	"2014"	6361	70	60	10	232	266	-34	-25
"K_5027 Midtre Gauldal"	"2015"	6336	69	71	-2	242	280	-38	-38
"K_5027 Midtre Gauldal"	"2016"	6298	75	57	18	248	247	1	21
"K_5027 Midtre Gauldal"	"2017"	6319	85	60	25	212	329	-117	-94
"K_5027 Midtre Gauldal"	"2018"	6225	50	49	1	240	224	16	21
"K_5027 Midtre Gauldal"	"2019"	6246	57	59	-2	223	228	-5	-8
"K_5027 Midtre Gauldal"	"2020"	6238	67	60	7	236	238	-2	5
"K_5027 Midtre Gauldal"	"2021"	6243	74	63	11	243	375	-132	-123
"K_5027 Midtre Gauldal"	"2022"	6120	65	71	-6	333	310	23	13
"K_5027 Midtre Gauldal"	"2023"	6133	59	80	-21	296	268	28	7
"K_5027 Midtre Gauldal"	"2024"	6140	..	..	..	..	..	..	..
"K_5028 Melhus"	"1951"	8043	162	72	90	360	431	-71	19
"K_5028 Melhus"	"1952"	8062	169	59	110	332	342	-10	100
"K_5028 Melhus"	"1953"	8162	175	57	118	335	393	-58	60
"K_5028 Melhus"	"1954"	8222	175	70	105	252	262	-10	95
"K_5028 Melhus"	"1955"	8317	179	90	89	346	408	-62	6
"K_5028 Melhus"	"1956"	8323	169	75	94	392	431	-39	55
"K_5028 Melhus"	"1957"	8378	187	70	117	367	437	-70	47
"K_5028 Melhus"	"1958"	8425	178	85	93	456	420	36	129
"K_5028 Melhus"	"1959"	8554	153	80	73	360	390	-30	43
"K_5028 Melhus"	"1960"	8597	165	77	88	404	448	-44	25
"K_5028 Melhus"	"1961"	8622	148	75	73	349	380	-31	42
"K_5028 Melhus"	"1962"	8664	163	78	85	399	422	-23	62
"K_5028 Melhus"	"1963"	8726	156	77	79	391	387	4	83
"K_5028 Melhus"	"1964"	8820	199	92	107	300	346	-46	61
"K_5028 Melhus"	"1965"	8881	183	91	92	355	383	-28	64
"K_5028 Melhus"	"1966"	8945	165	89	76	326	371	-45	20
"K_5028 Melhus"	"1967"	8965	168	97	71	298	389	-91	-20
"K_5028 Melhus"	"1968"	8945	161	84	77	400	384	16	113
"K_5028 Melhus"	"1969"	9058	151	90	61	346	366	-20	37
"K_5028 Melhus"	"1970"	9095	180	93	87	578	422	156	241
"K_5028 Melhus"	"1971"	9336	151	101	50	490	348	142	195
"K_5028 Melhus"	"1972"	9531	173	88	85	442	343	99	180
"K_5028 Melhus"	"1973"	9711	176	107	69	459	351	108	174
"K_5028 Melhus"	"1974"	9885	166	101	65	492	387	105	171
"K_5028 Melhus"	"1975"	10056	149	109	40	548	363	185	222
"K_5028 Melhus"	"1976"	10278	136	57	79	480	375	105	184
"K_5028 Melhus"	"1977"	10462	145	88	57	432	349	83	140
"K_5028 Melhus"	"1978"	10602	138	95	43	469	385	84	132
"K_5028 Melhus"	"1979"	10734	145	112	33	565	358	207	241
"K_5028 Melhus"	"1980"	10975	137	91	46	508	417	91	133
"K_5028 Melhus"	"1981"	11108	133	97	36	557	380	177	215
"K_5028 Melhus"	"1982"	11323	138	134	4	498	326	172	174
"K_5028 Melhus"	"1983"	11497	149	87	62	514	417	97	158
"K_5028 Melhus"	"1984"	11655	125	93	32	561	412	149	179
"K_5028 Melhus"	"1985"	11834	135	106	29	490	443	47	100
"K_5028 Melhus"	"1986"	11934	152	109	43	603	399	204	243
"K_5028 Melhus"	"1987"	12177	160	107	53	507	541	-34	19
"K_5028 Melhus"	"1988"	12196	143	98	45	600	478	122	170
"K_5028 Melhus"	"1989"	12366	196	124	72	580	600	-20	66
"K_5028 Melhus"	"1990"	12432	170	118	52	588	571	17	66
"K_5028 Melhus"	"1991"	12498	176	97	79	575	492	83	162
"K_5028 Melhus"	"1992"	12660	207	112	95	514	532	-18	77
"K_5028 Melhus"	"1993"	12737	177	103	74	453	560	-107	-31
"K_5028 Melhus"	"1994"	12706	196	115	81	570	530	40	117
"K_5028 Melhus"	"1995"	12823	154	108	46	570	632	-62	-13
"K_5028 Melhus"	"1996"	12810	173	97	76	612	566	46	122
"K_5028 Melhus"	"1997"	12932	167	85	82	576	546	30	113
"K_5028 Melhus"	"1998"	13045	171	101	70	578	634	-56	2
"K_5028 Melhus"	"1999"	13047	171	105	66	637	581	56	122
"K_5028 Melhus"	"2000"	13169	188	104	84	667	618	49	133
"K_5028 Melhus"	"2001"	13302	159	115	44	669	590	79	123
"K_5028 Melhus"	"2002"	13425	158	106	52	709	606	103	154
"K_5028 Melhus"	"2003"	13579	199	105	94	720	604	116	203
"K_5028 Melhus"	"2004"	13782	173	98	75	729	605	124	195
"K_5028 Melhus"	"2005"	13977	179	98	81	720	602	118	199
"K_5028 Melhus"	"2006"	14176	193	126	67	707	649	58	128
"K_5028 Melhus"	"2007"	14304	157	95	62	833	739	94	153
"K_5028 Melhus"	"2008"	14457	189	118	71	820	696	124	198
"K_5028 Melhus"	"2009"	14655	181	103	78	828	715	113	186
"K_5028 Melhus"	"2010"	14841	196	100	96	914	826	88	187
"K_5028 Melhus"	"2011"	15028	194	100	94	1049	774	275	364
"K_5028 Melhus"	"2012"	15392	182	90	92	1001	802	199	287
"K_5028 Melhus"	"2013"	15679	203	86	117	952	902	50	165
"K_5028 Melhus"	"2014"	15844	203	114	89	861	876	-15	72
"K_5028 Melhus"	"2015"	15916	187	123	64	978	864	114	180
"K_5028 Melhus"	"2016"	16096	195	110	85	827	793	34	117
"K_5028 Melhus"	"2017"	16213	190	111	79	928	798	130	211
"K_5028 Melhus"	"2018"	16424	167	108	59	939	859	80	138
"K_5028 Melhus"	"2019"	16562	182	122	60	939	829	110	171
"K_5028 Melhus"	"2020"	16733	191	125	66	988	845	143	216
"K_5028 Melhus"	"2021"	16949	188	113	75	1013	914	99	174
"K_5028 Melhus"	"2022"	17123	159	134	25	1070	876	194	217
"K_5028 Melhus"	"2023"	17340	169	144	25	1083	892	191	220
"K_5028 Melhus"	"2024"	17560	..	..	..	..	..	..	..
"K_5029 Skaun"	"1951"	3997	70	32	38	217	227	-10	28
"K_5029 Skaun"	"1952"	4025	66	32	34	199	211	-12	22
"K_5029 Skaun"	"1953"	4047	87	26	61	188	221	-33	28
"K_5029 Skaun"	"1954"	4075	79	28	51	140	172	-32	19
"K_5029 Skaun"	"1955"	4094	89	37	52	189	252	-63	-39
"K_5029 Skaun"	"1956"	4055	62	43	19	207	239	-32	-13
"K_5029 Skaun"	"1957"	4042	82	45	37	181	218	-37	0
"K_5029 Skaun"	"1958"	4042	65	35	30	187	208	-21	9
"K_5029 Skaun"	"1959"	4051	80	45	35	182	194	-12	23
"K_5029 Skaun"	"1960"	4074	70	33	37	169	249	-80	-24
"K_5029 Skaun"	"1961"	4050	69	37	32	133	178	-45	-13
"K_5029 Skaun"	"1962"	4037	77	34	43	180	250	-70	-27
"K_5029 Skaun"	"1963"	4010	54	55	-1	163	163	0	-1
"K_5029 Skaun"	"1964"	3998	71	43	28	145	177	-32	-4
"K_5029 Skaun"	"1965"	3994	67	33	34	173	165	8	42
"K_5029 Skaun"	"1966"	4036	70	42	28	152	173	-21	6
"K_5029 Skaun"	"1967"	4042	74	39	35	262	170	92	127
"K_5029 Skaun"	"1968"	4169	84	38	46	290	173	117	168
"K_5029 Skaun"	"1969"	4337	70	40	30	289	233	56	86
"K_5029 Skaun"	"1970"	4423	72	43	29	252	252	0	25
"K_5029 Skaun"	"1971"	4448	77	44	33	280	225	55	91
"K_5029 Skaun"	"1972"	4539	63	54	9	243	190	53	61
"K_5029 Skaun"	"1973"	4600	84	43	41	185	202	-17	24
"K_5029 Skaun"	"1974"	4624	52	60	-8	198	185	13	2
"K_5029 Skaun"	"1975"	4626	46	54	-8	221	195	26	18
"K_5029 Skaun"	"1976"	4644	66	59	7	231	159	72	79
"K_5029 Skaun"	"1977"	4723	53	54	-1	228	205	23	22
"K_5029 Skaun"	"1978"	4745	69	35	34	195	188	7	39
"K_5029 Skaun"	"1979"	4784	60	37	23	202	186	16	40
"K_5029 Skaun"	"1980"	4824	58	40	18	303	195	108	125
"K_5029 Skaun"	"1981"	4949	74	41	33	248	174	74	108
"K_5029 Skaun"	"1982"	5057	69	47	22	248	181	67	90
"K_5029 Skaun"	"1983"	5147	60	45	15	229	187	42	56
"K_5029 Skaun"	"1984"	5203	72	45	27	256	241	15	42
"K_5029 Skaun"	"1985"	5245	72	61	11	281	219	62	65
"K_5029 Skaun"	"1986"	5310	71	44	27	287	208	79	104
"K_5029 Skaun"	"1987"	5414	55	61	-6	297	230	67	61
"K_5029 Skaun"	"1988"	5475	93	54	39	330	291	39	74
"K_5029 Skaun"	"1989"	5549	82	47	35	209	257	-48	-13
"K_5029 Skaun"	"1990"	5536	73	51	22	270	256	14	38
"K_5029 Skaun"	"1991"	5574	91	54	37	226	226	0	39
"K_5029 Skaun"	"1992"	5613	78	48	30	229	236	-7	23
"K_5029 Skaun"	"1993"	5636	81	58	23	278	240	38	61
"K_5029 Skaun"	"1994"	5697	86	49	37	286	255	31	68
"K_5029 Skaun"	"1995"	5765	74	42	32	256	277	-21	12
"K_5029 Skaun"	"1996"	5777	82	66	16	258	268	-10	6
"K_5029 Skaun"	"1997"	5783	85	55	30	277	298	-21	10
"K_5029 Skaun"	"1998"	5793	79	59	20	283	273	10	29
"K_5029 Skaun"	"1999"	5822	78	58	20	296	295	1	21
"K_5029 Skaun"	"2000"	5843	77	48	29	327	334	-7	21
"K_5029 Skaun"	"2001"	5864	83	35	48	344	335	9	58
"K_5029 Skaun"	"2002"	5922	75	50	25	392	335	57	81
"K_5029 Skaun"	"2003"	6003	56	54	2	334	349	-15	-14
"K_5029 Skaun"	"2004"	5989	84	53	31	321	280	41	74
"K_5029 Skaun"	"2005"	6063	83	44	39	342	305	37	83
"K_5029 Skaun"	"2006"	6146	83	59	24	378	337	41	65
"K_5029 Skaun"	"2007"	6211	98	37	61	417	361	56	115
"K_5029 Skaun"	"2008"	6326	93	44	49	395	342	53	111
"K_5029 Skaun"	"2009"	6437	84	63	21	471	303	168	189
"K_5029 Skaun"	"2010"	6626	112	44	68	405	343	62	130
"K_5029 Skaun"	"2011"	6756	105	47	58	478	350	128	185
"K_5029 Skaun"	"2012"	6941	103	43	60	514	371	143	202
"K_5029 Skaun"	"2013"	7143	97	48	49	622	422	200	249
"K_5029 Skaun"	"2014"	7392	127	42	85	597	404	193	276
"K_5029 Skaun"	"2015"	7668	99	47	52	480	445	35	87
"K_5029 Skaun"	"2016"	7755	122	64	58	537	349	188	245
"K_5029 Skaun"	"2017"	8000	119	64	55	546	458	88	142
"K_5029 Skaun"	"2018"	8142	92	37	55	473	439	34	89
"K_5029 Skaun"	"2019"	8231	100	48	52	455	414	41	94
"K_5029 Skaun"	"2020"	8325	84	55	29	461	449	12	42
"K_5029 Skaun"	"2021"	8367	84	39	45	422	476	-54	-7
"K_5029 Skaun"	"2022"	8360	95	43	52	480	450	30	81
"K_5029 Skaun"	"2023"	8441	76	56	20	415	392	23	43
"K_5029 Skaun"	"2024"	8484	..	..	..	..	..	..	..
"K_5031 Malvik"	"1951"	4712	104	51	53	351	257	94	147
"K_5031 Malvik"	"1952"	4859	91	48	43	300	244	56	99
"K_5031 Malvik"	"1953"	4958	110	37	73	282	292	-10	100
"K_5031 Malvik"	"1954"	5021	96	32	64	209	246	-37	27
"K_5031 Malvik"	"1955"	5048	99	40	59	263	217	46	29
"K_5031 Malvik"	"1956"	5077	108	42	66	227	268	-41	25
"K_5031 Malvik"	"1957"	5102	100	46	54	324	271	53	107
"K_5031 Malvik"	"1958"	5209	111	47	64	250	294	-44	20
"K_5031 Malvik"	"1959"	5229	100	48	52	351	313	38	90
"K_5031 Malvik"	"1960"	5319	131	51	80	448	330	118	179
"K_5031 Malvik"	"1961"	5498	110	39	71	310	318	-8	63
"K_5031 Malvik"	"1962"	5561	110	42	68	345	344	1	69
"K_5031 Malvik"	"1963"	5630	113	37	76	283	316	-33	43
"K_5031 Malvik"	"1964"	5673	106	52	54	350	295	55	109
"K_5031 Malvik"	"1965"	5782	104	56	48	416	351	65	113
"K_5031 Malvik"	"1966"	5895	123	56	67	404	328	76	151
"K_5031 Malvik"	"1967"	6046	119	43	76	460	292	168	244
"K_5031 Malvik"	"1968"	6290	155	51	104	477	345	132	237
"K_5031 Malvik"	"1969"	6527	132	69	63	530	424	106	164
"K_5031 Malvik"	"1970"	6691	116	65	51	841	450	391	436
"K_5031 Malvik"	"1971"	7127	152	67	85	648	463	185	258
"K_5031 Malvik"	"1972"	7385	170	54	116	420	478	-58	59
"K_5031 Malvik"	"1973"	7444	129	56	73	483	511	-28	48
"K_5031 Malvik"	"1974"	7492	138	63	75	488	538	-50	26
"K_5031 Malvik"	"1975"	7518	117	43	74	486	431	55	121
"K_5031 Malvik"	"1976"	7639	105	48	57	444	435	9	65
"K_5031 Malvik"	"1977"	7704	81	65	16	505	406	99	114
"K_5031 Malvik"	"1978"	7818	111	80	31	455	378	77	107
"K_5031 Malvik"	"1979"	7925	112	66	46	495	395	100	144
"K_5031 Malvik"	"1980"	8069	85	71	14	520	404	116	128
"K_5031 Malvik"	"1981"	8197	95	73	22	628	424	204	227
"K_5031 Malvik"	"1982"	8424	117	59	58	590	380	210	268
"K_5031 Malvik"	"1983"	8692	124	56	68	525	482	43	107
"K_5031 Malvik"	"1984"	8799	98	75	23	511	524	-13	13
"K_5031 Malvik"	"1985"	8812	99	70	29	594	515	79	114
"K_5031 Malvik"	"1986"	8926	119	70	49	635	470	165	213
"K_5031 Malvik"	"1987"	9139	127	66	61	709	567	142	193
"K_5031 Malvik"	"1988"	9332	132	52	80	608	573	35	116
"K_5031 Malvik"	"1989"	9448	141	80	61	612	558	54	116
"K_5031 Malvik"	"1990"	9564	141	86	55	729	601	128	185
"K_5031 Malvik"	"1991"	9749	127	85	42	647	520	127	163
"K_5031 Malvik"	"1992"	9912	133	83	50	640	553	87	143
"K_5031 Malvik"	"1993"	10055	139	81	58	819	609	210	274
"K_5031 Malvik"	"1994"	10329	156	74	82	737	785	-48	29
"K_5031 Malvik"	"1995"	10358	167	64	103	722	670	52	155
"K_5031 Malvik"	"1996"	10513	153	60	93	824	747	77	172
"K_5031 Malvik"	"1997"	10685	151	68	83	737	740	-3	81
"K_5031 Malvik"	"1998"	10766	148	85	63	744	638	106	171
"K_5031 Malvik"	"1999"	10937	155	90	65	814	682	132	195
"K_5031 Malvik"	"2000"	11132	145	69	76	904	809	95	172
"K_5031 Malvik"	"2001"	11304	154	55	99	848	776	72	168
"K_5031 Malvik"	"2002"	11472	138	91	47	964	748	216	263
"K_5031 Malvik"	"2003"	11735	149	62	87	834	772	62	149
"K_5031 Malvik"	"2004"	11884	144	81	63	896	743	153	211
"K_5031 Malvik"	"2005"	12095	148	70	78	806	764	42	118
"K_5031 Malvik"	"2006"	12213	163	70	93	810	797	13	109
"K_5031 Malvik"	"2007"	12322	150	69	81	855	868	-13	66
"K_5031 Malvik"	"2008"	12388	169	74	95	791	818	-27	69
"K_5031 Malvik"	"2009"	12457	154	69	85	781	774	7	93
"K_5031 Malvik"	"2010"	12550	179	65	114	829	816	13	127
"K_5031 Malvik"	"2011"	12677	138	71	67	892	848	44	108
"K_5031 Malvik"	"2012"	12785	157	65	92	988	780	208	300
"K_5031 Malvik"	"2013"	13085	163	68	95	987	796	191	286
"K_5031 Malvik"	"2014"	13371	148	61	87	969	928	41	127
"K_5031 Malvik"	"2015"	13498	163	68	95	999	859	140	240
"K_5031 Malvik"	"2016"	13738	168	79	89	939	945	-6	82
"K_5031 Malvik"	"2017"	13820	153	64	89	967	920	47	138
"K_5031 Malvik"	"2018"	13958	159	71	88	951	956	-5	82
"K_5031 Malvik"	"2019"	14040	134	72	62	925	878	47	108
"K_5031 Malvik"	"2020"	14148	152	65	87	987	886	101	186
"K_5031 Malvik"	"2021"	14334	150	77	73	915	895	20	91
"K_5031 Malvik"	"2022"	14425	147	84	63	1274	1100	174	237
"K_5031 Malvik"	"2023"	14662	127	78	49	1520	1449	71	121
"K_5031 Malvik"	"2024"	14783	..	..	..	..	..	..	..
"K_5032 Selbu"	"1951"	4589	75	45	30	68	147	-79	-49
"K_5032 Selbu"	"1952"	4540	64	36	28	109	117	-8	20
"K_5032 Selbu"	"1953"	4560	78	48	30	92	135	-43	-13
"K_5032 Selbu"	"1954"	4547	69	45	24	84	135	-51	-27
"K_5032 Selbu"	"1955"	4520	61	50	11	87	142	-55	-26
"K_5032 Selbu"	"1956"	4494	70	39	31	140	201	-61	-30
"K_5032 Selbu"	"1957"	4464	78	58	20	121	184	-63	-43
"K_5032 Selbu"	"1958"	4421	59	38	21	114	142	-28	-7
"K_5032 Selbu"	"1959"	4414	76	35	41	158	155	3	44
"K_5032 Selbu"	"1960"	4458	68	44	24	114	238	-124	-94
"K_5032 Selbu"	"1961"	4364	81	39	42	101	161	-60	-18
"K_5032 Selbu"	"1962"	4346	52	39	13	84	215	-131	-118
"K_5032 Selbu"	"1963"	4228	74	45	29	84	142	-58	-29
"K_5032 Selbu"	"1964"	4199	56	37	19	101	114	-13	6
"K_5032 Selbu"	"1965"	4205	60	55	5	110	137	-27	-22
"K_5032 Selbu"	"1966"	4183	48	49	-1	128	171	-43	-30
"K_5032 Selbu"	"1967"	4153	43	48	-5	107	178	-71	-76
"K_5032 Selbu"	"1968"	4077	47	50	-3	95	163	-68	-66
"K_5032 Selbu"	"1969"	4011	45	41	4	87	149	-62	-63
"K_5032 Selbu"	"1970"	3948	40	63	-23	185	192	-7	-36
"K_5032 Selbu"	"1971"	3912	45	56	-11	104	124	-20	-31
"K_5032 Selbu"	"1972"	3881	36	51	-15	112	142	-30	-45
"K_5032 Selbu"	"1973"	3836	33	46	-13	118	122	-4	-18
"K_5032 Selbu"	"1974"	3818	44	50	-6	90	97	-7	-15
"K_5032 Selbu"	"1975"	3803	38	65	-27	128	91	37	11
"K_5032 Selbu"	"1976"	3814	34	39	-5	154	135	19	14
"K_5032 Selbu"	"1977"	3828	32	57	-25	109	115	-6	-31
"K_5032 Selbu"	"1978"	3797	33	47	-14	139	107	32	18
"K_5032 Selbu"	"1979"	3815	40	51	-11	146	83	63	52
"K_5032 Selbu"	"1980"	3867	45	58	-13	177	128	49	36
"K_5032 Selbu"	"1981"	3903	38	45	-7	141	82	59	52
"K_5032 Selbu"	"1982"	3955	47	54	-7	139	89	50	44
"K_5032 Selbu"	"1983"	3999	31	62	-31	210	89	121	90
"K_5032 Selbu"	"1984"	4089	52	56	-4	168	92	76	72
"K_5032 Selbu"	"1985"	4161	50	58	-8	95	125	-30	-38
"K_5032 Selbu"	"1986"	4123	45	47	-2	124	130	-6	-8
"K_5032 Selbu"	"1987"	4115	46	61	-15	148	137	11	-5
"K_5032 Selbu"	"1988"	4110	51	52	-1	138	110	28	27
"K_5032 Selbu"	"1989"	4137	37	51	-14	92	117	-25	-40
"K_5032 Selbu"	"1990"	4097	42	71	-29	118	109	9	-20
"K_5032 Selbu"	"1991"	4077	47	56	-9	129	90	39	29
"K_5032 Selbu"	"1992"	4106	56	63	-7	110	105	5	-3
"K_5032 Selbu"	"1993"	4103	39	54	-15	85	102	-17	-33
"K_5032 Selbu"	"1994"	4070	46	65	-19	127	106	21	3
"K_5032 Selbu"	"1995"	4073	44	72	-28	137	124	13	-13
"K_5032 Selbu"	"1996"	4060	37	58	-21	116	115	1	-19
"K_5032 Selbu"	"1997"	4041	43	68	-25	111	150	-39	-64
"K_5032 Selbu"	"1998"	3977	46	50	-4	116	124	-8	-12
"K_5032 Selbu"	"1999"	3965	35	69	-34	142	146	-4	-39
"K_5032 Selbu"	"2000"	3926	38	50	-12	175	103	72	61
"K_5032 Selbu"	"2001"	3987	51	53	-2	113	137	-24	-26
"K_5032 Selbu"	"2002"	3961	35	41	-6	162	143	19	12
"K_5032 Selbu"	"2003"	3973	30	34	-4	103	128	-25	-29
"K_5032 Selbu"	"2004"	3944	47	51	-4	187	139	48	44
"K_5032 Selbu"	"2005"	3988	33	53	-20	178	199	-21	-48
"K_5032 Selbu"	"2006"	3940	50	43	7	153	159	-6	2
"K_5032 Selbu"	"2007"	3942	56	30	26	153	110	43	64
"K_5032 Selbu"	"2008"	4006	30	54	-24	186	161	25	-2
"K_5032 Selbu"	"2009"	4004	37	55	-18	178	160	18	0
"K_5032 Selbu"	"2010"	4004	32	35	-3	164	170	-6	-8
"K_5032 Selbu"	"2011"	3996	29	42	-13	196	136	60	46
"K_5032 Selbu"	"2012"	4042	34	57	-23	175	164	11	-12
"K_5032 Selbu"	"2013"	4030	38	49	-11	174	164	10	0
"K_5032 Selbu"	"2014"	4030	35	53	-18	196	131	65	48
"K_5032 Selbu"	"2015"	4078	42	39	3	189	137	52	54
"K_5032 Selbu"	"2016"	4132	41	44	-3	170	202	-32	-34
"K_5032 Selbu"	"2017"	4098	36	50	-14	139	129	10	-5
"K_5032 Selbu"	"2018"	4093	41	49	-8	148	145	3	-5
"K_5032 Selbu"	"2019"	4088	36	36	0	155	181	-26	-26
"K_5032 Selbu"	"2020"	4062	36	24	12	159	164	-5	7
"K_5032 Selbu"	"2021"	4069	37	44	-7	199	171	28	21
"K_5032 Selbu"	"2022"	4090	38	45	-7	183	124	59	54
"K_5032 Selbu"	"2023"	4144	40	39	1	212	141	71	72
"K_5032 Selbu"	"2024"	4216	..	..	..	..	..	..	..
"K_5033 Tydal"	"1951"	784	10	10	0	26	19	7	7
"K_5033 Tydal"	"1952"	791	16	7	9	17	16	1	10
"K_5033 Tydal"	"1953"	801	8	11	-3	20	21	-1	-4
"K_5033 Tydal"	"1954"	797	21	12	9	6	18	-12	-3
"K_5033 Tydal"	"1955"	794	15	7	8	21	13	8	27
"K_5033 Tydal"	"1956"	821	23	7	16	63	14	49	65
"K_5033 Tydal"	"1957"	886	17	11	6	72	19	53	59
"K_5033 Tydal"	"1958"	945	28	15	13	42	13	29	42
"K_5033 Tydal"	"1959"	987	28	10	18	57	71	-14	4
"K_5033 Tydal"	"1960"	991	18	10	8	36	48	-12	1
"K_5033 Tydal"	"1961"	992	23	6	17	30	43	-13	4
"K_5033 Tydal"	"1962"	996	16	16	0	34	37	-3	-3
"K_5033 Tydal"	"1963"	993	19	13	6	17	40	-23	-17
"K_5033 Tydal"	"1964"	976	16	9	7	29	36	-7	0
"K_5033 Tydal"	"1965"	976	20	11	9	51	57	-6	3
"K_5033 Tydal"	"1966"	979	22	7	15	35	36	-1	16
"K_5033 Tydal"	"1967"	995	16	6	10	40	39	1	11
"K_5033 Tydal"	"1968"	1006	8	16	-8	30	32	-2	-10
"K_5033 Tydal"	"1969"	996	18	5	13	37	40	-3	10
"K_5033 Tydal"	"1970"	1006	18	11	7	25	53	-28	-20
"K_5033 Tydal"	"1971"	986	17	15	2	17	41	-24	-20
"K_5033 Tydal"	"1972"	966	15	12	3	43	39	4	7
"K_5033 Tydal"	"1973"	973	10	10	0	31	30	1	1
"K_5033 Tydal"	"1974"	974	17	6	11	42	20	22	33
"K_5033 Tydal"	"1975"	1007	14	14	0	15	31	-16	-15
"K_5033 Tydal"	"1976"	992	5	8	-3	30	46	-16	-19
"K_5033 Tydal"	"1977"	973	11	9	2	50	32	18	20
"K_5033 Tydal"	"1978"	993	10	11	-1	14	35	-21	-24
"K_5033 Tydal"	"1979"	969	12	11	1	39	42	-3	-2
"K_5033 Tydal"	"1980"	967	12	13	-1	29	37	-8	-9
"K_5033 Tydal"	"1981"	958	9	8	1	32	19	13	14
"K_5033 Tydal"	"1982"	972	11	9	2	27	20	7	9
"K_5033 Tydal"	"1983"	981	12	13	-1	40	35	5	4
"K_5033 Tydal"	"1984"	985	8	12	-4	28	21	7	3
"K_5033 Tydal"	"1985"	988	10	16	-6	31	20	11	5
"K_5033 Tydal"	"1986"	993	12	16	-4	50	44	6	2
"K_5033 Tydal"	"1987"	995	15	5	10	31	40	-9	4
"K_5033 Tydal"	"1988"	999	18	12	6	23	21	2	9
"K_5033 Tydal"	"1989"	1008	15	11	4	21	26	-5	0
"K_5033 Tydal"	"1990"	1008	14	15	-1	27	30	-3	-1
"K_5033 Tydal"	"1991"	1007	15	10	5	34	38	-4	1
"K_5033 Tydal"	"1992"	1008	8	14	-6	21	48	-27	-33
"K_5033 Tydal"	"1993"	975	14	6	8	23	24	-1	7
"K_5033 Tydal"	"1994"	982	8	9	-1	21	32	-11	-12
"K_5033 Tydal"	"1995"	970	14	13	1	40	38	2	3
"K_5033 Tydal"	"1996"	973	12	11	1	35	27	8	9
"K_5033 Tydal"	"1997"	982	12	17	-5	25	30	-5	-10
"K_5033 Tydal"	"1998"	972	8	11	-3	35	32	3	0
"K_5033 Tydal"	"1999"	972	10	19	-9	20	34	-14	-23
"K_5033 Tydal"	"2000"	949	5	7	-2	24	36	-12	-14
"K_5033 Tydal"	"2001"	935	9	16	-7	11	25	-14	-21
"K_5033 Tydal"	"2002"	914	7	9	-2	23	28	-5	-7
"K_5033 Tydal"	"2003"	907	9	4	5	12	23	-11	-6
"K_5033 Tydal"	"2004"	901	8	12	-4	31	25	6	1
"K_5033 Tydal"	"2005"	902	6	9	-3	16	41	-25	-28
"K_5033 Tydal"	"2006"	874	2	8	-6	16	25	-9	-15
"K_5033 Tydal"	"2007"	859	8	10	-2	26	27	-1	-3
"K_5033 Tydal"	"2008"	856	5	9	-4	31	26	5	1
"K_5033 Tydal"	"2009"	857	5	10	-5	23	16	7	2
"K_5033 Tydal"	"2010"	859	7	8	-1	24	18	6	9
"K_5033 Tydal"	"2011"	868	5	13	-8	36	26	10	2
"K_5033 Tydal"	"2012"	870	5	8	-3	19	21	-2	-5
"K_5033 Tydal"	"2013"	865	14	5	9	29	39	-10	-1
"K_5033 Tydal"	"2014"	864	7	14	-7	35	29	6	-1
"K_5033 Tydal"	"2015"	863	4	6	-2	26	36	-10	-12
"K_5033 Tydal"	"2016"	851	8	15	-7	50	33	17	10
"K_5033 Tydal"	"2017"	861	10	10	0	23	50	-27	-27
"K_5033 Tydal"	"2018"	834	6	11	-5	18	53	-35	-40
"K_5033 Tydal"	"2019"	794	5	12	-7	23	41	-18	-25
"K_5033 Tydal"	"2020"	769	7	8	-1	19	28	-9	-10
"K_5033 Tydal"	"2021"	759	6	11	-5	29	33	-4	-9
"K_5033 Tydal"	"2022"	750	4	13	-9	36	24	12	3
"K_5033 Tydal"	"2023"	753	7	6	1	54	35	19	20
"K_5033 Tydal"	"2024"	773	..	..	..	..	..	..	..
"K_5034 Meråker"	"1951"	3152	73	23	50	126	108	18	68
"K_5034 Meråker"	"1952"	3220	62	26	36	117	83	34	70
"K_5034 Meråker"	"1953"	3290	67	15	52	91	106	-15	37
"K_5034 Meråker"	"1954"	3327	64	32	32	75	113	-38	-6
"K_5034 Meråker"	"1955"	3321	52	31	21	72	114	-42	-17
"K_5034 Meråker"	"1956"	3304	53	27	26	120	103	17	43
"K_5034 Meråker"	"1957"	3347	56	29	27	117	121	-4	23
"K_5034 Meråker"	"1958"	3370	55	38	17	99	102	-3	14
"K_5034 Meråker"	"1959"	3384	43	26	17	92	141	-49	-32
"K_5034 Meråker"	"1960"	3352	48	21	27	136	192	-56	-22
"K_5034 Meråker"	"1961"	3330	52	32	20	95	151	-56	-36
"K_5034 Meråker"	"1962"	3294	47	30	17	67	173	-106	-89
"K_5034 Meråker"	"1963"	3205	45	33	12	113	167	-54	-42
"K_5034 Meråker"	"1964"	3163	45	31	14	157	121	36	50
"K_5034 Meråker"	"1965"	3213	48	34	14	141	138	3	17
"K_5034 Meråker"	"1966"	3230	48	41	7	105	165	-60	-63
"K_5034 Meråker"	"1967"	3167	51	23	28	97	228	-131	-103
"K_5034 Meråker"	"1968"	3064	32	25	7	92	154	-62	-51
"K_5034 Meråker"	"1969"	3013	32	41	-9	106	165	-59	-65
"K_5034 Meråker"	"1970"	2948	37	23	14	153	213	-60	-41
"K_5034 Meråker"	"1971"	2907	36	30	6	125	134	-9	-5
"K_5034 Meråker"	"1972"	2902	28	42	-14	127	96	31	16
"K_5034 Meråker"	"1973"	2918	36	37	-1	108	130	-22	-23
"K_5034 Meråker"	"1974"	2895	35	31	4	134	145	-11	-5
"K_5034 Meråker"	"1975"	2890	30	38	-8	101	91	10	0
"K_5034 Meråker"	"1976"	2890	41	44	-3	108	94	14	11
"K_5034 Meråker"	"1977"	2901	31	32	-1	113	84	29	28
"K_5034 Meråker"	"1978"	2929	34	35	-1	66	80	-14	-15
"K_5034 Meråker"	"1979"	2914	30	40	-10	120	113	7	-4
"K_5034 Meråker"	"1980"	2910	35	35	0	82	73	9	10
"K_5034 Meråker"	"1981"	2920	23	36	-13	91	103	-12	-25
"K_5034 Meråker"	"1982"	2895	27	32	-5	99	90	9	4
"K_5034 Meråker"	"1983"	2899	38	45	-7	91	75	16	9
"K_5034 Meråker"	"1984"	2908	31	38	-7	64	78	-14	-21
"K_5034 Meråker"	"1985"	2887	27	36	-9	83	94	-11	-19
"K_5034 Meråker"	"1986"	2868	26	32	-6	108	95	13	8
"K_5034 Meråker"	"1987"	2876	29	38	-9	112	130	-18	-28
"K_5034 Meråker"	"1988"	2848	38	42	-4	96	160	-64	-69
"K_5034 Meråker"	"1989"	2779	35	39	-4	96	122	-26	-29
"K_5034 Meråker"	"1990"	2750	44	48	-4	123	117	6	2
"K_5034 Meråker"	"1991"	2752	32	48	-16	95	128	-33	-49
"K_5034 Meråker"	"1992"	2703	34	47	-13	83	98	-15	-26
"K_5034 Meråker"	"1993"	2677	35	42	-7	181	81	100	94
"K_5034 Meråker"	"1994"	2771	18	49	-31	124	129	-5	-36
"K_5034 Meråker"	"1995"	2735	27	33	-6	75	142	-67	-72
"K_5034 Meråker"	"1996"	2663	36	46	-10	75	85	-10	-20
"K_5034 Meråker"	"1997"	2643	25	36	-11	78	147	-69	-80
"K_5034 Meråker"	"1998"	2563	29	31	-2	146	112	34	32
"K_5034 Meråker"	"1999"	2595	30	30	0	171	128	43	42
"K_5034 Meråker"	"2000"	2637	14	51	-37	116	123	-7	-44
"K_5034 Meråker"	"2001"	2593	24	35	-11	102	125	-23	-34
"K_5034 Meråker"	"2002"	2559	21	31	-10	123	114	9	-3
"K_5034 Meråker"	"2003"	2556	24	44	-20	98	95	3	-17
"K_5034 Meråker"	"2004"	2539	29	39	-10	113	84	29	21
"K_5034 Meråker"	"2005"	2560	26	29	-3	99	124	-25	-29
"K_5034 Meråker"	"2006"	2531	23	36	-13	101	111	-10	-24
"K_5034 Meråker"	"2007"	2507	21	28	-7	128	123	5	-1
"K_5034 Meråker"	"2008"	2506	12	31	-19	95	105	-10	-30
"K_5034 Meråker"	"2009"	2476	14	32	-18	126	113	13	-5
"K_5034 Meråker"	"2010"	2471	20	30	-10	152	111	41	32
"K_5034 Meråker"	"2011"	2503	18	34	-16	129	103	26	10
"K_5034 Meråker"	"2012"	2513	26	31	-5	148	147	1	-3
"K_5034 Meråker"	"2013"	2510	32	34	-2	167	122	45	43
"K_5034 Meråker"	"2014"	2553	18	35	-17	142	124	18	5
"K_5034 Meråker"	"2015"	2558	17	27	-10	157	182	-25	-35
"K_5034 Meråker"	"2016"	2523	25	33	-8	145	152	-7	-15
"K_5034 Meråker"	"2017"	2508	23	37	-14	205	230	-25	-39
"K_5034 Meråker"	"2018"	2469	15	32	-17	88	108	-20	-37
"K_5034 Meråker"	"2019"	2432	23	27	-4	97	103	-6	-10
"K_5034 Meråker"	"2020"	2422	25	31	-6	119	122	-3	-9
"K_5034 Meråker"	"2021"	2413	13	21	-8	128	132	-4	-14
"K_5034 Meråker"	"2022"	2399	16	34	-18	153	107	46	27
"K_5034 Meråker"	"2023"	2426	22	23	-1	138	110	28	28
"K_5034 Meråker"	"2024"	2454	..	..	..	..	..	..	..
"K_5035 Stjørdal"	"1951"	11786	263	93	170	641	552	89	265
"K_5035 Stjørdal"	"1952"	12051	299	109	190	606	650	-44	146
"K_5035 Stjørdal"	"1953"	12197	273	87	186	550	612	-62	124
"K_5035 Stjørdal"	"1954"	12321	260	110	150	644	693	-49	101
"K_5035 Stjørdal"	"1955"	12422	284	128	156	587	635	-48	0
"K_5035 Stjørdal"	"1956"	12422	247	91	156	683	642	41	197
"K_5035 Stjørdal"	"1957"	12619	263	115	148	549	724	-175	-27
"K_5035 Stjørdal"	"1958"	12592	264	94	170	613	593	20	190
"K_5035 Stjørdal"	"1959"	12782	248	94	154	723	742	-19	135
"K_5035 Stjørdal"	"1960"	12917	248	88	160	687	886	-199	-66
"K_5035 Stjørdal"	"1961"	12851	228	117	111	545	688	-143	-32
"K_5035 Stjørdal"	"1962"	12819	262	97	165	430	549	-119	46
"K_5035 Stjørdal"	"1963"	12865	251	96	155	454	616	-162	-7
"K_5035 Stjørdal"	"1964"	12858	268	101	167	372	519	-147	20
"K_5035 Stjørdal"	"1965"	12878	272	103	169	580	510	70	239
"K_5035 Stjørdal"	"1966"	13117	261	102	159	484	545	-61	90
"K_5035 Stjørdal"	"1967"	13207	233	102	131	508	519	-11	120
"K_5035 Stjørdal"	"1968"	13327	265	125	140	513	506	7	154
"K_5035 Stjørdal"	"1969"	13481	235	124	111	561	603	-42	64
"K_5035 Stjørdal"	"1970"	13545	256	122	134	739	638	101	223
"K_5035 Stjørdal"	"1971"	13768	281	133	148	803	459	344	495
"K_5035 Stjørdal"	"1972"	14263	246	109	137	721	601	120	261
"K_5035 Stjørdal"	"1973"	14524	282	118	164	747	564	183	343
"K_5035 Stjørdal"	"1974"	14867	229	118	111	826	601	225	334
"K_5035 Stjørdal"	"1975"	15201	235	119	116	587	546	41	143
"K_5035 Stjørdal"	"1976"	15344	189	138	51	667	580	87	141
"K_5035 Stjørdal"	"1977"	15485	203	147	56	836	651	185	242
"K_5035 Stjørdal"	"1978"	15727	206	132	74	704	542	162	236
"K_5035 Stjørdal"	"1979"	15963	222	136	86	633	576	57	144
"K_5035 Stjørdal"	"1980"	16107	182	139	43	615	588	27	71
"K_5035 Stjørdal"	"1981"	16178	227	146	81	555	555	0	76
"K_5035 Stjørdal"	"1982"	16254	228	140	88	515	497	18	106
"K_5035 Stjørdal"	"1983"	16360	171	143	28	619	471	148	175
"K_5035 Stjørdal"	"1984"	16535	201	141	60	596	473	123	182
"K_5035 Stjørdal"	"1985"	16717	236	155	81	574	620	-46	31
"K_5035 Stjørdal"	"1986"	16748	240	134	106	584	537	47	151
"K_5035 Stjørdal"	"1987"	16899	191	175	16	713	588	125	143
"K_5035 Stjørdal"	"1988"	17042	220	159	61	641	544	97	160
"K_5035 Stjørdal"	"1989"	17202	211	124	87	546	564	-18	74
"K_5035 Stjørdal"	"1990"	17276	241	172	69	570	578	-8	64
"K_5035 Stjørdal"	"1991"	17340	212	171	41	625	627	-2	39
"K_5035 Stjørdal"	"1992"	17379	222	179	43	593	610	-17	23
"K_5035 Stjørdal"	"1993"	17402	233	174	59	475	590	-115	-52
"K_5035 Stjørdal"	"1994"	17350	254	139	115	693	617	76	196
"K_5035 Stjørdal"	"1995"	17546	230	150	80	744	744	0	85
"K_5035 Stjørdal"	"1996"	17631	241	140	101	692	697	-5	97
"K_5035 Stjørdal"	"1997"	17728	259	165	94	774	669	105	200
"K_5035 Stjørdal"	"1998"	17928	247	159	88	673	588	85	179
"K_5035 Stjørdal"	"1999"	18107	252	167	85	679	628	51	131
"K_5035 Stjørdal"	"2000"	18238	236	155	81	781	631	150	230
"K_5035 Stjørdal"	"2001"	18468	246	144	102	824	674	150	256
"K_5035 Stjørdal"	"2002"	18724	231	170	61	827	677	150	216
"K_5035 Stjørdal"	"2003"	18940	234	165	69	818	629	189	259
"K_5035 Stjørdal"	"2004"	19199	232	149	83	869	589	280	363
"K_5035 Stjørdal"	"2005"	19562	230	178	52	894	626	268	330
"K_5035 Stjørdal"	"2006"	19892	249	162	87	980	686	294	381
"K_5035 Stjørdal"	"2007"	20273	260	154	106	982	745	237	343
"K_5035 Stjørdal"	"2008"	20616	252	152	100	1006	761	245	344
"K_5035 Stjørdal"	"2009"	20960	283	143	140	979	705	274	415
"K_5035 Stjørdal"	"2010"	21375	275	168	107	1039	866	173	284
"K_5035 Stjørdal"	"2011"	21659	287	161	126	1126	853	273	399
"K_5035 Stjørdal"	"2012"	22058	261	149	112	1090	877	213	321
"K_5035 Stjørdal"	"2013"	22379	263	175	88	1104	891	213	304
"K_5035 Stjørdal"	"2014"	22683	255	157	98	1036	865	171	274
"K_5035 Stjørdal"	"2015"	22957	260	155	105	1162	917	245	351
"K_5035 Stjørdal"	"2016"	23308	245	178	67	1184	935	249	317
"K_5035 Stjørdal"	"2017"	23625	261	170	91	1185	938	247	339
"K_5035 Stjørdal"	"2018"	23964	224	179	45	1060	1040	20	64
"K_5035 Stjørdal"	"2019"	24028	221	173	48	1021	957	64	117
"K_5035 Stjørdal"	"2020"	24145	230	180	50	1122	1035	87	138
"K_5035 Stjørdal"	"2021"	24283	237	179	58	1112	1161	-49	4
"K_5035 Stjørdal"	"2022"	24287	212	190	22	1270	1039	231	254
"K_5035 Stjørdal"	"2023"	24541	209	210	-1	1251	1072	179	176
"K_5035 Stjørdal"	"2024"	24717	..	..	..	..	..	..	..
"K_5036 Frosta"	"1951"	3080	55	20	35	93	132	-39	-4
"K_5036 Frosta"	"1952"	3076	54	31	23	79	122	-43	-20
"K_5036 Frosta"	"1953"	3056	42	32	10	62	99	-37	-27
"K_5036 Frosta"	"1954"	3029	59	24	35	87	100	-13	22
"K_5036 Frosta"	"1955"	3051	63	20	43	51	111	-60	-9
"K_5036 Frosta"	"1956"	3042	50	21	29	93	153	-60	-31
"K_5036 Frosta"	"1957"	3011	46	28	18	92	123	-31	-13
"K_5036 Frosta"	"1958"	2998	48	18	30	74	120	-46	-16
"K_5036 Frosta"	"1959"	2982	55	38	17	60	119	-59	-42
"K_5036 Frosta"	"1960"	2940	48	32	16	82	161	-79	-91
"K_5036 Frosta"	"1961"	2849	57	26	31	80	143	-63	-32
"K_5036 Frosta"	"1962"	2817	37	29	8	109	149	-40	-32
"K_5036 Frosta"	"1963"	2785	57	33	24	93	115	-22	2
"K_5036 Frosta"	"1964"	2787	47	30	17	69	130	-61	-44
"K_5036 Frosta"	"1965"	2743	61	34	27	89	126	-37	-10
"K_5036 Frosta"	"1966"	2733	50	36	14	102	148	-46	-30
"K_5036 Frosta"	"1967"	2703	43	21	22	79	129	-50	-28
"K_5036 Frosta"	"1968"	2675	35	39	-4	61	76	-15	-23
"K_5036 Frosta"	"1969"	2652	38	29	9	90	131	-41	-31
"K_5036 Frosta"	"1970"	2621	36	32	4	109	130	-21	-16
"K_5036 Frosta"	"1971"	2605	40	28	12	70	84	-14	-4
"K_5036 Frosta"	"1972"	2601	48	40	8	77	126	-49	-41
"K_5036 Frosta"	"1973"	2560	31	27	4	64	104	-40	-36
"K_5036 Frosta"	"1974"	2524	38	21	17	71	83	-12	4
"K_5036 Frosta"	"1975"	2528	32	33	-1	59	98	-39	-40
"K_5036 Frosta"	"1976"	2488	33	27	6	70	63	7	13
"K_5036 Frosta"	"1977"	2501	22	39	-17	72	82	-10	-27
"K_5036 Frosta"	"1978"	2474	19	34	-15	79	101	-22	-37
"K_5036 Frosta"	"1979"	2437	33	29	4	72	67	5	9
"K_5036 Frosta"	"1980"	2446	22	24	-2	95	82	13	13
"K_5036 Frosta"	"1981"	2459	25	28	-3	97	73	24	20
"K_5036 Frosta"	"1982"	2479	36	36	0	92	92	0	0
"K_5036 Frosta"	"1983"	2479	22	34	-12	63	56	7	-5
"K_5036 Frosta"	"1984"	2474	32	39	-7	63	78	-15	-22
"K_5036 Frosta"	"1985"	2452	27	37	-10	107	81	26	19
"K_5036 Frosta"	"1986"	2471	29	41	-12	63	64	-1	-12
"K_5036 Frosta"	"1987"	2459	29	21	8	93	56	37	43
"K_5036 Frosta"	"1988"	2502	37	32	5	69	95	-26	-21
"K_5036 Frosta"	"1989"	2481	38	35	3	102	81	21	22
"K_5036 Frosta"	"1990"	2503	35	27	8	77	119	-42	-33
"K_5036 Frosta"	"1991"	2470	23	32	-9	90	101	-11	-14
"K_5036 Frosta"	"1992"	2456	36	38	-2	87	76	11	5
"K_5036 Frosta"	"1993"	2461	28	34	-6	78	70	8	4
"K_5036 Frosta"	"1994"	2465	38	23	15	65	86	-21	-9
"K_5036 Frosta"	"1995"	2456	23	33	-10	104	95	9	1
"K_5036 Frosta"	"1996"	2457	31	35	-4	79	78	1	2
"K_5036 Frosta"	"1997"	2459	15	26	-11	79	102	-23	-34
"K_5036 Frosta"	"1998"	2425	26	36	-10	74	93	-19	-30
"K_5036 Frosta"	"1999"	2395	32	31	1	84	50	34	35
"K_5036 Frosta"	"2000"	2430	45	40	5	87	88	-1	3
"K_5036 Frosta"	"2001"	2433	29	37	-8	104	84	20	12
"K_5036 Frosta"	"2002"	2445	28	35	-7	107	73	34	29
"K_5036 Frosta"	"2003"	2474	18	25	-7	68	81	-13	-20
"K_5036 Frosta"	"2004"	2454	31	19	12	119	90	29	39
"K_5036 Frosta"	"2005"	2493	25	34	-9	95	111	-16	-26
"K_5036 Frosta"	"2006"	2467	24	21	3	75	85	-10	-6
"K_5036 Frosta"	"2007"	2461	23	23	0	112	108	4	5
"K_5036 Frosta"	"2008"	2466	21	24	-3	106	83	23	21
"K_5036 Frosta"	"2009"	2487	27	26	1	106	99	7	8
"K_5036 Frosta"	"2010"	2495	28	29	-1	175	131	44	43
"K_5036 Frosta"	"2011"	2538	23	24	-1	154	73	81	80
"K_5036 Frosta"	"2012"	2618	21	28	-7	140	124	16	9
"K_5036 Frosta"	"2013"	2627	32	25	7	124	105	19	26
"K_5036 Frosta"	"2014"	2653	21	25	-4	110	136	-26	-29
"K_5036 Frosta"	"2015"	2624	34	26	8	110	112	-2	7
"K_5036 Frosta"	"2016"	2631	15	27	-12	121	111	10	-1
"K_5036 Frosta"	"2017"	2630	23	28	-5	119	127	-8	-14
"K_5036 Frosta"	"2018"	2616	23	21	2	135	121	14	16
"K_5036 Frosta"	"2019"	2632	20	23	-3	127	129	-2	-5
"K_5036 Frosta"	"2020"	2627	21	28	-7	111	123	-12	-18
"K_5036 Frosta"	"2021"	2609	25	34	-9	165	156	9	-1
"K_5036 Frosta"	"2022"	2608	25	25	0	178	141	37	37
"K_5036 Frosta"	"2023"	2645	29	29	0	143	142	1	0
"K_5036 Frosta"	"2024"	2645	..	..	..	..	..	..	..
"K_5037 Levanger - Levangke"	"1951"	12375	258	102	156	822	861	-39	117
"K_5037 Levanger - Levangke"	"1952"	12492	290	99	191	628	669	-41	150
"K_5037 Levanger - Levangke"	"1953"	12642	246	116	130	577	694	-117	13
"K_5037 Levanger - Levangke"	"1954"	12655	252	113	139	717	709	8	147
"K_5037 Levanger - Levangke"	"1955"	12802	239	114	125	641	788	-147	-82
"K_5037 Levanger - Levangke"	"1956"	12720	296	96	200	737	833	-96	104
"K_5037 Levanger - Levangke"	"1957"	12824	265	122	143	694	820	-126	17
"K_5037 Levanger - Levangke"	"1958"	12841	213	97	116	817	833	-16	100
"K_5037 Levanger - Levangke"	"1959"	12941	249	93	156	637	812	-175	-19
"K_5037 Levanger - Levangke"	"1960"	12922	212	114	98	769	757	12	75
"K_5037 Levanger - Levangke"	"1961"	12997	228	119	109	630	801	-171	-62
"K_5037 Levanger - Levangke"	"1962"	12935	238	134	104	518	599	-81	23
"K_5037 Levanger - Levangke"	"1963"	12958	254	111	143	532	580	-48	95
"K_5037 Levanger - Levangke"	"1964"	13053	290	112	178	638	515	123	301
"K_5037 Levanger - Levangke"	"1965"	13354	294	124	170	898	734	164	334
"K_5037 Levanger - Levangke"	"1966"	13688	284	130	154	987	752	235	461
"K_5037 Levanger - Levangke"	"1967"	14149	280	101	179	877	771	106	285
"K_5037 Levanger - Levangke"	"1968"	14434	308	119	189	760	713	47	248
"K_5037 Levanger - Levangke"	"1969"	14682	280	128	152	846	885	-39	112
"K_5037 Levanger - Levangke"	"1970"	14794	251	145	106	930	925	5	45
"K_5037 Levanger - Levangke"	"1971"	14839	268	128	140	813	754	59	194
"K_5037 Levanger - Levangke"	"1972"	15033	235	155	80	731	725	6	106
"K_5037 Levanger - Levangke"	"1973"	15139	254	123	131	866	750	116	246
"K_5037 Levanger - Levangke"	"1974"	15385	238	134	104	761	795	-34	65
"K_5037 Levanger - Levangke"	"1975"	15450	222	122	100	842	823	19	120
"K_5037 Levanger - Levangke"	"1976"	15570	219	129	90	787	755	32	118
"K_5037 Levanger - Levangke"	"1977"	15688	217	125	92	806	843	-37	54
"K_5037 Levanger - Levangke"	"1978"	15742	221	121	100	692	656	36	146
"K_5037 Levanger - Levangke"	"1979"	15888	206	146	60	694	734	-40	21
"K_5037 Levanger - Levangke"	"1980"	15909	204	128	76	804	692	112	188
"K_5037 Levanger - Levangke"	"1981"	16097	223	137	86	667	657	10	92
"K_5037 Levanger - Levangke"	"1982"	16189	215	161	54	674	671	3	57
"K_5037 Levanger - Levangke"	"1983"	16246	206	139	67	609	646	-37	30
"K_5037 Levanger - Levangke"	"1984"	16276	221	148	73	592	662	-70	2
"K_5037 Levanger - Levangke"	"1985"	16278	212	155	57	667	664	3	59
"K_5037 Levanger - Levangke"	"1986"	16337	229	173	56	742	650	92	146
"K_5037 Levanger - Levangke"	"1987"	16483	249	189	60	762	661	101	161
"K_5037 Levanger - Levangke"	"1988"	16644	232	178	54	705	696	9	58
"K_5037 Levanger - Levangke"	"1989"	16702	252	173	79	666	740	-74	2
"K_5037 Levanger - Levangke"	"1990"	16704	245	155	90	786	701	85	174
"K_5037 Levanger - Levangke"	"1991"	16878	275	169	106	771	734	37	145
"K_5037 Levanger - Levangke"	"1992"	17023	256	175	81	750	716	34	110
"K_5037 Levanger - Levangke"	"1993"	17133	277	192	85	746	780	-34	57
"K_5037 Levanger - Levangke"	"1994"	17190	268	158	110	760	871	-111	-4
"K_5037 Levanger - Levangke"	"1995"	17186	242	147	95	785	759	26	124
"K_5037 Levanger - Levangke"	"1996"	17310	285	174	111	745	796	-51	59
"K_5037 Levanger - Levangke"	"1997"	17369	228	148	80	809	812	-3	77
"K_5037 Levanger - Levangke"	"1998"	17446	220	171	49	829	814	15	58
"K_5037 Levanger - Levangke"	"1999"	17504	222	176	46	749	797	-48	-3
"K_5037 Levanger - Levangke"	"2000"	17501	226	184	42	727	811	-84	-44
"K_5037 Levanger - Levangke"	"2001"	17457	222	154	68	774	727	47	115
"K_5037 Levanger - Levangke"	"2002"	17572	207	152	55	811	741	70	128
"K_5037 Levanger - Levangke"	"2003"	17700	207	150	57	858	738	120	175
"K_5037 Levanger - Levangke"	"2004"	17875	221	164	57	781	716	65	126
"K_5037 Levanger - Levangke"	"2005"	18001	232	130	102	718	732	-14	79
"K_5037 Levanger - Levangke"	"2006"	18080	262	153	109	769	786	-17	93
"K_5037 Levanger - Levangke"	"2007"	18173	226	163	63	947	827	120	182
"K_5037 Levanger - Levangke"	"2008"	18355	213	156	57	836	787	49	109
"K_5037 Levanger - Levangke"	"2009"	18464	222	153	69	876	825	51	116
"K_5037 Levanger - Levangke"	"2010"	18580	219	180	39	962	844	118	161
"K_5037 Levanger - Levangke"	"2011"	18741	218	151	67	952	837	115	181
"K_5037 Levanger - Levangke"	"2012"	18922	220	162	58	942	845	97	156
"K_5037 Levanger - Levangke"	"2013"	19078	208	148	60	942	874	68	134
"K_5037 Levanger - Levangke"	"2014"	19212	202	159	43	1073	854	219	262
"K_5037 Levanger - Levangke"	"2015"	19474	240	168	72	970	908	62	136
"K_5037 Levanger - Levangke"	"2016"	19610	219	127	92	1092	901	191	282
"K_5037 Levanger - Levangke"	"2017"	19892	234	154	80	1088	944	144	224
"K_5037 Levanger - Levangke"	"2018"	20115	225	160	65	968	896	72	139
"K_5037 Levanger - Levangke"	"2019"	20254	221	158	63	905	1056	-151	-90
"K_5037 Levanger - Levangke"	"2020"	20164	204	135	69	966	1030	-64	6
"K_5037 Levanger - Levangke"	"2021"	20170	220	153	67	1017	1078	-61	1
"K_5037 Levanger - Levangke"	"2022"	20171	187	167	20	1113	958	155	173
"K_5037 Levanger - Levangke"	"2023"	20344	177	159	18	1142	931	211	230
"K_5037 Levanger - Levangke"	"2024"	20574	..	..	..	..	..	..	..
"K_5038 Verdal"	"1951"	8524	175	50	125	215	303	-88	37
"K_5038 Verdal"	"1952"	8561	204	78	126	199	238	-39	87
"K_5038 Verdal"	"1953"	8648	158	61	97	159	198	-39	58
"K_5038 Verdal"	"1954"	8706	194	69	125	159	221	-62	63
"K_5038 Verdal"	"1955"	8769	157	70	87	157	188	-31	79
"K_5038 Verdal"	"1956"	8848	179	69	110	213	295	-82	28
"K_5038 Verdal"	"1957"	8876	153	79	74	226	268	-42	32
"K_5038 Verdal"	"1958"	8908	166	55	111	214	206	8	119
"K_5038 Verdal"	"1959"	9027	170	73	97	203	240	-37	60
"K_5038 Verdal"	"1960"	9087	137	73	64	257	261	-4	58
"K_5038 Verdal"	"1961"	9145	159	77	82	253	234	19	101
"K_5038 Verdal"	"1962"	9246	171	76	95	246	253	-7	88
"K_5038 Verdal"	"1963"	9334	152	85	67	277	314	-37	30
"K_5038 Verdal"	"1964"	9364	155	72	83	203	323	-120	-37
"K_5038 Verdal"	"1965"	9327	197	78	119	273	323	-50	69
"K_5038 Verdal"	"1966"	9396	182	103	79	304	342	-38	17
"K_5038 Verdal"	"1967"	9413	188	88	100	298	308	-10	90
"K_5038 Verdal"	"1968"	9503	173	75	98	319	345	-26	75
"K_5038 Verdal"	"1969"	9578	185	84	101	371	295	76	178
"K_5038 Verdal"	"1970"	9756	203	93	110	505	422	83	194
"K_5038 Verdal"	"1971"	9950	189	118	71	511	316	195	272
"K_5038 Verdal"	"1972"	10222	190	115	75	832	365	467	540
"K_5038 Verdal"	"1973"	10762	185	93	92	863	349	514	606
"K_5038 Verdal"	"1974"	11368	214	84	130	905	429	476	606
"K_5038 Verdal"	"1975"	11974	191	101	90	727	544	183	271
"K_5038 Verdal"	"1976"	12245	176	104	72	543	526	17	88
"K_5038 Verdal"	"1977"	12333	168	72	96	577	583	-6	94
"K_5038 Verdal"	"1978"	12427	169	106	63	575	372	203	267
"K_5038 Verdal"	"1979"	12694	187	109	78	594	439	155	230
"K_5038 Verdal"	"1980"	12924	204	112	92	510	546	-36	55
"K_5038 Verdal"	"1981"	12979	182	118	64	480	506	-26	40
"K_5038 Verdal"	"1982"	13019	178	106	72	537	566	-29	43
"K_5038 Verdal"	"1983"	13062	163	98	65	478	462	16	78
"K_5038 Verdal"	"1984"	13140	169	117	52	423	484	-61	-9
"K_5038 Verdal"	"1985"	13131	166	101	65	414	416	-2	66
"K_5038 Verdal"	"1986"	13197	173	117	56	504	516	-12	43
"K_5038 Verdal"	"1987"	13240	175	107	68	526	442	84	158
"K_5038 Verdal"	"1988"	13398	174	133	41	453	521	-68	-28
"K_5038 Verdal"	"1989"	13370	195	124	71	413	460	-47	21
"K_5038 Verdal"	"1990"	13391	199	116	83	499	452	47	130
"K_5038 Verdal"	"1991"	13521	184	114	70	510	425	85	156
"K_5038 Verdal"	"1992"	13677	204	135	69	484	523	-39	36
"K_5038 Verdal"	"1993"	13713	196	133	63	494	493	1	68
"K_5038 Verdal"	"1994"	13781	215	123	92	445	585	-140	-59
"K_5038 Verdal"	"1995"	13722	213	123	90	456	515	-59	25
"K_5038 Verdal"	"1996"	13747	187	115	72	384	483	-99	-27
"K_5038 Verdal"	"1997"	13720	239	130	109	381	490	-109	3
"K_5038 Verdal"	"1998"	13723	170	125	45	381	485	-104	-60
"K_5038 Verdal"	"1999"	13663	183	121	62	345	426	-81	-19
"K_5038 Verdal"	"2000"	13644	195	139	56	366	428	-62	-7
"K_5038 Verdal"	"2001"	13637	164	134	30	429	431	-2	28
"K_5038 Verdal"	"2002"	13665	154	138	16	414	397	17	32
"K_5038 Verdal"	"2003"	13697	198	119	79	484	434	50	130
"K_5038 Verdal"	"2004"	13827	158	124	34	399	448	-49	-12
"K_5038 Verdal"	"2005"	13815	186	124	62	408	382	26	85
"K_5038 Verdal"	"2006"	13900	178	132	46	499	484	15	62
"K_5038 Verdal"	"2007"	13962	179	133	46	487	398	89	132
"K_5038 Verdal"	"2008"	14094	174	118	56	438	430	8	63
"K_5038 Verdal"	"2009"	14157	151	115	36	438	407	31	65
"K_5038 Verdal"	"2010"	14222	169	119	50	515	461	54	112
"K_5038 Verdal"	"2011"	14334	145	137	8	520	475	45	53
"K_5038 Verdal"	"2012"	14387	172	141	31	552	431	121	152
"K_5038 Verdal"	"2013"	14539	163	128	35	764	551	213	249
"K_5038 Verdal"	"2014"	14788	144	127	17	541	535	6	21
"K_5038 Verdal"	"2015"	14809	147	137	10	559	494	65	76
"K_5038 Verdal"	"2016"	14885	141	106	35	559	635	-76	-36
"K_5038 Verdal"	"2017"	14849	140	115	25	596	525	71	92
"K_5038 Verdal"	"2018"	14943	142	124	18	485	515	-30	-10
"K_5038 Verdal"	"2019"	14933	142	120	22	547	555	-8	15
"K_5038 Verdal"	"2020"	14948	135	119	16	587	562	25	38
"K_5038 Verdal"	"2021"	14986	135	147	-12	540	561	-21	-31
"K_5038 Verdal"	"2022"	14955	138	141	-3	601	551	50	47
"K_5038 Verdal"	"2023"	15002	143	104	39	683	532	151	191
"K_5038 Verdal"	"2024"	15193	..	..	..	..	..	..	..
"K_5041 Snåase - Snåsa"	"1951"	3197	49	25	24	126	121	5	29
"K_5041 Snåase - Snåsa"	"1952"	3226	63	32	31	106	127	-21	10
"K_5041 Snåase - Snåsa"	"1953"	3236	47	25	22	68	134	-66	-44
"K_5041 Snåase - Snåsa"	"1954"	3192	66	29	37	87	108	-21	16
"K_5041 Snåase - Snåsa"	"1955"	3208	52	16	36	81	134	-53	-1
"K_5041 Snåase - Snåsa"	"1956"	3207	60	22	38	108	116	-8	30
"K_5041 Snåase - Snåsa"	"1957"	3237	59	22	37	100	127	-27	10
"K_5041 Snåase - Snåsa"	"1958"	3247	69	25	44	79	131	-52	-8
"K_5041 Snåase - Snåsa"	"1959"	3239	57	24	33	85	113	-28	5
"K_5041 Snåase - Snåsa"	"1960"	3244	61	26	35	104	153	-49	-48
"K_5041 Snåase - Snåsa"	"1961"	3196	56	24	32	104	121	-17	15
"K_5041 Snåase - Snåsa"	"1962"	3211	56	28	28	93	138	-45	-17
"K_5041 Snåase - Snåsa"	"1963"	3194	68	28	40	84	124	-40	0
"K_5041 Snåase - Snåsa"	"1964"	3194	58	43	15	95	157	-62	-47
"K_5041 Snåase - Snåsa"	"1965"	3147	46	27	19	103	189	-86	-67
"K_5041 Snåase - Snåsa"	"1966"	3080	56	37	19	136	197	-61	-48
"K_5041 Snåase - Snåsa"	"1967"	3032	39	32	7	124	154	-30	-23
"K_5041 Snåase - Snåsa"	"1968"	3009	49	39	10	125	153	-28	-18
"K_5041 Snåase - Snåsa"	"1969"	2991	46	47	-1	116	138	-22	-24
"K_5041 Snåase - Snåsa"	"1970"	2967	37	23	14	111	201	-90	-74
"K_5041 Snåase - Snåsa"	"1971"	2893	34	49	-15	88	151	-63	-81
"K_5041 Snåase - Snåsa"	"1972"	2812	35	30	5	108	151	-43	-40
"K_5041 Snåase - Snåsa"	"1973"	2772	30	35	-5	107	95	12	7
"K_5041 Snåase - Snåsa"	"1974"	2779	31	28	3	74	111	-37	-35
"K_5041 Snåase - Snåsa"	"1975"	2744	28	31	-3	54	98	-44	-48
"K_5041 Snåase - Snåsa"	"1976"	2696	31	38	-7	64	98	-34	-42
"K_5041 Snåase - Snåsa"	"1977"	2654	27	33	-6	84	84	0	-6
"K_5041 Snåase - Snåsa"	"1978"	2648	21	30	-9	59	74	-15	-22
"K_5041 Snåase - Snåsa"	"1979"	2626	31	46	-15	75	84	-9	-24
"K_5041 Snåase - Snåsa"	"1980"	2602	29	35	-6	108	68	40	32
"K_5041 Snåase - Snåsa"	"1981"	2634	23	43	-20	96	71	25	5
"K_5041 Snåase - Snåsa"	"1982"	2639	34	29	5	86	93	-7	-1
"K_5041 Snåase - Snåsa"	"1983"	2638	44	30	14	68	62	6	19
"K_5041 Snåase - Snåsa"	"1984"	2657	28	48	-20	62	75	-13	-34
"K_5041 Snåase - Snåsa"	"1985"	2623	34	42	-8	71	87	-16	-22
"K_5041 Snåase - Snåsa"	"1986"	2601	30	39	-9	50	80	-30	-39
"K_5041 Snåase - Snåsa"	"1987"	2562	25	40	-15	78	76	2	-13
"K_5041 Snåase - Snåsa"	"1988"	2549	39	40	-1	62	91	-29	-29
"K_5041 Snåase - Snåsa"	"1989"	2520	41	29	12	73	80	-7	6
"K_5041 Snåase - Snåsa"	"1990"	2526	40	44	-4	77	81	-4	-7
"K_5041 Snåase - Snåsa"	"1991"	2519	40	31	9	83	75	8	16
"K_5041 Snåase - Snåsa"	"1992"	2535	34	44	-10	96	111	-15	-27
"K_5041 Snåase - Snåsa"	"1993"	2508	30	38	-8	53	85	-32	-40
"K_5041 Snåase - Snåsa"	"1994"	2468	38	33	5	59	68	-9	-4
"K_5041 Snåase - Snåsa"	"1995"	2464	38	44	-6	69	73	-4	-11
"K_5041 Snåase - Snåsa"	"1996"	2453	25	28	-3	76	109	-33	-36
"K_5041 Snåase - Snåsa"	"1997"	2417	34	29	5	77	87	-10	-6
"K_5041 Snåase - Snåsa"	"1998"	2411	31	30	1	67	75	-8	-8
"K_5041 Snåase - Snåsa"	"1999"	2403	25	24	1	69	79	-10	-6
"K_5041 Snåase - Snåsa"	"2000"	2397	20	31	-11	62	90	-28	-39
"K_5041 Snåase - Snåsa"	"2001"	2358	27	29	-2	70	90	-20	-23
"K_5041 Snåase - Snåsa"	"2002"	2335	20	38	-18	78	83	-5	-23
"K_5041 Snåase - Snåsa"	"2003"	2312	23	29	-6	53	64	-11	-16
"K_5041 Snåase - Snåsa"	"2004"	2296	19	19	0	39	76	-37	-36
"K_5041 Snåase - Snåsa"	"2005"	2260	27	27	0	69	78	-9	-9
"K_5041 Snåase - Snåsa"	"2006"	2251	16	19	-3	30	81	-51	-54
"K_5041 Snåase - Snåsa"	"2007"	2197	12	25	-13	57	65	-8	-21
"K_5041 Snåase - Snåsa"	"2008"	2176	17	25	-8	66	58	8	0
"K_5041 Snåase - Snåsa"	"2009"	2176	19	31	-12	65	65	0	-12
"K_5041 Snåase - Snåsa"	"2010"	2164	17	26	-9	72	55	17	8
"K_5041 Snåase - Snåsa"	"2011"	2172	22	36	-14	71	68	3	-8
"K_5041 Snåase - Snåsa"	"2012"	2164	16	25	-9	62	63	-1	-10
"K_5041 Snåase - Snåsa"	"2013"	2154	16	24	-8	67	54	13	2
"K_5041 Snåase - Snåsa"	"2014"	2156	20	24	-4	72	71	1	-3
"K_5041 Snåase - Snåsa"	"2015"	2153	15	25	-10	74	78	-4	-14
"K_5041 Snåase - Snåsa"	"2016"	2139	13	19	-6	147	121	26	20
"K_5041 Snåase - Snåsa"	"2017"	2159	25	34	-9	123	178	-55	-65
"K_5041 Snåase - Snåsa"	"2018"	2094	22	19	3	78	75	3	6
"K_5041 Snåase - Snåsa"	"2019"	2100	11	24	-13	47	71	-24	-37
"K_5041 Snåase - Snåsa"	"2020"	2063	20	19	1	62	71	-9	-9
"K_5041 Snåase - Snåsa"	"2021"	2054	26	22	4	50	77	-27	-21
"K_5041 Snåase - Snåsa"	"2022"	2033	18	32	-14	78	75	3	-12
"K_5041 Snåase - Snåsa"	"2023"	2021	20	29	-9	281	180	101	93
"K_5041 Snåase - Snåsa"	"2024"	2114	..	..	..	..	..	..	..
"K_5042 Lierne"	"1951"	1906	47	12	35	56	53	3	38
"K_5042 Lierne"	"1952"	1944	36	13	23	61	52	9	32
"K_5042 Lierne"	"1953"	1976	60	21	39	48	51	-3	36
"K_5042 Lierne"	"1954"	2012	37	22	15	41	61	-20	-5
"K_5042 Lierne"	"1955"	2007	41	16	25	53	56	-3	16
"K_5042 Lierne"	"1956"	2023	52	14	38	44	103	-59	-21
"K_5042 Lierne"	"1957"	2002	35	19	16	64	83	-19	-3
"K_5042 Lierne"	"1958"	1999	27	19	8	39	70	-31	-23
"K_5042 Lierne"	"1959"	1976	33	13	20	82	60	22	42
"K_5042 Lierne"	"1960"	2018	51	13	38	78	54	24	83
"K_5042 Lierne"	"1961"	2101	38	22	16	51	61	-10	6
"K_5042 Lierne"	"1962"	2107	45	21	24	30	73	-43	-19
"K_5042 Lierne"	"1963"	2088	35	22	13	20	76	-56	-43
"K_5042 Lierne"	"1964"	2045	23	25	-2	39	77	-38	-40
"K_5042 Lierne"	"1965"	2005	38	24	14	46	64	-18	-4
"K_5042 Lierne"	"1966"	2001	32	18	14	61	88	-27	-11
"K_5042 Lierne"	"1967"	1990	32	9	23	57	69	-12	11
"K_5042 Lierne"	"1968"	2001	27	22	5	43	59	-16	-13
"K_5042 Lierne"	"1969"	1988	29	25	4	63	55	8	11
"K_5042 Lierne"	"1970"	1999	22	26	-4	48	135	-87	-94
"K_5042 Lierne"	"1971"	1905	23	22	1	76	44	32	37
"K_5042 Lierne"	"1972"	1942	26	24	2	49	71	-22	-25
"K_5042 Lierne"	"1973"	1917	28	24	4	47	67	-20	-19
"K_5042 Lierne"	"1974"	1898	30	16	14	41	67	-26	-14
"K_5042 Lierne"	"1975"	1884	20	17	3	57	61	-4	-2
"K_5042 Lierne"	"1976"	1882	21	27	-6	47	61	-14	-20
"K_5042 Lierne"	"1977"	1862	28	19	9	52	61	-9	0
"K_5042 Lierne"	"1978"	1862	32	22	10	37	58	-21	-11
"K_5042 Lierne"	"1979"	1851	22	19	3	64	56	8	10
"K_5042 Lierne"	"1980"	1861	19	19	0	31	65	-34	-34
"K_5042 Lierne"	"1981"	1827	30	20	10	51	51	0	10
"K_5042 Lierne"	"1982"	1837	18	20	-2	57	61	-4	-8
"K_5042 Lierne"	"1983"	1829	16	29	-13	46	48	-2	-16
"K_5042 Lierne"	"1984"	1813	28	28	0	40	58	-18	-17
"K_5042 Lierne"	"1985"	1796	17	17	0	34	47	-13	-14
"K_5042 Lierne"	"1986"	1782	19	14	5	41	57	-16	-11
"K_5042 Lierne"	"1987"	1771	23	33	-10	34	65	-31	-43
"K_5042 Lierne"	"1988"	1728	16	31	-15	53	51	2	-13
"K_5042 Lierne"	"1989"	1715	21	24	-3	35	53	-18	-21
"K_5042 Lierne"	"1990"	1694	19	19	0	21	43	-22	-22
"K_5042 Lierne"	"1991"	1672	18	17	1	36	40	-4	-3
"K_5042 Lierne"	"1992"	1669	19	32	-13	35	45	-10	-22
"K_5042 Lierne"	"1993"	1647	11	21	-10	38	34	4	-7
"K_5042 Lierne"	"1994"	1640	26	22	4	38	44	-6	-2
"K_5042 Lierne"	"1995"	1638	15	22	-7	20	41	-21	-28
"K_5042 Lierne"	"1996"	1610	14	22	-8	32	36	-4	-11
"K_5042 Lierne"	"1997"	1599	14	17	-3	32	45	-13	-16
"K_5042 Lierne"	"1998"	1583	21	25	-4	51	64	-13	-17
"K_5042 Lierne"	"1999"	1566	17	14	3	23	27	-4	-1
"K_5042 Lierne"	"2000"	1565	22	15	7	44	52	-8	-1
"K_5042 Lierne"	"2001"	1564	21	20	1	34	41	-7	-6
"K_5042 Lierne"	"2002"	1558	18	23	-5	38	39	-1	-6
"K_5042 Lierne"	"2003"	1552	16	23	-7	25	35	-10	-17
"K_5042 Lierne"	"2004"	1535	13	19	-6	29	48	-19	-26
"K_5042 Lierne"	"2005"	1509	12	21	-9	38	35	3	-6
"K_5042 Lierne"	"2006"	1503	10	19	-9	35	44	-9	-18
"K_5042 Lierne"	"2007"	1485	14	15	-1	40	43	-3	-5
"K_5042 Lierne"	"2008"	1480	6	23	-17	43	45	-2	-19
"K_5042 Lierne"	"2009"	1461	9	16	-7	30	49	-19	-26
"K_5042 Lierne"	"2010"	1435	11	26	-15	36	50	-14	-29
"K_5042 Lierne"	"2011"	1406	10	20	-10	48	33	15	4
"K_5042 Lierne"	"2012"	1410	9	16	-7	47	49	-2	-9
"K_5042 Lierne"	"2013"	1401	10	16	-6	39	48	-9	-16
"K_5042 Lierne"	"2014"	1385	11	14	-3	56	44	12	9
"K_5042 Lierne"	"2015"	1394	10	18	-8	30	41	-11	-19
"K_5042 Lierne"	"2016"	1375	7	18	-11	58	35	23	14
"K_5042 Lierne"	"2017"	1389	11	20	-9	35	36	-1	-10
"K_5042 Lierne"	"2018"	1379	10	17	-7	66	52	14	7
"K_5042 Lierne"	"2019"	1386	10	15	-5	35	61	-26	-31
"K_5042 Lierne"	"2020"	1355	9	21	-12	38	53	-15	-27
"K_5042 Lierne"	"2021"	1328	6	11	-5	26	41	-15	-19
"K_5042 Lierne"	"2022"	1309	6	12	-6	57	63	-6	-14
"K_5042 Lierne"	"2023"	1295	10	16	-6	65	53	12	6
"K_5042 Lierne"	"2024"	1301	..	..	..	..	..	..	..
"K_5043 Raarvihke - Røyrvik"	"1951"	458	4	5	-1	10	0	10	9
"K_5043 Raarvihke - Røyrvik"	"1952"	467	10	3	7	6	11	-5	2
"K_5043 Raarvihke - Røyrvik"	"1953"	469	4	5	-1	2	7	-5	-6
"K_5043 Raarvihke - Røyrvik"	"1954"	463	6	4	2	6	10	-4	-2
"K_5043 Raarvihke - Røyrvik"	"1955"	461	12	2	10	12	18	-6	-3
"K_5043 Raarvihke - Røyrvik"	"1956"	458	14	5	9	14	13	1	10
"K_5043 Raarvihke - Røyrvik"	"1957"	468	5	6	-1	20	11	9	8
"K_5043 Raarvihke - Røyrvik"	"1958"	476	8	2	6	10	22	-12	-6
"K_5043 Raarvihke - Røyrvik"	"1959"	470	1	8	-7	15	17	-2	-9
"K_5043 Raarvihke - Røyrvik"	"1960"	461	8	5	3	29	7	22	21
"K_5043 Raarvihke - Røyrvik"	"1961"	482	9	4	5	13	8	5	10
"K_5043 Raarvihke - Røyrvik"	"1962"	492	8	5	3	28	35	-7	-4
"K_5043 Raarvihke - Røyrvik"	"1963"	488	8	11	-3	57	20	37	34
"K_5043 Raarvihke - Røyrvik"	"1964"	522	8	4	4	20	36	-16	-12
"K_5043 Raarvihke - Røyrvik"	"1965"	510	8	6	2	18	30	-12	-10
"K_5043 Raarvihke - Røyrvik"	"1966"	500	8	5	3	22	18	4	10
"K_5043 Raarvihke - Røyrvik"	"1967"	510	8	5	3	29	47	-18	-15
"K_5043 Raarvihke - Røyrvik"	"1968"	495	7	3	4	24	14	10	15
"K_5043 Raarvihke - Røyrvik"	"1969"	510	4	1	3	17	27	-10	-8
"K_5043 Raarvihke - Røyrvik"	"1970"	502	5	4	1	93	38	55	56
"K_5043 Raarvihke - Røyrvik"	"1971"	558	10	5	5	50	31	19	26
"K_5043 Raarvihke - Røyrvik"	"1972"	584	7	6	1	167	63	104	110
"K_5043 Raarvihke - Røyrvik"	"1973"	694	17	5	12	68	35	33	47
"K_5043 Raarvihke - Røyrvik"	"1974"	741	18	7	11	45	61	-16	-7
"K_5043 Raarvihke - Røyrvik"	"1975"	734	8	6	2	59	32	27	28
"K_5043 Raarvihke - Røyrvik"	"1976"	762	8	6	2	16	44	-28	-27
"K_5043 Raarvihke - Røyrvik"	"1977"	735	12	7	5	49	45	4	10
"K_5043 Raarvihke - Røyrvik"	"1978"	745	12	7	5	44	51	-7	-2
"K_5043 Raarvihke - Røyrvik"	"1979"	743	6	6	0	53	75	-22	-22
"K_5043 Raarvihke - Røyrvik"	"1980"	721	7	6	1	37	57	-20	-19
"K_5043 Raarvihke - Røyrvik"	"1981"	702	7	5	2	49	49	0	2
"K_5043 Raarvihke - Røyrvik"	"1982"	704	9	5	4	29	29	0	4
"K_5043 Raarvihke - Røyrvik"	"1983"	708	13	8	5	32	24	8	12
"K_5043 Raarvihke - Røyrvik"	"1984"	720	13	12	1	29	23	6	8
"K_5043 Raarvihke - Røyrvik"	"1985"	728	11	9	2	23	40	-17	-15
"K_5043 Raarvihke - Røyrvik"	"1986"	713	14	3	11	29	57	-28	-17
"K_5043 Raarvihke - Røyrvik"	"1987"	696	14	6	8	54	41	13	22
"K_5043 Raarvihke - Røyrvik"	"1988"	718	13	8	5	31	27	4	9
"K_5043 Raarvihke - Røyrvik"	"1989"	727	12	6	6	38	29	9	15
"K_5043 Raarvihke - Røyrvik"	"1990"	742	10	8	2	25	35	-10	-8
"K_5043 Raarvihke - Røyrvik"	"1991"	734	15	9	6	45	48	-3	3
"K_5043 Raarvihke - Røyrvik"	"1992"	737	13	6	7	39	38	1	10
"K_5043 Raarvihke - Røyrvik"	"1993"	747	12	4	8	22	26	-4	4
"K_5043 Raarvihke - Røyrvik"	"1994"	751	9	7	2	31	47	-16	-14
"K_5043 Raarvihke - Røyrvik"	"1995"	737	9	7	2	21	46	-25	-22
"K_5043 Raarvihke - Røyrvik"	"1996"	715	12	8	4	12	53	-41	-37
"K_5043 Raarvihke - Røyrvik"	"1997"	678	13	8	5	45	72	-27	-22
"K_5043 Raarvihke - Røyrvik"	"1998"	656	7	7	0	20	73	-53	-53
"K_5043 Raarvihke - Røyrvik"	"1999"	603	3	8	-5	27	30	-3	-8
"K_5043 Raarvihke - Røyrvik"	"2000"	595	7	8	-1	22	30	-8	-9
"K_5043 Raarvihke - Røyrvik"	"2001"	586	5	6	-1	16	38	-22	-23
"K_5043 Raarvihke - Røyrvik"	"2002"	563	2	5	-3	29	41	-12	-16
"K_5043 Raarvihke - Røyrvik"	"2003"	547	7	5	2	21	32	-11	-8
"K_5043 Raarvihke - Røyrvik"	"2004"	539	8	5	3	25	25	0	3
"K_5043 Raarvihke - Røyrvik"	"2005"	542	8	5	3	18	19	-1	2
"K_5043 Raarvihke - Røyrvik"	"2006"	544	12	9	3	20	39	-19	-18
"K_5043 Raarvihke - Røyrvik"	"2007"	526	5	11	-6	12	33	-21	-27
"K_5043 Raarvihke - Røyrvik"	"2008"	499	4	6	-2	18	16	2	0
"K_5043 Raarvihke - Røyrvik"	"2009"	499	4	5	-1	20	23	-3	-4
"K_5043 Raarvihke - Røyrvik"	"2010"	495	4	5	-1	26	21	5	4
"K_5043 Raarvihke - Røyrvik"	"2011"	499	5	4	1	27	33	-6	-5
"K_5043 Raarvihke - Røyrvik"	"2012"	494	6	2	4	26	20	6	9
"K_5043 Raarvihke - Røyrvik"	"2013"	503	4	5	-1	23	27	-4	-5
"K_5043 Raarvihke - Røyrvik"	"2014"	498	6	5	1	6	30	-24	-23
"K_5043 Raarvihke - Røyrvik"	"2015"	475	3	8	-5	13	14	-1	-6
"K_5043 Raarvihke - Røyrvik"	"2016"	469	3	4	-1	22	21	1	0
"K_5043 Raarvihke - Røyrvik"	"2017"	469	5	8	-3	25	17	8	5
"K_5043 Raarvihke - Røyrvik"	"2018"	474	3	5	-2	25	15	10	8
"K_5043 Raarvihke - Røyrvik"	"2019"	482	5	8	-3	18	36	-18	-21
"K_5043 Raarvihke - Røyrvik"	"2020"	461	3	6	-3	20	19	1	-2
"K_5043 Raarvihke - Røyrvik"	"2021"	459	2	3	-1	13	29	-16	-18
"K_5043 Raarvihke - Røyrvik"	"2022"	441	0	8	-8	19	23	-4	-12
"K_5043 Raarvihke - Røyrvik"	"2023"	429	3	3	0	21	27	-6	-6
"K_5043 Raarvihke - Røyrvik"	"2024"	423	..	..	..	..	..	..	..
"K_5044 Namsskogan"	"1951"	1238	30	9	21	102	96	6	27
"K_5044 Namsskogan"	"1952"	1265	43	5	38	153	72	81	119
"K_5044 Namsskogan"	"1953"	1384	38	8	30	154	83	71	101
"K_5044 Namsskogan"	"1954"	1485	30	8	22	82	76	6	28
"K_5044 Namsskogan"	"1955"	1513	41	11	30	104	106	-2	57
"K_5044 Namsskogan"	"1956"	1570	31	9	22	147	112	35	57
"K_5044 Namsskogan"	"1957"	1627	40	6	34	110	121	-11	23
"K_5044 Namsskogan"	"1958"	1650	34	10	24	67	62	5	29
"K_5044 Namsskogan"	"1959"	1679	40	9	31	67	84	-17	14
"K_5044 Namsskogan"	"1960"	1693	42	10	32	128	111	17	52
"K_5044 Namsskogan"	"1961"	1745	32	12	20	80	86	-6	14
"K_5044 Namsskogan"	"1962"	1759	39	9	30	77	143	-66	-36
"K_5044 Namsskogan"	"1963"	1723	38	15	23	131	154	-23	0
"K_5044 Namsskogan"	"1964"	1723	35	12	23	59	117	-58	-35
"K_5044 Namsskogan"	"1965"	1688	37	8	29	105	83	22	51
"K_5044 Namsskogan"	"1966"	1739	32	18	14	101	122	-21	-20
"K_5044 Namsskogan"	"1967"	1719	43	6	37	112	117	-5	32
"K_5044 Namsskogan"	"1968"	1751	34	13	21	74	110	-36	-14
"K_5044 Namsskogan"	"1969"	1737	36	13	23	72	95	-23	-3
"K_5044 Namsskogan"	"1970"	1734	22	15	7	128	138	-10	39
"K_5044 Namsskogan"	"1971"	1773	35	18	17	79	158	-79	-59
"K_5044 Namsskogan"	"1972"	1714	45	15	30	78	138	-60	-62
"K_5044 Namsskogan"	"1973"	1652	20	13	7	80	139	-59	-51
"K_5044 Namsskogan"	"1974"	1601	21	11	10	87	119	-32	-22
"K_5044 Namsskogan"	"1975"	1579	16	14	2	94	116	-22	-20
"K_5044 Namsskogan"	"1976"	1559	22	8	14	107	103	4	19
"K_5044 Namsskogan"	"1977"	1578	22	15	7	116	147	-31	-25
"K_5044 Namsskogan"	"1978"	1553	12	13	-1	81	151	-70	-84
"K_5044 Namsskogan"	"1979"	1469	12	10	2	61	132	-71	-70
"K_5044 Namsskogan"	"1980"	1399	17	11	6	90	98	-8	-2
"K_5044 Namsskogan"	"1981"	1397	18	10	8	103	89	14	22
"K_5044 Namsskogan"	"1982"	1419	20	11	9	63	105	-42	-33
"K_5044 Namsskogan"	"1983"	1386	30	13	17	61	62	-1	16
"K_5044 Namsskogan"	"1984"	1402	18	13	5	31	130	-99	-94
"K_5044 Namsskogan"	"1985"	1308	17	8	9	48	95	-47	-38
"K_5044 Namsskogan"	"1986"	1270	12	11	1	54	76	-22	-20
"K_5044 Namsskogan"	"1987"	1250	12	14	-2	43	75	-32	-35
"K_5044 Namsskogan"	"1988"	1215	21	9	12	64	76	-12	-2
"K_5044 Namsskogan"	"1989"	1213	21	11	10	37	76	-39	-25
"K_5044 Namsskogan"	"1990"	1188	11	18	-7	37	79	-42	-50
"K_5044 Namsskogan"	"1991"	1138	19	16	3	42	87	-45	-44
"K_5044 Namsskogan"	"1992"	1094	9	9	0	44	58	-14	-15
"K_5044 Namsskogan"	"1993"	1079	17	11	6	49	49	0	6
"K_5044 Namsskogan"	"1994"	1085	14	17	-3	41	49	-8	-11
"K_5044 Namsskogan"	"1995"	1074	18	11	7	43	62	-19	-12
"K_5044 Namsskogan"	"1996"	1062	10	13	-3	30	44	-14	-16
"K_5044 Namsskogan"	"1997"	1046	10	13	-3	27	81	-54	-57
"K_5044 Namsskogan"	"1998"	989	9	6	3	55	65	-10	-7
"K_5044 Namsskogan"	"1999"	982	17	14	3	41	37	4	7
"K_5044 Namsskogan"	"2000"	989	12	13	-1	43	76	-33	-34
"K_5044 Namsskogan"	"2001"	955	12	10	2	63	49	14	14
"K_5044 Namsskogan"	"2002"	969	13	10	3	50	55	-5	-3
"K_5044 Namsskogan"	"2003"	966	14	14	0	44	52	-8	-8
"K_5044 Namsskogan"	"2004"	958	9	13	-4	30	43	-13	-17
"K_5044 Namsskogan"	"2005"	941	5	8	-3	25	44	-19	-22
"K_5044 Namsskogan"	"2006"	919	13	11	2	56	43	13	14
"K_5044 Namsskogan"	"2007"	933	10	11	-1	37	53	-16	-17
"K_5044 Namsskogan"	"2008"	916	7	12	-5	56	43	13	8
"K_5044 Namsskogan"	"2009"	924	14	10	4	42	45	-3	4
"K_5044 Namsskogan"	"2010"	928	7	17	-10	52	43	9	0
"K_5044 Namsskogan"	"2011"	928	11	10	1	41	54	-13	-12
"K_5044 Namsskogan"	"2012"	916	7	9	-2	47	59	-12	-14
"K_5044 Namsskogan"	"2013"	902	5	8	-3	54	33	21	20
"K_5044 Namsskogan"	"2014"	922	4	23	-19	42	53	-11	-30
"K_5044 Namsskogan"	"2015"	892	3	8	-5	33	53	-20	-25
"K_5044 Namsskogan"	"2016"	867	3	11	-8	59	46	13	5
"K_5044 Namsskogan"	"2017"	872	4	8	-4	81	47	34	30
"K_5044 Namsskogan"	"2018"	902	10	12	-2	37	66	-29	-31
"K_5044 Namsskogan"	"2019"	871	3	13	-10	47	65	-18	-28
"K_5044 Namsskogan"	"2020"	843	8	22	-14	44	28	16	3
"K_5044 Namsskogan"	"2021"	846	5	19	-14	37	51	-14	-28
"K_5044 Namsskogan"	"2022"	818	2	9	-7	52	49	3	-4
"K_5044 Namsskogan"	"2023"	814	6	19	-13	68	59	9	-4
"K_5044 Namsskogan"	"2024"	810	..	..	..	..	..	..	..
"K_5045 Grong"	"1951"	3008	74	22	52	136	169	-33	19
"K_5045 Grong"	"1952"	3027	55	19	36	103	149	-46	-10
"K_5045 Grong"	"1953"	3017	59	22	37	98	156	-58	-21
"K_5045 Grong"	"1954"	2996	76	27	49	107	151	-44	5
"K_5045 Grong"	"1955"	3001	76	27	49	121	175	-54	9
"K_5045 Grong"	"1956"	3010	73	27	46	161	125	36	82
"K_5045 Grong"	"1957"	3092	59	33	26	118	112	6	32
"K_5045 Grong"	"1958"	3124	66	29	37	90	123	-33	4
"K_5045 Grong"	"1959"	3128	62	29	33	105	159	-54	-21
"K_5045 Grong"	"1960"	3107	57	29	28	133	172	-39	-8
"K_5045 Grong"	"1961"	3099	58	23	35	99	111	-12	23
"K_5045 Grong"	"1962"	3122	54	31	23	99	118	-19	4
"K_5045 Grong"	"1963"	3126	42	41	1	120	200	-80	-79
"K_5045 Grong"	"1964"	3047	58	32	26	98	159	-61	-35
"K_5045 Grong"	"1965"	3012	50	23	27	97	141	-44	-17
"K_5045 Grong"	"1966"	2995	55	33	22	84	158	-74	-52
"K_5045 Grong"	"1967"	2943	46	26	20	83	146	-63	-43
"K_5045 Grong"	"1968"	2900	36	29	7	92	153	-61	-53
"K_5045 Grong"	"1969"	2847	36	38	-2	107	166	-59	-58
"K_5045 Grong"	"1970"	2789	30	26	4	158	176	-18	-13
"K_5045 Grong"	"1971"	2776	32	27	5	130	173	-43	-36
"K_5045 Grong"	"1972"	2740	34	29	5	96	179	-83	-80
"K_5045 Grong"	"1973"	2660	35	20	15	97	137	-40	-25
"K_5045 Grong"	"1974"	2635	24	26	-2	113	126	-13	-15
"K_5045 Grong"	"1975"	2620	25	43	-18	91	135	-44	-62
"K_5045 Grong"	"1976"	2558	22	23	-1	117	107	10	9
"K_5045 Grong"	"1977"	2567	20	31	-11	97	96	1	-11
"K_5045 Grong"	"1978"	2556	40	24	16	105	113	-8	21
"K_5045 Grong"	"1979"	2577	30	35	-5	113	92	21	15
"K_5045 Grong"	"1980"	2592	27	22	5	109	99	10	15
"K_5045 Grong"	"1981"	2607	31	29	2	104	81	23	25
"K_5045 Grong"	"1982"	2632	40	27	13	105	127	-22	-9
"K_5045 Grong"	"1983"	2623	28	39	-11	95	115	-20	-32
"K_5045 Grong"	"1984"	2591	38	41	-3	111	111	0	-2
"K_5045 Grong"	"1985"	2589	39	26	13	102	87	15	27
"K_5045 Grong"	"1986"	2616	31	35	-4	89	106	-17	-23
"K_5045 Grong"	"1987"	2593	29	28	1	87	126	-39	-39
"K_5045 Grong"	"1988"	2554	27	31	-4	72	109	-37	-41
"K_5045 Grong"	"1989"	2513	26	32	-6	102	118	-16	-25
"K_5045 Grong"	"1990"	2488	33	31	2	95	94	1	2
"K_5045 Grong"	"1991"	2490	27	35	-8	121	61	60	50
"K_5045 Grong"	"1992"	2540	22	39	-17	141	121	20	4
"K_5045 Grong"	"1993"	2544	46	27	19	89	115	-26	-8
"K_5045 Grong"	"1994"	2536	39	32	7	91	103	-12	-4
"K_5045 Grong"	"1995"	2532	33	28	5	117	86	31	35
"K_5045 Grong"	"1996"	2567	30	28	2	97	105	-8	-5
"K_5045 Grong"	"1997"	2562	31	25	6	92	136	-44	-39
"K_5045 Grong"	"1998"	2523	29	46	-17	99	112	-13	-26
"K_5045 Grong"	"1999"	2497	21	34	-13	217	136	81	68
"K_5045 Grong"	"2000"	2565	35	29	6	145	144	1	7
"K_5045 Grong"	"2001"	2572	30	32	-2	143	127	16	16
"K_5045 Grong"	"2002"	2588	22	45	-23	103	137	-34	-58
"K_5045 Grong"	"2003"	2530	29	26	3	121	125	-4	0
"K_5045 Grong"	"2004"	2530	29	40	-11	104	141	-37	-49
"K_5045 Grong"	"2005"	2481	12	36	-24	129	170	-41	-65
"K_5045 Grong"	"2006"	2416	26	31	-5	120	146	-26	-29
"K_5045 Grong"	"2007"	2387	24	32	-8	138	141	-3	-10
"K_5045 Grong"	"2008"	2377	20	34	-14	125	138	-13	-27
"K_5045 Grong"	"2009"	2350	20	24	-4	137	123	14	11
"K_5045 Grong"	"2010"	2361	20	31	-11	140	131	9	-4
"K_5045 Grong"	"2011"	2357	31	17	14	185	146	39	52
"K_5045 Grong"	"2012"	2409	23	26	-3	221	162	59	56
"K_5045 Grong"	"2013"	2465	29	23	6	191	213	-22	-16
"K_5045 Grong"	"2014"	2449	24	32	-8	223	175	48	40
"K_5045 Grong"	"2015"	2489	24	22	2	230	255	-25	-23
"K_5045 Grong"	"2016"	2466	26	23	3	232	238	-6	1
"K_5045 Grong"	"2017"	2467	12	16	-4	150	214	-64	-67
"K_5045 Grong"	"2018"	2400	25	20	5	104	135	-31	-26
"K_5045 Grong"	"2019"	2374	19	42	-23	112	104	8	-15
"K_5045 Grong"	"2020"	2359	15	26	-11	101	102	-1	-12
"K_5045 Grong"	"2021"	2347	22	36	-14	84	130	-46	-60
"K_5045 Grong"	"2022"	2287	17	30	-13	129	107	22	9
"K_5045 Grong"	"2023"	2296	15	15	0	159	134	25	26
"K_5045 Grong"	"2024"	2322	..	..	..	..	..	..	..
"K_5046 Høylandet"	"1951"	1343	33	8	25	21	50	-29	-4
"K_5046 Høylandet"	"1952"	1339	29	14	15	24	26	-2	13
"K_5046 Høylandet"	"1953"	1352	35	9	26	31	24	7	33
"K_5046 Høylandet"	"1954"	1385	25	7	18	15	41	-26	-8
"K_5046 Høylandet"	"1955"	1377	30	10	20	22	42	-20	-14
"K_5046 Høylandet"	"1956"	1363	23	9	14	19	56	-37	-23
"K_5046 Høylandet"	"1957"	1340	23	5	18	14	34	-20	-2
"K_5046 Høylandet"	"1958"	1338	19	12	7	20	31	-11	-4
"K_5046 Høylandet"	"1959"	1334	15	8	7	22	32	-10	-3
"K_5046 Høylandet"	"1960"	1331	21	14	7	30	48	-18	-10
"K_5046 Høylandet"	"1961"	1321	25	14	11	32	46	-14	-3
"K_5046 Høylandet"	"1962"	1318	22	13	9	20	39	-19	-10
"K_5046 Høylandet"	"1963"	1308	12	14	-2	17	46	-29	-31
"K_5046 Høylandet"	"1964"	1483	21	14	7	39	48	-9	-2
"K_5046 Høylandet"	"1965"	1481	26	20	6	52	58	-6	0
"K_5046 Høylandet"	"1966"	1481	22	12	10	52	65	-13	-19
"K_5046 Høylandet"	"1967"	1462	25	17	8	41	57	-16	-8
"K_5046 Høylandet"	"1968"	1454	26	19	7	61	61	0	8
"K_5046 Høylandet"	"1969"	1462	26	21	5	41	68	-27	-21
"K_5046 Høylandet"	"1970"	1441	25	23	2	35	68	-33	-29
"K_5046 Høylandet"	"1971"	1412	22	21	1	48	68	-20	-17
"K_5046 Høylandet"	"1972"	1395	16	21	-5	44	71	-27	-32
"K_5046 Høylandet"	"1973"	1363	23	15	8	59	83	-24	-17
"K_5046 Høylandet"	"1974"	1346	32	23	9	50	57	-7	2
"K_5046 Høylandet"	"1975"	1348	21	17	4	65	48	17	23
"K_5046 Høylandet"	"1976"	1371	19	21	-2	57	30	27	25
"K_5046 Høylandet"	"1977"	1396	22	20	2	60	42	18	20
"K_5046 Høylandet"	"1978"	1416	19	11	8	47	42	5	9
"K_5046 Høylandet"	"1979"	1425	21	9	12	50	38	12	24
"K_5046 Høylandet"	"1980"	1449	22	12	10	37	40	-3	6
"K_5046 Høylandet"	"1981"	1455	12	17	-5	55	50	5	0
"K_5046 Høylandet"	"1982"	1455	21	15	6	38	37	1	7
"K_5046 Høylandet"	"1983"	1462	14	13	1	44	44	0	1
"K_5046 Høylandet"	"1984"	1463	20	13	7	30	43	-13	-7
"K_5046 Høylandet"	"1985"	1456	20	12	8	50	44	6	14
"K_5046 Høylandet"	"1986"	1470	17	20	-3	40	46	-6	-9
"K_5046 Høylandet"	"1987"	1461	19	10	9	45	46	-1	8
"K_5046 Høylandet"	"1988"	1469	16	18	-2	21	54	-33	-36
"K_5046 Høylandet"	"1989"	1433	13	20	-7	37	53	-16	-24
"K_5046 Høylandet"	"1990"	1409	18	16	2	43	46	-3	-1
"K_5046 Høylandet"	"1991"	1408	12	16	-4	20	46	-26	-30
"K_5046 Høylandet"	"1992"	1378	17	14	3	62	52	10	13
"K_5046 Høylandet"	"1993"	1391	16	13	3	38	40	-2	2
"K_5046 Høylandet"	"1994"	1393	7	14	-7	30	49	-19	-26
"K_5046 Høylandet"	"1995"	1367	18	17	1	43	50	-7	-4
"K_5046 Høylandet"	"1996"	1363	20	16	4	53	56	-3	2
"K_5046 Høylandet"	"1997"	1365	10	13	-3	44	50	-6	-9
"K_5046 Høylandet"	"1998"	1356	14	13	1	39	45	-6	-5
"K_5046 Høylandet"	"1999"	1351	23	25	-2	43	57	-14	-16
"K_5046 Høylandet"	"2000"	1335	16	21	-5	38	36	2	-3
"K_5046 Høylandet"	"2001"	1332	15	14	1	36	60	-24	-24
"K_5046 Høylandet"	"2002"	1308	13	15	-2	30	62	-32	-33
"K_5046 Høylandet"	"2003"	1275	14	21	-7	48	63	-15	-17
"K_5046 Høylandet"	"2004"	1258	14	14	0	42	56	-14	-11
"K_5046 Høylandet"	"2005"	1247	14	8	6	62	36	26	32
"K_5046 Høylandet"	"2006"	1279	19	15	4	29	46	-17	-13
"K_5046 Høylandet"	"2007"	1266	12	11	1	50	44	6	7
"K_5046 Høylandet"	"2008"	1273	13	12	1	41	40	1	1
"K_5046 Høylandet"	"2009"	1274	13	11	2	41	47	-6	-4
"K_5046 Høylandet"	"2010"	1270	17	15	2	39	41	-2	0
"K_5046 Høylandet"	"2011"	1270	15	17	-2	45	49	-4	-6
"K_5046 Høylandet"	"2012"	1264	13	12	1	31	33	-2	-1
"K_5046 Høylandet"	"2013"	1263	11	10	1	33	40	-7	-6
"K_5046 Høylandet"	"2014"	1257	13	8	5	25	35	-10	-5
"K_5046 Høylandet"	"2015"	1252	10	17	-7	42	37	5	-2
"K_5046 Høylandet"	"2016"	1250	5	12	-7	50	29	21	14
"K_5046 Høylandet"	"2017"	1264	6	6	0	50	46	4	4
"K_5046 Høylandet"	"2018"	1268	12	12	0	43	57	-14	-14
"K_5046 Høylandet"	"2019"	1254	9	20	-11	32	44	-12	-23
"K_5046 Høylandet"	"2020"	1231	11	14	-3	31	44	-13	-16
"K_5046 Høylandet"	"2021"	1215	8	20	-12	42	51	-9	-22
"K_5046 Høylandet"	"2022"	1193	6	12	-6	66	35	31	23
"K_5046 Høylandet"	"2023"	1216	3	15	-12	74	58	16	6
"K_5046 Høylandet"	"2024"	1222	..	..	..	..	..	..	..
"K_5047 Overhalla"	"1951"	3406	67	31	36	97	126	-29	7
"K_5047 Overhalla"	"1952"	3413	81	32	49	121	122	-1	48
"K_5047 Overhalla"	"1953"	3461	82	28	54	117	136	-19	35
"K_5047 Overhalla"	"1954"	3496	70	23	47	83	141	-58	-11
"K_5047 Overhalla"	"1955"	3485	64	28	36	116	119	-3	54
"K_5047 Overhalla"	"1956"	3539	63	25	38	85	147	-62	-24
"K_5047 Overhalla"	"1957"	3515	61	25	36	101	141	-40	-4
"K_5047 Overhalla"	"1958"	3511	63	27	36	71	133	-62	-26
"K_5047 Overhalla"	"1959"	3485	67	33	34	104	128	-24	10
"K_5047 Overhalla"	"1960"	3495	65	31	34	91	158	-67	-48
"K_5047 Overhalla"	"1961"	3447	54	36	18	61	153	-92	-74
"K_5047 Overhalla"	"1962"	3373	65	30	35	72	116	-44	-9
"K_5047 Overhalla"	"1963"	3364	54	26	28	88	169	-81	-53
"K_5047 Overhalla"	"1964"	3326	56	25	31	79	175	-96	-65
"K_5047 Overhalla"	"1965"	3261	58	33	25	121	130	-9	16
"K_5047 Overhalla"	"1966"	3277	58	35	23	149	175	-26	3
"K_5047 Overhalla"	"1967"	3280	63	33	30	108	148	-40	-10
"K_5047 Overhalla"	"1968"	3270	49	34	15	124	134	-10	0
"K_5047 Overhalla"	"1969"	3270	63	42	21	122	147	-25	-4
"K_5047 Overhalla"	"1970"	3266	46	33	13	176	164	12	28
"K_5047 Overhalla"	"1971"	3294	52	46	6	165	154	11	16
"K_5047 Overhalla"	"1972"	3310	52	43	9	139	135	4	15
"K_5047 Overhalla"	"1973"	3325	55	34	21	149	140	9	30
"K_5047 Overhalla"	"1974"	3355	60	32	28	165	167	-2	26
"K_5047 Overhalla"	"1975"	3381	57	37	20	135	129	6	26
"K_5047 Overhalla"	"1976"	3407	37	36	1	141	87	54	54
"K_5047 Overhalla"	"1977"	3461	37	42	-5	140	115	25	20
"K_5047 Overhalla"	"1978"	3481	44	49	-5	157	96	61	59
"K_5047 Overhalla"	"1979"	3540	51	32	19	117	114	3	21
"K_5047 Overhalla"	"1980"	3561	36	39	-3	143	151	-8	-10
"K_5047 Overhalla"	"1981"	3551	48	34	14	160	119	41	56
"K_5047 Overhalla"	"1982"	3607	55	35	20	145	118	27	47
"K_5047 Overhalla"	"1983"	3654	45	40	5	106	120	-14	-10
"K_5047 Overhalla"	"1984"	3644	43	39	4	110	89	21	26
"K_5047 Overhalla"	"1985"	3670	42	33	9	124	125	-1	11
"K_5047 Overhalla"	"1986"	3681	45	47	-2	151	125	26	25
"K_5047 Overhalla"	"1987"	3706	45	41	4	141	175	-34	-30
"K_5047 Overhalla"	"1988"	3676	54	35	19	160	138	22	39
"K_5047 Overhalla"	"1989"	3715	49	31	18	174	130	44	62
"K_5047 Overhalla"	"1990"	3777	45	31	14	174	172	2	15
"K_5047 Overhalla"	"1991"	3792	51	29	22	132	145	-13	12
"K_5047 Overhalla"	"1992"	3804	45	40	5	122	138	-16	-11
"K_5047 Overhalla"	"1993"	3793	46	52	-6	119	149	-30	-35
"K_5047 Overhalla"	"1994"	3758	35	39	-4	132	131	1	-2
"K_5047 Overhalla"	"1995"	3756	54	35	19	136	148	-12	3
"K_5047 Overhalla"	"1996"	3759	52	34	18	115	180	-65	-46
"K_5047 Overhalla"	"1997"	3713	42	38	4	121	184	-63	-60
"K_5047 Overhalla"	"1998"	3653	53	29	24	131	136	-5	19
"K_5047 Overhalla"	"1999"	3672	43	31	12	135	161	-26	-13
"K_5047 Overhalla"	"2000"	3659	39	46	-7	94	121	-27	-33
"K_5047 Overhalla"	"2001"	3626	40	44	-4	129	152	-23	-26
"K_5047 Overhalla"	"2002"	3600	42	36	6	119	119	0	6
"K_5047 Overhalla"	"2003"	3606	40	41	-1	104	170	-66	-66
"K_5047 Overhalla"	"2004"	3540	28	34	-6	111	166	-55	-64
"K_5047 Overhalla"	"2005"	3476	53	39	14	158	156	2	17
"K_5047 Overhalla"	"2006"	3493	35	33	2	177	169	8	12
"K_5047 Overhalla"	"2007"	3505	37	37	0	162	162	0	2
"K_5047 Overhalla"	"2008"	3507	43	34	9	175	130	45	55
"K_5047 Overhalla"	"2009"	3562	49	36	13	140	138	2	15
"K_5047 Overhalla"	"2010"	3577	55	26	29	187	159	28	59
"K_5047 Overhalla"	"2011"	3636	40	32	8	197	162	35	43
"K_5047 Overhalla"	"2012"	3679	43	38	5	179	175	4	9
"K_5047 Overhalla"	"2013"	3688	51	47	4	208	169	39	44
"K_5047 Overhalla"	"2014"	3732	42	33	9	191	182	9	19
"K_5047 Overhalla"	"2015"	3751	54	23	31	208	164	44	74
"K_5047 Overhalla"	"2016"	3825	48	26	22	205	212	-7	15
"K_5047 Overhalla"	"2017"	3840	41	28	13	178	186	-8	5
"K_5047 Overhalla"	"2018"	3845	48	32	16	173	157	16	34
"K_5047 Overhalla"	"2019"	3879	39	48	-9	163	148	15	5
"K_5047 Overhalla"	"2020"	3884	30	32	-2	161	179	-18	-19
"K_5047 Overhalla"	"2021"	3865	38	35	3	149	198	-49	-48
"K_5047 Overhalla"	"2022"	3817	42	43	-1	230	172	58	56
"K_5047 Overhalla"	"2023"	3873	43	45	-2	245	192	53	51
"K_5047 Overhalla"	"2024"	3924	..	..	..	..	..	..	..
"K_5049 Flatanger"	"1951"	1767	31	16	15	43	57	-14	1
"K_5049 Flatanger"	"1952"	1768	25	14	11	19	69	-50	-39
"K_5049 Flatanger"	"1953"	1729	25	17	8	28	76	-48	-40
"K_5049 Flatanger"	"1954"	1689	27	19	8	48	63	-15	-7
"K_5049 Flatanger"	"1955"	1682	22	12	10	40	56	-16	23
"K_5049 Flatanger"	"1956"	1705	26	21	5	37	54	-17	-12
"K_5049 Flatanger"	"1957"	1693	28	21	7	45	56	-11	-4
"K_5049 Flatanger"	"1958"	1689	28	12	16	49	60	-11	5
"K_5049 Flatanger"	"1959"	1694	27	18	9	51	51	0	9
"K_5049 Flatanger"	"1960"	1703	28	14	14	47	77	-30	-21
"K_5049 Flatanger"	"1961"	1682	26	20	6	20	60	-40	-34
"K_5049 Flatanger"	"1962"	1648	39	23	16	36	52	-16	0
"K_5049 Flatanger"	"1963"	1648	33	20	13	37	42	-5	8
"K_5049 Flatanger"	"1964"	1656	26	21	5	45	45	0	5
"K_5049 Flatanger"	"1965"	1661	29	32	-3	42	49	-7	-10
"K_5049 Flatanger"	"1966"	1651	34	20	14	33	53	-20	-13
"K_5049 Flatanger"	"1967"	1638	33	22	11	38	73	-35	-24
"K_5049 Flatanger"	"1968"	1614	29	25	4	55	54	1	6
"K_5049 Flatanger"	"1969"	1620	41	21	20	40	60	-20	-2
"K_5049 Flatanger"	"1970"	1618	21	30	-9	65	58	7	-2
"K_5049 Flatanger"	"1971"	1616	28	19	9	50	75	-25	-14
"K_5049 Flatanger"	"1972"	1602	30	15	15	56	69	-13	2
"K_5049 Flatanger"	"1973"	1604	21	24	-3	54	87	-33	-36
"K_5049 Flatanger"	"1974"	1568	19	19	0	43	43	0	-1
"K_5049 Flatanger"	"1975"	1567	21	17	4	59	36	23	28
"K_5049 Flatanger"	"1976"	1595	23	22	1	39	52	-13	-12
"K_5049 Flatanger"	"1977"	1583	19	18	1	46	41	5	6
"K_5049 Flatanger"	"1978"	1589	16	18	-2	91	72	19	17
"K_5049 Flatanger"	"1979"	1606	18	22	-4	26	57	-31	-34
"K_5049 Flatanger"	"1980"	1572	18	13	5	41	47	-6	-1
"K_5049 Flatanger"	"1981"	1571	16	27	-11	71	73	-2	-13
"K_5049 Flatanger"	"1982"	1558	19	20	-1	63	57	6	4
"K_5049 Flatanger"	"1983"	1562	20	18	2	54	36	18	20
"K_5049 Flatanger"	"1984"	1582	24	20	4	31	57	-26	-23
"K_5049 Flatanger"	"1985"	1559	16	19	-3	37	46	-9	-12
"K_5049 Flatanger"	"1986"	1547	16	18	-2	56	94	-38	-40
"K_5049 Flatanger"	"1987"	1507	16	24	-8	46	72	-26	-34
"K_5049 Flatanger"	"1988"	1473	24	27	-3	39	55	-16	-19
"K_5049 Flatanger"	"1989"	1454	14	18	-4	54	67	-13	-18
"K_5049 Flatanger"	"1990"	1436	19	25	-6	50	64	-14	-20
"K_5049 Flatanger"	"1991"	1416	15	21	-6	37	70	-33	-40
"K_5049 Flatanger"	"1992"	1376	19	12	7	29	34	-5	4
"K_5049 Flatanger"	"1993"	1380	15	23	-8	40	57	-17	-25
"K_5049 Flatanger"	"1994"	1355	27	18	9	39	36	3	13
"K_5049 Flatanger"	"1995"	1368	23	22	1	30	69	-39	-37
"K_5049 Flatanger"	"1996"	1331	12	22	-10	60	51	9	-1
"K_5049 Flatanger"	"1997"	1330	16	15	1	58	91	-33	-32
"K_5049 Flatanger"	"1998"	1298	13	21	-8	60	64	-4	-12
"K_5049 Flatanger"	"1999"	1286	14	18	-4	36	80	-44	-48
"K_5049 Flatanger"	"2000"	1238	21	15	6	50	52	-2	4
"K_5049 Flatanger"	"2001"	1242	20	20	0	59	47	12	12
"K_5049 Flatanger"	"2002"	1254	12	16	-4	34	40	-6	-10
"K_5049 Flatanger"	"2003"	1244	7	16	-9	28	42	-14	-23
"K_5049 Flatanger"	"2004"	1221	12	11	1	22	39	-17	-16
"K_5049 Flatanger"	"2005"	1205	13	15	-2	19	48	-29	-31
"K_5049 Flatanger"	"2006"	1174	4	10	-6	39	39	0	-6
"K_5049 Flatanger"	"2007"	1168	8	16	-8	28	50	-22	-30
"K_5049 Flatanger"	"2008"	1138	5	13	-8	53	49	4	-4
"K_5049 Flatanger"	"2009"	1134	5	19	-14	39	55	-16	-30
"K_5049 Flatanger"	"2010"	1104	5	8	-3	44	36	8	5
"K_5049 Flatanger"	"2011"	1109	10	15	-5	73	36	37	32
"K_5049 Flatanger"	"2012"	1141	10	17	-7	66	42	24	17
"K_5049 Flatanger"	"2013"	1158	6	17	-11	35	62	-27	-38
"K_5049 Flatanger"	"2014"	1120	7	15	-8	47	40	7	-1
"K_5049 Flatanger"	"2015"	1119	4	9	-5	38	49	-11	-16
"K_5049 Flatanger"	"2016"	1103	6	15	-9	45	49	-4	-13
"K_5049 Flatanger"	"2017"	1090	6	11	-5	78	58	20	15
"K_5049 Flatanger"	"2018"	1105	14	10	4	52	58	-6	-2
"K_5049 Flatanger"	"2019"	1103	7	15	-8	66	58	8	0
"K_5049 Flatanger"	"2020"	1103	3	12	-9	63	57	6	-3
"K_5049 Flatanger"	"2021"	1100	18	8	10	55	64	-9	1
"K_5049 Flatanger"	"2022"	1101	7	15	-8	69	54	15	7
"K_5049 Flatanger"	"2023"	1108	16	14	2	57	51	6	8
"K_5049 Flatanger"	"2024"	1116	..	..	..	..	..	..	..
"K_5052 Leka"	"1951"	1228	28	11	17	10	32	-22	-5
"K_5052 Leka"	"1952"	1223	20	15	5	5	40	-35	-30
"K_5052 Leka"	"1953"	1193	19	11	8	26	51	-25	-17
"K_5052 Leka"	"1954"	1176	15	7	8	32	35	-3	5
"K_5052 Leka"	"1955"	1181	25	12	13	18	38	-20	11
"K_5052 Leka"	"1956"	1192	21	12	9	18	49	-31	-22
"K_5052 Leka"	"1957"	1170	14	8	6	14	52	-38	-32
"K_5052 Leka"	"1958"	1138	27	15	12	22	43	-21	-9
"K_5052 Leka"	"1959"	1129	26	16	10	17	51	-34	-24
"K_5052 Leka"	"1960"	1105	26	11	15	29	53	-24	10
"K_5052 Leka"	"1961"	1115	19	11	8	29	37	-8	0
"K_5052 Leka"	"1962"	1115	27	25	2	29	40	-11	-9
"K_5052 Leka"	"1963"	1106	24	12	12	36	56	-20	-8
"K_5052 Leka"	"1964"	1098	21	16	5	10	41	-31	-26
"K_5052 Leka"	"1965"	1072	19	11	8	21	30	-9	-1
"K_5052 Leka"	"1966"	1071	25	19	6	32	25	7	-8
"K_5052 Leka"	"1967"	1063	26	8	18	18	64	-46	-28
"K_5052 Leka"	"1968"	1035	15	19	-4	26	50	-24	-8
"K_5052 Leka"	"1969"	1027	16	13	3	33	57	-24	-20
"K_5052 Leka"	"1970"	1007	22	14	8	47	84	-37	-27
"K_5052 Leka"	"1971"	980	17	8	9	71	20	51	64
"K_5052 Leka"	"1972"	1044	10	10	0	29	72	-43	-51
"K_5052 Leka"	"1973"	993	13	19	-6	43	33	10	3
"K_5052 Leka"	"1974"	996	13	14	-1	39	62	-23	-25
"K_5052 Leka"	"1975"	971	10	12	-2	48	42	6	4
"K_5052 Leka"	"1976"	975	13	21	-8	42	64	-22	-31
"K_5052 Leka"	"1977"	944	9	13	-4	35	28	7	3
"K_5052 Leka"	"1978"	947	10	12	-2	27	31	-4	-6
"K_5052 Leka"	"1979"	941	17	16	1	34	43	-9	-8
"K_5052 Leka"	"1980"	933	12	10	2	53	45	8	10
"K_5052 Leka"	"1981"	943	14	17	-3	68	52	16	13
"K_5052 Leka"	"1982"	956	8	13	-5	38	36	2	-3
"K_5052 Leka"	"1983"	953	14	12	2	35	33	2	4
"K_5052 Leka"	"1984"	957	12	11	1	33	48	-15	-14
"K_5052 Leka"	"1985"	943	9	6	3	51	55	-4	0
"K_5052 Leka"	"1986"	943	12	8	4	25	49	-24	-20
"K_5052 Leka"	"1987"	923	12	22	-10	38	68	-30	-40
"K_5052 Leka"	"1988"	883	15	17	-2	24	32	-8	-9
"K_5052 Leka"	"1989"	874	10	24	-14	41	49	-8	-22
"K_5052 Leka"	"1990"	852	16	11	5	40	47	-7	-3
"K_5052 Leka"	"1991"	849	8	15	-7	24	38	-14	-22
"K_5052 Leka"	"1992"	827	11	11	0	26	32	-6	-6
"K_5052 Leka"	"1993"	821	14	11	3	13	22	-9	-5
"K_5052 Leka"	"1994"	816	8	6	2	22	37	-15	-16
"K_5052 Leka"	"1995"	800	8	11	-3	14	22	-8	-10
"K_5052 Leka"	"1996"	790	11	13	-2	27	32	-5	-8
"K_5052 Leka"	"1997"	782	6	6	0	18	59	-41	-41
"K_5052 Leka"	"1998"	741	6	10	-4	21	40	-19	-23
"K_5052 Leka"	"1999"	718	5	13	-8	31	27	4	-4
"K_5052 Leka"	"2000"	714	7	15	-8	19	41	-22	-30
"K_5052 Leka"	"2001"	684	7	5	2	19	21	-2	0
"K_5052 Leka"	"2002"	684	3	7	-4	15	21	-6	-12
"K_5052 Leka"	"2003"	672	6	9	-3	17	50	-33	-36
"K_5052 Leka"	"2004"	636	3	12	-9	20	38	-18	-27
"K_5052 Leka"	"2005"	609	5	5	0	14	28	-14	-14
"K_5052 Leka"	"2006"	595	4	7	-3	25	34	-9	-12
"K_5052 Leka"	"2007"	583	3	3	0	21	15	6	6
"K_5052 Leka"	"2008"	589	2	5	-3	20	24	-4	-7
"K_5052 Leka"	"2009"	582	9	6	3	21	13	8	11
"K_5052 Leka"	"2010"	593	4	11	-7	33	30	3	-4
"K_5052 Leka"	"2011"	589	3	7	-4	15	27	-12	-16
"K_5052 Leka"	"2012"	573	5	11	-6	33	26	7	1
"K_5052 Leka"	"2013"	574	4	12	-8	20	30	-10	-18
"K_5052 Leka"	"2014"	556	6	6	0	37	19	18	18
"K_5052 Leka"	"2015"	574	2	6	-4	28	36	-8	-12
"K_5052 Leka"	"2016"	562	6	11	-5	52	25	27	22
"K_5052 Leka"	"2017"	584	2	8	-6	38	34	4	-2
"K_5052 Leka"	"2018"	582	7	16	-9	18	24	-6	-15
"K_5052 Leka"	"2019"	567	6	10	-4	15	21	-6	-10
"K_5052 Leka"	"2020"	557	6	10	-4	26	16	10	6
"K_5052 Leka"	"2021"	563	6	5	1	35	29	6	7
"K_5052 Leka"	"2022"	570	4	8	-4	42	26	16	12
"K_5052 Leka"	"2023"	582	9	11	-2	49	25	24	22
"K_5052 Leka"	"2024"	604	..	..	..	..	..	..	..
"K_5053 Inderøy"	"1951"	5784	104	62	42	192	255	-63	-21
"K_5053 Inderøy"	"1952"	5763	119	53	66	177	216	-39	27
"K_5053 Inderøy"	"1953"	5790	104	47	57	152	203	-51	6
"K_5053 Inderøy"	"1954"	5796	117	60	57	145	265	-120	-63
"K_5053 Inderøy"	"1955"	5733	103	54	49	137	198	-61	7
"K_5053 Inderøy"	"1956"	5740	107	41	66	199	234	-35	31
"K_5053 Inderøy"	"1957"	5771	111	46	65	178	274	-96	-31
"K_5053 Inderøy"	"1958"	5740	105	44	61	197	229	-32	29
"K_5053 Inderøy"	"1959"	5769	106	57	49	197	235	-38	11
"K_5053 Inderøy"	"1960"	5780	83	47	36	252	320	-68	-52
"K_5053 Inderøy"	"1961"	5728	109	40	69	149	204	-55	14
"K_5053 Inderøy"	"1962"	5742	94	45	49	141	223	-82	-33
"K_5053 Inderøy"	"1963"	5709	105	46	59	178	247	-69	-10
"K_5053 Inderøy"	"1964"	5699	109	65	44	193	201	-8	36
"K_5053 Inderøy"	"1965"	5735	100	54	46	200	262	-62	-16
"K_5053 Inderøy"	"1966"	5719	86	72	14	224	301	-77	-70
"K_5053 Inderøy"	"1967"	5649	86	58	28	193	271	-78	-50
"K_5053 Inderøy"	"1968"	5994	105	61	44	244	231	13	75
"K_5053 Inderøy"	"1969"	6069	80	64	16	191	307	-116	-39
"K_5053 Inderøy"	"1970"	6030	80	66	14	311	342	-31	-103
"K_5053 Inderøy"	"1971"	5927	94	72	22	313	274	39	53
"K_5053 Inderøy"	"1972"	5980	84	69	15	304	255	49	66
"K_5053 Inderøy"	"1973"	6046	93	63	30	318	285	33	64
"K_5053 Inderøy"	"1974"	6110	84	66	18	289	304	-15	9
"K_5053 Inderøy"	"1975"	6119	71	73	-2	341	263	78	77
"K_5053 Inderøy"	"1976"	6196	87	68	19	302	250	52	71
"K_5053 Inderøy"	"1977"	6267	77	86	-9	311	256	55	46
"K_5053 Inderøy"	"1978"	6313	84	87	-3	322	245	77	75
"K_5053 Inderøy"	"1979"	6388	85	80	5	262	220	42	45
"K_5053 Inderøy"	"1980"	6433	79	77	2	278	282	-4	-4
"K_5053 Inderøy"	"1981"	6429	89	66	23	304	214	90	114
"K_5053 Inderøy"	"1982"	6543	76	79	-3	278	248	30	26
"K_5053 Inderøy"	"1983"	6569	70	70	0	275	229	46	46
"K_5053 Inderøy"	"1984"	6615	70	66	4	265	230	35	39
"K_5053 Inderøy"	"1985"	6654	101	75	26	260	300	-40	-7
"K_5053 Inderøy"	"1986"	6647	84	82	2	258	241	17	24
"K_5053 Inderøy"	"1987"	6671	87	77	10	278	257	21	31
"K_5053 Inderøy"	"1988"	6702	94	69	25	299	300	-1	27
"K_5053 Inderøy"	"1989"	6729	94	71	23	311	289	22	51
"K_5053 Inderøy"	"1990"	6780	92	79	13	265	278	-13	-2
"K_5053 Inderøy"	"1991"	6778	95	87	8	247	293	-46	-35
"K_5053 Inderøy"	"1992"	6743	91	84	7	236	266	-30	-15
"K_5053 Inderøy"	"1993"	6728	79	74	5	257	237	20	24
"K_5053 Inderøy"	"1994"	6752	90	69	21	242	302	-60	-40
"K_5053 Inderøy"	"1995"	6712	89	65	24	317	338	-21	4
"K_5053 Inderøy"	"1996"	6716	90	85	5	297	290	7	9
"K_5053 Inderøy"	"1997"	6725	91	74	17	289	324	-35	-17
"K_5053 Inderøy"	"1998"	6708	77	63	14	286	321	-35	-16
"K_5053 Inderøy"	"1999"	6692	79	79	0	315	280	35	35
"K_5053 Inderøy"	"2000"	6727	84	68	16	267	282	-15	1
"K_5053 Inderøy"	"2001"	6728	84	67	17	326	295	31	48
"K_5053 Inderøy"	"2002"	6776	75	83	-8	287	294	-7	-11
"K_5053 Inderøy"	"2003"	6765	63	87	-24	289	324	-35	-59
"K_5053 Inderøy"	"2004"	6706	77	60	17	326	257	69	90
"K_5053 Inderøy"	"2005"	6796	80	67	13	333	308	25	35
"K_5053 Inderøy"	"2006"	6831	57	49	8	327	379	-52	-37
"K_5053 Inderøy"	"2007"	6794	69	78	-9	294	381	-87	-94
"K_5053 Inderøy"	"2008"	6700	72	55	17	287	320	-33	-18
"K_5053 Inderøy"	"2009"	6682	72	52	20	301	315	-14	7
"K_5053 Inderøy"	"2010"	6689	73	58	15	304	292	12	28
"K_5053 Inderøy"	"2011"	6717	65	71	-6	341	368	-27	-33
"K_5053 Inderøy"	"2012"	6682	61	59	2	323	317	6	10
"K_5053 Inderøy"	"2013"	6692	69	54	15	350	338	12	28
"K_5053 Inderøy"	"2014"	6720	64	66	-2	380	329	51	50
"K_5053 Inderøy"	"2015"	6770	66	56	10	363	374	-11	-1
"K_5053 Inderøy"	"2016"	6769	62	55	7	352	330	22	31
"K_5053 Inderøy"	"2017"	6800	69	60	9	324	349	-25	-17
"K_5053 Inderøy"	"2018"	6785	66	49	17	325	323	2	19
"K_5053 Inderøy"	"2019"	6804	55	63	-8	317	297	20	12
"K_5053 Inderøy"	"2020"	6816	67	50	17	312	382	-70	-52
"K_5053 Inderøy"	"2021"	6764	57	46	11	384	365	19	30
"K_5053 Inderøy"	"2022"	6794	55	80	-25	387	316	71	47
"K_5053 Inderøy"	"2023"	6841	61	51	10	418	333	85	97
"K_5053 Inderøy"	"2024"	6938	..	..	..	..	..	..	..
"K_5054 Indre Fosen"	"1951"	6252	107	53	54	185	221	-36	18
"K_5054 Indre Fosen"	"1952"	6270	119	58	61	139	199	-60	1
"K_5054 Indre Fosen"	"1953"	6271	126	55	71	110	207	-97	-26
"K_5054 Indre Fosen"	"1954"	6245	125	46	79	134	204	-70	9
"K_5054 Indre Fosen"	"1955"	6254	123	61	62	170	207	-37	19
"K_5054 Indre Fosen"	"1956"	6273	122	60	62	155	237	-82	-20
"K_5054 Indre Fosen"	"1957"	6253	87	50	37	162	230	-68	-31
"K_5054 Indre Fosen"	"1958"	6222	101	75	26	170	207	-37	-11
"K_5054 Indre Fosen"	"1959"	6211	130	70	60	162	229	-67	-7
"K_5054 Indre Fosen"	"1960"	6204	99	74	25	327	299	28	12
"K_5054 Indre Fosen"	"1961"	6216	124	65	59	206	288	-82	-23
"K_5054 Indre Fosen"	"1962"	6193	101	71	30	156	219	-63	-33
"K_5054 Indre Fosen"	"1963"	6160	128	52	76	223	243	-20	56
"K_5054 Indre Fosen"	"1964"	9700	170	102	68	327	334	-7	61
"K_5054 Indre Fosen"	"1965"	9761	168	111	57	410	466	-56	1
"K_5054 Indre Fosen"	"1966"	9762	183	101	82	266	458	-192	-91
"K_5054 Indre Fosen"	"1967"	9671	160	102	58	386	515	-129	-71
"K_5054 Indre Fosen"	"1968"	9600	168	91	77	361	437	-76	7
"K_5054 Indre Fosen"	"1969"	9607	162	98	64	364	408	-44	18
"K_5054 Indre Fosen"	"1970"	9625	148	102	46	460	567	-107	-58
"K_5054 Indre Fosen"	"1971"	9567	154	103	51	432	461	-29	23
"K_5054 Indre Fosen"	"1972"	9590	152	118	34	384	441	-57	-40
"K_5054 Indre Fosen"	"1973"	9550	147	95	52	372	429	-57	-6
"K_5054 Indre Fosen"	"1974"	9544	138	94	44	455	385	70	113
"K_5054 Indre Fosen"	"1975"	9657	107	97	10	367	397	-30	-22
"K_5054 Indre Fosen"	"1976"	9635	118	98	20	361	295	66	87
"K_5054 Indre Fosen"	"1977"	9722	114	94	20	410	350	60	79
"K_5054 Indre Fosen"	"1978"	9801	115	119	-4	439	295	144	138
"K_5054 Indre Fosen"	"1979"	9939	119	91	28	418	312	106	131
"K_5054 Indre Fosen"	"1980"	10070	120	111	9	456	302	154	162
"K_5054 Indre Fosen"	"1981"	10232	162	108	54	387	339	48	103
"K_5054 Indre Fosen"	"1982"	10335	116	101	15	437	344	93	108
"K_5054 Indre Fosen"	"1983"	10443	129	115	14	351	349	2	16
"K_5054 Indre Fosen"	"1984"	10459	125	129	-4	350	354	-4	-8
"K_5054 Indre Fosen"	"1985"	10451	124	99	25	335	349	-14	4
"K_5054 Indre Fosen"	"1986"	10455	124	128	-4	320	354	-34	-37
"K_5054 Indre Fosen"	"1987"	10418	116	128	-12	339	437	-98	-115
"K_5054 Indre Fosen"	"1988"	10303	115	115	0	319	385	-66	-68
"K_5054 Indre Fosen"	"1989"	10235	138	141	-3	265	376	-111	-114
"K_5054 Indre Fosen"	"1990"	10121	143	127	16	293	428	-135	-121
"K_5054 Indre Fosen"	"1991"	10000	127	134	-7	281	347	-66	-66
"K_5054 Indre Fosen"	"1992"	9934	120	121	-1	304	318	-14	-17
"K_5054 Indre Fosen"	"1993"	9917	141	142	-1	309	333	-24	-25
"K_5054 Indre Fosen"	"1994"	9892	135	103	32	308	321	-13	21
"K_5054 Indre Fosen"	"1995"	9913	128	114	14	345	342	3	17
"K_5054 Indre Fosen"	"1996"	9930	124	112	12	364	409	-45	-31
"K_5054 Indre Fosen"	"1997"	9899	139	110	29	420	394	26	54
"K_5054 Indre Fosen"	"1998"	9953	134	95	39	375	411	-36	2
"K_5054 Indre Fosen"	"1999"	9955	126	121	5	398	343	55	60
"K_5054 Indre Fosen"	"2000"	10015	140	121	19	374	389	-15	4
"K_5054 Indre Fosen"	"2001"	10019	114	101	13	341	383	-42	-38
"K_5054 Indre Fosen"	"2002"	9981	121	105	16	311	417	-106	-89
"K_5054 Indre Fosen"	"2003"	9892	106	102	4	352	355	-3	3
"K_5054 Indre Fosen"	"2004"	9895	99	84	15	379	351	28	46
"K_5054 Indre Fosen"	"2005"	9941	94	101	-7	320	343	-23	-28
"K_5054 Indre Fosen"	"2006"	9913	101	116	-15	313	367	-54	-63
"K_5054 Indre Fosen"	"2007"	9850	107	99	8	381	389	-8	0
"K_5054 Indre Fosen"	"2008"	9850	108	114	-6	388	327	61	56
"K_5054 Indre Fosen"	"2009"	9906	115	105	10	386	334	52	64
"K_5054 Indre Fosen"	"2010"	9970	104	105	-1	463	368	95	95
"K_5054 Indre Fosen"	"2011"	10065	92	100	-8	407	394	13	5
"K_5054 Indre Fosen"	"2012"	10070	81	101	-20	526	394	132	113
"K_5054 Indre Fosen"	"2013"	10183	110	107	3	434	419	15	18
"K_5054 Indre Fosen"	"2014"	10201	103	115	-12	390	397	-7	-19
"K_5054 Indre Fosen"	"2015"	10182	112	101	11	430	448	-18	-7
"K_5054 Indre Fosen"	"2016"	10175	92	102	-10	368	424	-56	-67
"K_5054 Indre Fosen"	"2017"	10108	95	105	-10	427	432	-5	-19
"K_5054 Indre Fosen"	"2018"	10090	77	104	-27	343	418	-75	-102
"K_5054 Indre Fosen"	"2019"	9988	66	84	-18	424	380	44	28
"K_5054 Indre Fosen"	"2020"	10084	76	98	-22	298	412	-114	-136
"K_5054 Indre Fosen"	"2021"	9948	85	98	-13	388	419	-31	-49
"K_5054 Indre Fosen"	"2022"	9899	84	100	-16	457	366	91	78
"K_5054 Indre Fosen"	"2023"	9977	73	106	-33	461	386	75	46
"K_5054 Indre Fosen"	"2024"	10023	..	..	..	..	..	..	..
"K_5055 Heim"	"1951"	0	0	0	0	0	0	0	0
"K_5055 Heim"	"1952"	0	0	0	0	0	0	0	0
"K_5055 Heim"	"1953"	0	0	0	0	0	0	0	0
"K_5055 Heim"	"1954"	0	0	0	0	0	0	0	0
"K_5055 Heim"	"1955"	0	0	0	0	0	0	0	0
"K_5055 Heim"	"1956"	0	0	0	0	0	0	0	0
"K_5055 Heim"	"1957"	0	0	0	0	0	0	0	0
"K_5055 Heim"	"1958"	0	0	0	0	0	0	0	0
"K_5055 Heim"	"1959"	0	0	0	0	0	0	0	0
"K_5055 Heim"	"1960"	0	0	0	0	0	0	0	0
"K_5055 Heim"	"1961"	0	0	0	0	0	0	0	0
"K_5055 Heim"	"1962"	0	0	0	0	0	0	0	0
"K_5055 Heim"	"1963"	0	0	0	0	0	0	0	0
"K_5055 Heim"	"1964"	0	0	0	0	0	0	0	0
"K_5055 Heim"	"1965"	0	0	0	0	0	0	0	0
"K_5055 Heim"	"1966"	0	0	0	0	0	0	0	0
"K_5055 Heim"	"1967"	0	0	0	0	0	0	0	0
"K_5055 Heim"	"1968"	0	0	0	0	0	0	0	0
"K_5055 Heim"	"1969"	0	0	0	0	0	0	0	0
"K_5055 Heim"	"1970"	0	0	0	0	0	0	0	0
"K_5055 Heim"	"1971"	0	0	0	0	0	0	0	0
"K_5055 Heim"	"1972"	0	0	0	0	0	0	0	0
"K_5055 Heim"	"1973"	0	0	0	0	0	0	0	0
"K_5055 Heim"	"1974"	0	0	0	0	0	0	0	0
"K_5055 Heim"	"1975"	0	0	0	0	0	0	0	0
"K_5055 Heim"	"1976"	0	0	0	0	0	0	0	0
"K_5055 Heim"	"1977"	0	0	0	0	0	0	0	0
"K_5055 Heim"	"1978"	0	0	0	0	0	0	0	0
"K_5055 Heim"	"1979"	0	0	0	0	0	0	0	0
"K_5055 Heim"	"1980"	0	0	0	0	0	0	0	0
"K_5055 Heim"	"1981"	0	0	0	0	0	0	0	0
"K_5055 Heim"	"1982"	0	0	0	0	0	0	0	0
"K_5055 Heim"	"1983"	0	0	0	0	0	0	0	0
"K_5055 Heim"	"1984"	0	0	0	0	0	0	0	0
"K_5055 Heim"	"1985"	0	0	0	0	0	0	0	0
"K_5055 Heim"	"1986"	0	0	0	0	0	0	0	0
"K_5055 Heim"	"1987"	0	0	0	0	0	0	0	0
"K_5055 Heim"	"1988"	0	0	0	0	0	0	0	0
"K_5055 Heim"	"1989"	0	0	0	0	0	0	0	0
"K_5055 Heim"	"1990"	0	0	0	0	0	0	0	0
"K_5055 Heim"	"1991"	0	0	0	0	0	0	0	0
"K_5055 Heim"	"1992"	0	0	0	0	0	0	0	0
"K_5055 Heim"	"1993"	0	0	0	0	0	0	0	0
"K_5055 Heim"	"1994"	0	0	0	0	0	0	0	0
"K_5055 Heim"	"1995"	0	0	0	0	0	0	0	0
"K_5055 Heim"	"1996"	0	0	0	0	0	0	0	0
"K_5055 Heim"	"1997"	0	0	0	0	0	0	0	0
"K_5055 Heim"	"1998"	0	0	0	0	0	0	0	0
"K_5055 Heim"	"1999"	0	0	0	0	0	0	0	0
"K_5055 Heim"	"2000"	0	0	0	0	0	0	0	0
"K_5055 Heim"	"2001"	0	0	0	0	0	0	0	0
"K_5055 Heim"	"2002"	0	0	0	0	0	0	0	0
"K_5055 Heim"	"2003"	0	0	0	0	0	0	0	0
"K_5055 Heim"	"2004"	0	0	0	0	0	0	0	0
"K_5055 Heim"	"2005"	0	0	0	0	0	0	0	0
"K_5055 Heim"	"2006"	0	0	0	0	0	0	0	0
"K_5055 Heim"	"2007"	0	0	0	0	0	0	0	0
"K_5055 Heim"	"2008"	0	0	0	0	0	0	0	0
"K_5055 Heim"	"2009"	0	0	0	0	0	0	0	0
"K_5055 Heim"	"2010"	0	0	0	0	0	0	0	0
"K_5055 Heim"	"2011"	0	0	0	0	0	0	0	0
"K_5055 Heim"	"2012"	0	0	0	0	0	0	0	0
"K_5055 Heim"	"2013"	0	0	0	0	0	0	0	0
"K_5055 Heim"	"2014"	0	0	0	0	0	0	0	0
"K_5055 Heim"	"2015"	0	0	0	0	0	0	0	0
"K_5055 Heim"	"2016"	0	0	0	0	0	0	0	0
"K_5055 Heim"	"2017"	0	0	0	0	0	0	0	0
"K_5055 Heim"	"2018"	0	0	0	0	0	0	0	0
"K_5055 Heim"	"2019"	0	0	0	0	0	0	0	0
"K_5055 Heim"	"2020"	5963	45	51	-6	164	178	-14	-22
"K_5055 Heim"	"2021"	5941	49	56	-7	194	246	-52	-57
"K_5055 Heim"	"2022"	5884	48	79	-31	266	237	29	-4
"K_5055 Heim"	"2023"	5880	41	68	-27	464	224	240	213
"K_5055 Heim"	"2024"	6093	..	..	..	..	..	..	..
"K_5056 Hitra"	"1951"	0	0	0	0	0	0	0	0
"K_5056 Hitra"	"1952"	0	0	0	0	0	0	0	0
"K_5056 Hitra"	"1953"	0	0	0	0	0	0	0	0
"K_5056 Hitra"	"1954"	0	0	0	0	0	0	0	0
"K_5056 Hitra"	"1955"	0	0	0	0	0	0	0	0
"K_5056 Hitra"	"1956"	0	0	0	0	0	0	0	0
"K_5056 Hitra"	"1957"	0	0	0	0	0	0	0	0
"K_5056 Hitra"	"1958"	0	0	0	0	0	0	0	0
"K_5056 Hitra"	"1959"	0	0	0	0	0	0	0	0
"K_5056 Hitra"	"1960"	0	0	0	0	0	0	0	0
"K_5056 Hitra"	"1961"	0	0	0	0	0	0	0	0
"K_5056 Hitra"	"1962"	0	0	0	0	0	0	0	0
"K_5056 Hitra"	"1963"	0	0	0	0	0	0	0	0
"K_5056 Hitra"	"1964"	0	0	0	0	0	0	0	0
"K_5056 Hitra"	"1965"	0	0	0	0	0	0	0	0
"K_5056 Hitra"	"1966"	0	0	0	0	0	0	0	0
"K_5056 Hitra"	"1967"	0	0	0	0	0	0	0	0
"K_5056 Hitra"	"1968"	0	0	0	0	0	0	0	0
"K_5056 Hitra"	"1969"	0	0	0	0	0	0	0	0
"K_5056 Hitra"	"1970"	0	0	0	0	0	0	0	0
"K_5056 Hitra"	"1971"	0	0	0	0	0	0	0	0
"K_5056 Hitra"	"1972"	0	0	0	0	0	0	0	0
"K_5056 Hitra"	"1973"	0	0	0	0	0	0	0	0
"K_5056 Hitra"	"1974"	0	0	0	0	0	0	0	0
"K_5056 Hitra"	"1975"	0	0	0	0	0	0	0	0
"K_5056 Hitra"	"1976"	0	0	0	0	0	0	0	0
"K_5056 Hitra"	"1977"	0	0	0	0	0	0	0	0
"K_5056 Hitra"	"1978"	0	0	0	0	0	0	0	0
"K_5056 Hitra"	"1979"	0	0	0	0	0	0	0	0
"K_5056 Hitra"	"1980"	0	0	0	0	0	0	0	0
"K_5056 Hitra"	"1981"	0	0	0	0	0	0	0	0
"K_5056 Hitra"	"1982"	0	0	0	0	0	0	0	0
"K_5056 Hitra"	"1983"	0	0	0	0	0	0	0	0
"K_5056 Hitra"	"1984"	0	0	0	0	0	0	0	0
"K_5056 Hitra"	"1985"	0	0	0	0	0	0	0	0
"K_5056 Hitra"	"1986"	0	0	0	0	0	0	0	0
"K_5056 Hitra"	"1987"	0	0	0	0	0	0	0	0
"K_5056 Hitra"	"1988"	0	0	0	0	0	0	0	0
"K_5056 Hitra"	"1989"	0	0	0	0	0	0	0	0
"K_5056 Hitra"	"1990"	0	0	0	0	0	0	0	0
"K_5056 Hitra"	"1991"	0	0	0	0	0	0	0	0
"K_5056 Hitra"	"1992"	0	0	0	0	0	0	0	0
"K_5056 Hitra"	"1993"	0	0	0	0	0	0	0	0
"K_5056 Hitra"	"1994"	0	0	0	0	0	0	0	0
"K_5056 Hitra"	"1995"	0	0	0	0	0	0	0	0
"K_5056 Hitra"	"1996"	0	0	0	0	0	0	0	0
"K_5056 Hitra"	"1997"	0	0	0	0	0	0	0	0
"K_5056 Hitra"	"1998"	0	0	0	0	0	0	0	0
"K_5056 Hitra"	"1999"	0	0	0	0	0	0	0	0
"K_5056 Hitra"	"2000"	0	0	0	0	0	0	0	0
"K_5056 Hitra"	"2001"	0	0	0	0	0	0	0	0
"K_5056 Hitra"	"2002"	0	0	0	0	0	0	0	0
"K_5056 Hitra"	"2003"	0	0	0	0	0	0	0	0
"K_5056 Hitra"	"2004"	0	0	0	0	0	0	0	0
"K_5056 Hitra"	"2005"	0	0	0	0	0	0	0	0
"K_5056 Hitra"	"2006"	0	0	0	0	0	0	0	0
"K_5056 Hitra"	"2007"	0	0	0	0	0	0	0	0
"K_5056 Hitra"	"2008"	0	0	0	0	0	0	0	0
"K_5056 Hitra"	"2009"	0	0	0	0	0	0	0	0
"K_5056 Hitra"	"2010"	0	0	0	0	0	0	0	0
"K_5056 Hitra"	"2011"	0	0	0	0	0	0	0	0
"K_5056 Hitra"	"2012"	0	0	0	0	0	0	0	0
"K_5056 Hitra"	"2013"	0	0	0	0	0	0	0	0
"K_5056 Hitra"	"2014"	0	0	0	0	0	0	0	0
"K_5056 Hitra"	"2015"	0	0	0	0	0	0	0	0
"K_5056 Hitra"	"2016"	0	0	0	0	0	0	0	0
"K_5056 Hitra"	"2017"	0	0	0	0	0	0	0	0
"K_5056 Hitra"	"2018"	0	0	0	0	0	0	0	0
"K_5056 Hitra"	"2019"	0	0	0	0	0	0	0	0
"K_5056 Hitra"	"2020"	5050	51	54	-3	324	233	91	90
"K_5056 Hitra"	"2021"	5140	71	50	21	344	348	-4	16
"K_5056 Hitra"	"2022"	5156	57	64	-7	427	299	128	125
"K_5056 Hitra"	"2023"	5281	65	45	20	343	320	23	42
"K_5056 Hitra"	"2024"	5323	..	..	..	..	..	..	..
"K_5057 Ørland"	"1951"	5250	122	48	74	180	208	-28	46
"K_5057 Ørland"	"1952"	5296	124	44	80	147	204	-57	23
"K_5057 Ørland"	"1953"	5319	106	48	58	145	225	-80	-22
"K_5057 Ørland"	"1954"	5297	124	52	72	281	147	134	206
"K_5057 Ørland"	"1955"	5503	129	39	90	276	196	80	204
"K_5057 Ørland"	"1956"	5707	131	56	75	283	219	64	139
"K_5057 Ørland"	"1957"	5846	130	40	90	311	297	14	104
"K_5057 Ørland"	"1958"	5950	136	54	82	301	335	-34	48
"K_5057 Ørland"	"1959"	5998	133	47	86	338	270	68	154
"K_5057 Ørland"	"1960"	6152	137	48	89	407	397	10	85
"K_5057 Ørland"	"1961"	6237	142	55	87	297	310	-13	74
"K_5057 Ørland"	"1962"	6311	128	56	72	330	402	-72	0
"K_5057 Ørland"	"1963"	6311	165	66	99	388	345	43	142
"K_5057 Ørland"	"1964"	10153	216	88	128	451	478	-27	101
"K_5057 Ørland"	"1965"	10254	205	103	102	416	632	-216	-114
"K_5057 Ørland"	"1966"	10140	216	95	121	530	638	-108	-18
"K_5057 Ørland"	"1967"	10122	208	115	93	574	634	-60	33
"K_5057 Ørland"	"1968"	10155	194	99	95	490	525	-35	30
"K_5057 Ørland"	"1969"	10185	186	99	87	554	679	-125	-44
"K_5057 Ørland"	"1970"	10141	153	69	84	543	704	-161	-71
"K_5057 Ørland"	"1971"	10070	166	92	74	475	581	-106	-35
"K_5057 Ørland"	"1972"	10035	160	93	67	562	674	-112	-104
"K_5057 Ørland"	"1973"	9931	127	107	20	481	584	-103	-90
"K_5057 Ørland"	"1974"	9841	136	102	34	518	663	-145	-112
"K_5057 Ørland"	"1975"	9729	118	98	20	499	561	-62	-39
"K_5057 Ørland"	"1976"	9690	124	107	17	441	540	-99	-80
"K_5057 Ørland"	"1977"	9610	138	108	30	605	686	-81	-50
"K_5057 Ørland"	"1978"	9560	110	100	10	541	488	53	66
"K_5057 Ørland"	"1979"	9626	133	108	25	499	482	17	42
"K_5057 Ørland"	"1980"	9668	119	109	10	563	551	12	19
"K_5057 Ørland"	"1981"	9687	121	102	19	518	493	25	46
"K_5057 Ørland"	"1982"	9733	113	91	22	515	481	34	57
"K_5057 Ørland"	"1983"	9790	112	96	16	483	443	40	56
"K_5057 Ørland"	"1984"	9846	133	112	21	430	457	-27	-6
"K_5057 Ørland"	"1985"	9840	121	96	25	440	536	-96	-61
"K_5057 Ørland"	"1986"	9779	119	98	21	486	510	-24	-4
"K_5057 Ørland"	"1987"	9775	136	119	17	485	562	-77	-53
"K_5057 Ørland"	"1988"	9722	132	102	30	524	492	32	59
"K_5057 Ørland"	"1989"	9781	131	116	15	507	489	18	25
"K_5057 Ørland"	"1990"	9806	138	122	16	518	466	52	71
"K_5057 Ørland"	"1991"	9877	139	119	20	485	450	35	48
"K_5057 Ørland"	"1992"	9925	131	110	21	410	439	-29	1
"K_5057 Ørland"	"1993"	9926	164	99	65	471	482	-11	57
"K_5057 Ørland"	"1994"	9983	139	117	22	438	517	-79	-57
"K_5057 Ørland"	"1995"	9926	127	121	6	479	547	-68	-61
"K_5057 Ørland"	"1996"	9865	142	93	49	493	526	-33	14
"K_5057 Ørland"	"1997"	9879	137	103	34	415	546	-131	-96
"K_5057 Ørland"	"1998"	9783	112	113	-1	485	527	-42	-48
"K_5057 Ørland"	"1999"	9735	119	110	9	442	454	-12	-2
"K_5057 Ørland"	"2000"	9733	105	128	-23	536	531	5	-19
"K_5057 Ørland"	"2001"	9714	113	106	7	520	483	37	48
"K_5057 Ørland"	"2002"	9762	99	100	-1	490	477	13	12
"K_5057 Ørland"	"2003"	9774	110	97	13	544	444	100	112
"K_5057 Ørland"	"2004"	9886	96	108	-12	418	469	-51	-65
"K_5057 Ørland"	"2005"	9821	100	99	1	403	471	-68	-74
"K_5057 Ørland"	"2006"	9747	101	77	24	398	525	-127	-95
"K_5057 Ørland"	"2007"	9652	114	111	3	502	524	-22	-23
"K_5057 Ørland"	"2008"	9629	110	105	5	427	477	-50	-56
"K_5057 Ørland"	"2009"	9573	97	90	7	495	403	92	96
"K_5057 Ørland"	"2010"	9669	101	117	-16	485	433	52	34
"K_5057 Ørland"	"2011"	9703	111	101	10	449	462	-13	0
"K_5057 Ørland"	"2012"	9703	105	85	20	546	451	95	117
"K_5057 Ørland"	"2013"	9820	104	100	4	484	432	52	55
"K_5057 Ørland"	"2014"	9875	93	117	-24	552	503	49	23
"K_5057 Ørland"	"2015"	9898	127	100	27	585	524	61	90
"K_5057 Ørland"	"2016"	9988	101	104	-3	620	490	130	125
"K_5057 Ørland"	"2017"	10113	96	87	9	629	537	92	102
"K_5057 Ørland"	"2018"	10215	96	99	-3	571	544	27	23
"K_5057 Ørland"	"2019"	10238	112	89	23	526	467	59	85
"K_5057 Ørland"	"2020"	10323	96	78	18	402	435	-33	-17
"K_5057 Ørland"	"2021"	10306	97	98	-1	466	402	64	65
"K_5057 Ørland"	"2022"	10371	112	102	10	497	406	91	101
"K_5057 Ørland"	"2023"	10472	100	110	-10	476	415	61	50
"K_5057 Ørland"	"2024"	10522	..	..	..	..	..	..	..
"K_5058 Åfjord"	"1951"	6007	111	67	44	116	169	-53	-9
"K_5058 Åfjord"	"1952"	5998	132	58	74	111	173	-62	12
"K_5058 Åfjord"	"1953"	6010	125	54	71	99	130	-31	40
"K_5058 Åfjord"	"1954"	6050	118	60	58	104	157	-53	5
"K_5058 Åfjord"	"1955"	6055	126	62	64	107	195	-88	-30
"K_5058 Åfjord"	"1956"	6025	96	45	51	155	244	-89	-38
"K_5058 Åfjord"	"1957"	5987	113	62	51	148	215	-67	-16
"K_5058 Åfjord"	"1958"	5971	107	59	48	146	198	-52	-4
"K_5058 Åfjord"	"1959"	5967	98	60	38	96	174	-78	-40
"K_5058 Åfjord"	"1960"	5927	76	51	25	175	228	-53	-33
"K_5058 Åfjord"	"1961"	5894	92	52	40	115	156	-41	-1
"K_5058 Åfjord"	"1962"	5893	99	62	37	160	211	-51	-14
"K_5058 Åfjord"	"1963"	5879	98	57	41	137	191	-54	-13
"K_5058 Åfjord"	"1964"	5866	82	54	28	96	201	-105	-77
"K_5058 Åfjord"	"1965"	5789	100	75	25	141	217	-76	-51
"K_5058 Åfjord"	"1966"	5738	93	64	29	198	214	-16	2
"K_5058 Åfjord"	"1967"	5740	98	64	34	168	233	-65	-31
"K_5058 Åfjord"	"1968"	5709	101	66	35	165	237	-72	-37
"K_5058 Åfjord"	"1969"	5672	102	83	19	146	245	-99	-82
"K_5058 Åfjord"	"1970"	5590	79	88	-9	243	322	-79	-92
"K_5058 Åfjord"	"1971"	5498	83	78	5	140	244	-104	-98
"K_5058 Åfjord"	"1972"	5400	75	64	11	157	246	-89	-82
"K_5058 Åfjord"	"1973"	5318	78	66	12	182	214	-32	-22
"K_5058 Åfjord"	"1974"	5296	73	65	8	162	197	-35	-27
"K_5058 Åfjord"	"1975"	5269	77	62	15	159	213	-54	-41
"K_5058 Åfjord"	"1976"	5228	53	68	-15	172	170	2	-13
"K_5058 Åfjord"	"1977"	5215	60	67	-7	139	154	-15	-22
"K_5058 Åfjord"	"1978"	5193	49	64	-15	227	247	-20	-35
"K_5058 Åfjord"	"1979"	5158	57	63	-6	193	188	5	-2
"K_5058 Åfjord"	"1980"	5156	50	65	-15	177	176	1	-14
"K_5058 Åfjord"	"1981"	5142	55	69	-14	193	181	12	0
"K_5058 Åfjord"	"1982"	5142	55	65	-10	196	198	-2	-14
"K_5058 Åfjord"	"1983"	5128	53	80	-27	183	165	18	-10
"K_5058 Åfjord"	"1984"	5118	51	80	-29	132	178	-46	-76
"K_5058 Åfjord"	"1985"	5042	61	68	-7	158	218	-60	-69
"K_5058 Åfjord"	"1986"	4973	62	76	-14	144	187	-43	-59
"K_5058 Åfjord"	"1987"	4914	51	65	-14	148	175	-27	-44
"K_5058 Åfjord"	"1988"	4870	54	67	-13	164	164	0	-16
"K_5058 Åfjord"	"1989"	4854	65	78	-13	142	160	-18	-30
"K_5058 Åfjord"	"1990"	4824	63	67	-4	112	170	-58	-61
"K_5058 Åfjord"	"1991"	4763	65	65	0	132	149	-17	-14
"K_5058 Åfjord"	"1992"	4749	52	69	-17	118	113	5	-16
"K_5058 Åfjord"	"1993"	4733	61	68	-7	141	143	-2	-9
"K_5058 Åfjord"	"1994"	4724	56	64	-8	112	137	-25	-34
"K_5058 Åfjord"	"1995"	4690	65	58	7	121	147	-26	-19
"K_5058 Åfjord"	"1996"	4671	65	59	6	120	132	-12	-6
"K_5058 Åfjord"	"1997"	4665	47	58	-11	146	186	-40	-52
"K_5058 Åfjord"	"1998"	4613	51	59	-8	134	182	-48	-54
"K_5058 Åfjord"	"1999"	4559	53	58	-5	131	161	-30	-35
"K_5058 Åfjord"	"2000"	4524	53	51	2	179	177	2	4
"K_5058 Åfjord"	"2001"	4528	40	56	-16	150	188	-38	-55
"K_5058 Åfjord"	"2002"	4473	39	65	-26	147	169	-22	-48
"K_5058 Åfjord"	"2003"	4425	39	48	-9	130	154	-24	-30
"K_5058 Åfjord"	"2004"	4395	44	52	-8	133	109	24	16
"K_5058 Åfjord"	"2005"	4411	31	46	-15	94	111	-17	-30
"K_5058 Åfjord"	"2006"	4381	37	60	-23	96	167	-71	-93
"K_5058 Åfjord"	"2007"	4288	30	59	-29	122	139	-17	-49
"K_5058 Åfjord"	"2008"	4239	25	52	-27	150	115	35	8
"K_5058 Åfjord"	"2009"	4247	29	49	-20	165	173	-8	-28
"K_5058 Åfjord"	"2010"	4219	17	60	-43	173	126	47	4
"K_5058 Åfjord"	"2011"	4223	28	57	-29	146	95	51	21
"K_5058 Åfjord"	"2012"	4244	29	49	-20	165	156	9	-11
"K_5058 Åfjord"	"2013"	4233	36	48	-12	204	197	7	-5
"K_5058 Åfjord"	"2014"	4228	39	51	-12	158	149	9	-3
"K_5058 Åfjord"	"2015"	4225	46	66	-20	177	149	28	8
"K_5058 Åfjord"	"2016"	4233	41	62	-21	158	148	10	-11
"K_5058 Åfjord"	"2017"	4222	32	59	-27	180	145	35	8
"K_5058 Åfjord"	"2018"	4230	54	43	11	206	150	56	67
"K_5058 Åfjord"	"2019"	4297	57	36	21	120	151	-31	-9
"K_5058 Åfjord"	"2020"	4288	36	55	-19	175	173	2	-17
"K_5058 Åfjord"	"2021"	4271	43	57	-14	176	181	-5	-19
"K_5058 Åfjord"	"2022"	4252	44	64	-20	195	176	19	0
"K_5058 Åfjord"	"2023"	4252	46	62	-16	248	144	104	87
"K_5058 Åfjord"	"2024"	4339	..	..	..	..	..	..	..
"K_5059 Orkland"	"1951"	0	0	0	0	0	0	0	0
"K_5059 Orkland"	"1952"	0	0	0	0	0	0	0	0
"K_5059 Orkland"	"1953"	0	0	0	0	0	0	0	0
"K_5059 Orkland"	"1954"	0	0	0	0	0	0	0	0
"K_5059 Orkland"	"1955"	0	0	0	0	0	0	0	0
"K_5059 Orkland"	"1956"	0	0	0	0	0	0	0	0
"K_5059 Orkland"	"1957"	0	0	0	0	0	0	0	0
"K_5059 Orkland"	"1958"	0	0	0	0	0	0	0	0
"K_5059 Orkland"	"1959"	0	0	0	0	0	0	0	0
"K_5059 Orkland"	"1960"	0	0	0	0	0	0	0	0
"K_5059 Orkland"	"1961"	0	0	0	0	0	0	0	0
"K_5059 Orkland"	"1962"	0	0	0	0	0	0	0	0
"K_5059 Orkland"	"1963"	0	0	0	0	0	0	0	0
"K_5059 Orkland"	"1964"	0	0	0	0	0	0	0	0
"K_5059 Orkland"	"1965"	0	0	0	0	0	0	0	0
"K_5059 Orkland"	"1966"	0	0	0	0	0	0	0	0
"K_5059 Orkland"	"1967"	0	0	0	0	0	0	0	0
"K_5059 Orkland"	"1968"	0	0	0	0	0	0	0	0
"K_5059 Orkland"	"1969"	0	0	0	0	0	0	0	0
"K_5059 Orkland"	"1970"	0	0	0	0	0	0	0	0
"K_5059 Orkland"	"1971"	0	0	0	0	0	0	0	0
"K_5059 Orkland"	"1972"	0	0	0	0	0	0	0	0
"K_5059 Orkland"	"1973"	0	0	0	0	0	0	0	0
"K_5059 Orkland"	"1974"	0	0	0	0	0	0	0	0
"K_5059 Orkland"	"1975"	0	0	0	0	0	0	0	0
"K_5059 Orkland"	"1976"	0	0	0	0	0	0	0	0
"K_5059 Orkland"	"1977"	0	0	0	0	0	0	0	0
"K_5059 Orkland"	"1978"	0	0	0	0	0	0	0	0
"K_5059 Orkland"	"1979"	0	0	0	0	0	0	0	0
"K_5059 Orkland"	"1980"	0	0	0	0	0	0	0	0
"K_5059 Orkland"	"1981"	0	0	0	0	0	0	0	0
"K_5059 Orkland"	"1982"	0	0	0	0	0	0	0	0
"K_5059 Orkland"	"1983"	0	0	0	0	0	0	0	0
"K_5059 Orkland"	"1984"	0	0	0	0	0	0	0	0
"K_5059 Orkland"	"1985"	0	0	0	0	0	0	0	0
"K_5059 Orkland"	"1986"	0	0	0	0	0	0	0	0
"K_5059 Orkland"	"1987"	0	0	0	0	0	0	0	0
"K_5059 Orkland"	"1988"	0	0	0	0	0	0	0	0
"K_5059 Orkland"	"1989"	0	0	0	0	0	0	0	0
"K_5059 Orkland"	"1990"	0	0	0	0	0	0	0	0
"K_5059 Orkland"	"1991"	0	0	0	0	0	0	0	0
"K_5059 Orkland"	"1992"	0	0	0	0	0	0	0	0
"K_5059 Orkland"	"1993"	0	0	0	0	0	0	0	0
"K_5059 Orkland"	"1994"	0	0	0	0	0	0	0	0
"K_5059 Orkland"	"1995"	0	0	0	0	0	0	0	0
"K_5059 Orkland"	"1996"	0	0	0	0	0	0	0	0
"K_5059 Orkland"	"1997"	0	0	0	0	0	0	0	0
"K_5059 Orkland"	"1998"	0	0	0	0	0	0	0	0
"K_5059 Orkland"	"1999"	0	0	0	0	0	0	0	0
"K_5059 Orkland"	"2000"	0	0	0	0	0	0	0	0
"K_5059 Orkland"	"2001"	0	0	0	0	0	0	0	0
"K_5059 Orkland"	"2002"	0	0	0	0	0	0	0	0
"K_5059 Orkland"	"2003"	0	0	0	0	0	0	0	0
"K_5059 Orkland"	"2004"	0	0	0	0	0	0	0	0
"K_5059 Orkland"	"2005"	0	0	0	0	0	0	0	0
"K_5059 Orkland"	"2006"	0	0	0	0	0	0	0	0
"K_5059 Orkland"	"2007"	0	0	0	0	0	0	0	0
"K_5059 Orkland"	"2008"	0	0	0	0	0	0	0	0
"K_5059 Orkland"	"2009"	0	0	0	0	0	0	0	0
"K_5059 Orkland"	"2010"	0	0	0	0	0	0	0	0
"K_5059 Orkland"	"2011"	0	0	0	0	0	0	0	0
"K_5059 Orkland"	"2012"	0	0	0	0	0	0	0	0
"K_5059 Orkland"	"2013"	0	0	0	0	0	0	0	0
"K_5059 Orkland"	"2014"	0	0	0	0	0	0	0	0
"K_5059 Orkland"	"2015"	0	0	0	0	0	0	0	0
"K_5059 Orkland"	"2016"	0	0	0	0	0	0	0	0
"K_5059 Orkland"	"2017"	0	0	0	0	0	0	0	0
"K_5059 Orkland"	"2018"	0	0	0	0	0	0	0	0
"K_5059 Orkland"	"2019"	0	0	0	0	0	0	0	0
"K_5059 Orkland"	"2020"	18217	148	159	-11	731	631	100	83
"K_5059 Orkland"	"2021"	18300	171	172	-1	859	657	202	202
"K_5059 Orkland"	"2022"	18502	170	218	-48	887	655	232	188
"K_5059 Orkland"	"2023"	18690	167	174	-7	779	669	110	103
"K_5059 Orkland"	"2024"	18793	..	..	..	..	..	..	..
"K_5060 Nærøysund"	"1951"	10690	210	98	112	264	389	-125	-13
"K_5060 Nærøysund"	"1952"	10677	215	94	121	233	348	-115	6
"K_5060 Nærøysund"	"1953"	10683	207	93	114	273	432	-159	-45
"K_5060 Nærøysund"	"1954"	10638	218	95	123	268	408	-140	-17
"K_5060 Nærøysund"	"1955"	10621	192	102	90	260	409	-149	80
"K_5060 Nærøysund"	"1956"	10701	194	87	107	260	405	-145	-38
"K_5060 Nærøysund"	"1957"	10663	207	98	109	300	413	-113	-4
"K_5060 Nærøysund"	"1958"	10659	186	99	87	281	337	-56	31
"K_5060 Nærøysund"	"1959"	10690	193	96	97	314	387	-73	24
"K_5060 Nærøysund"	"1960"	10714	185	100	85	377	533	-156	-140
"K_5060 Nærøysund"	"1961"	10574	181	97	84	244	434	-190	-106
"K_5060 Nærøysund"	"1962"	10468	187	111	76	263	444	-181	-105
"K_5060 Nærøysund"	"1963"	10363	195	109	86	294	456	-162	-76
"K_5060 Nærøysund"	"1964"	10066	207	108	99	274	340	-66	33
"K_5060 Nærøysund"	"1965"	10099	183	110	73	281	447	-166	-93
"K_5060 Nærøysund"	"1966"	10006	183	113	70	360	439	-79	-12
"K_5060 Nærøysund"	"1967"	9994	191	100	91	300	404	-104	-13
"K_5060 Nærøysund"	"1968"	9981	183	117	66	305	379	-74	-7
"K_5060 Nærøysund"	"1969"	9974	182	114	68	315	452	-137	-79
"K_5060 Nærøysund"	"1970"	9895	156	112	44	331	604	-273	-239
"K_5060 Nærøysund"	"1971"	9656	168	126	42	334	397	-63	-13
"K_5060 Nærøysund"	"1972"	9643	154	125	29	356	376	-20	3
"K_5060 Nærøysund"	"1973"	9646	146	129	17	316	337	-21	-2
"K_5060 Nærøysund"	"1974"	9644	144	112	32	349	373	-24	-1
"K_5060 Nærøysund"	"1975"	9643	110	109	1	276	349	-73	-69
"K_5060 Nærøysund"	"1976"	9574	121	120	1	338	329	9	9
"K_5060 Nærøysund"	"1977"	9583	118	122	-4	342	323	19	14
"K_5060 Nærøysund"	"1978"	9597	136	113	23	323	375	-52	-29
"K_5060 Nærøysund"	"1979"	9568	116	106	10	288	285	3	12
"K_5060 Nærøysund"	"1980"	9580	123	100	23	365	342	23	46
"K_5060 Nærøysund"	"1981"	9626	122	103	19	299	369	-70	-50
"K_5060 Nærøysund"	"1982"	9576	126	119	7	378	326	52	59
"K_5060 Nærøysund"	"1983"	9635	133	109	24	332	317	15	40
"K_5060 Nærøysund"	"1984"	9675	126	110	16	322	322	0	14
"K_5060 Nærøysund"	"1985"	9689	120	107	13	266	384	-118	-105
"K_5060 Nærøysund"	"1986"	9584	138	127	11	271	382	-111	-102
"K_5060 Nærøysund"	"1987"	9482	126	109	17	250	354	-104	-85
"K_5060 Nærøysund"	"1988"	9397	136	118	18	345	385	-40	-25
"K_5060 Nærøysund"	"1989"	9372	122	118	4	322	369	-47	-44
"K_5060 Nærøysund"	"1990"	9328	137	115	22	335	379	-44	-23
"K_5060 Nærøysund"	"1991"	9305	143	123	20	310	348	-38	-18
"K_5060 Nærøysund"	"1992"	9287	120	130	-10	309	360	-51	-58
"K_5060 Nærøysund"	"1993"	9229	117	126	-9	301	283	18	9
"K_5060 Nærøysund"	"1994"	9238	131	110	21	329	348	-19	-3
"K_5060 Nærøysund"	"1995"	9235	144	124	20	371	400	-29	-4
"K_5060 Nærøysund"	"1996"	9231	148	113	35	386	440	-54	-17
"K_5060 Nærøysund"	"1997"	9214	132	132	0	368	395	-27	-27
"K_5060 Nærøysund"	"1998"	9187	139	105	34	454	443	11	40
"K_5060 Nærøysund"	"1999"	9227	141	98	43	308	358	-50	-7
"K_5060 Nærøysund"	"2000"	9220	120	112	8	368	353	15	23
"K_5060 Nærøysund"	"2001"	9243	122	103	19	407	425	-18	4
"K_5060 Nærøysund"	"2002"	9247	129	111	18	388	428	-40	-20
"K_5060 Nærøysund"	"2003"	9227	119	102	17	367	352	15	34
"K_5060 Nærøysund"	"2004"	9261	96	98	-2	335	349	-14	-15
"K_5060 Nærøysund"	"2005"	9246	87	96	-9	323	396	-73	-81
"K_5060 Nærøysund"	"2006"	9165	94	91	3	374	449	-75	-73
"K_5060 Nærøysund"	"2007"	9092	96	101	-5	387	429	-42	-43
"K_5060 Nærøysund"	"2008"	9049	102	103	-1	408	370	38	39
"K_5060 Nærøysund"	"2009"	9088	90	91	-1	400	375	25	24
"K_5060 Nærøysund"	"2010"	9112	97	100	-3	427	404	23	22
"K_5060 Nærøysund"	"2011"	9134	113	72	41	542	407	135	176
"K_5060 Nærøysund"	"2012"	9310	113	87	26	492	431	61	87
"K_5060 Nærøysund"	"2013"	9397	99	108	-9	445	448	-3	-12
"K_5060 Nærøysund"	"2014"	9385	122	101	21	453	419	34	59
"K_5060 Nærøysund"	"2015"	9444	95	82	13	471	416	55	69
"K_5060 Nærøysund"	"2016"	9513	118	94	24	502	483	19	43
"K_5060 Nærøysund"	"2017"	9556	95	103	-8	579	522	57	53
"K_5060 Nærøysund"	"2018"	9609	96	86	10	498	468	30	41
"K_5060 Nærøysund"	"2019"	9650	111	82	29	460	464	-4	25
"K_5060 Nærøysund"	"2020"	9623	93	90	3	301	342	-41	-42
"K_5060 Nærøysund"	"2021"	9581	128	98	30	456	341	115	151
"K_5060 Nærøysund"	"2022"	9732	105	98	7	469	319	150	158
"K_5060 Nærøysund"	"2023"	9890	114	102	12	428	361	67	78
"K_5060 Nærøysund"	"2024"	9968	..	..	..	..	..	..	..
"K_5061 Rindal"	"1951"	2541	44	25	19	83	85	-2	17
"K_5061 Rindal"	"1952"	2558	47	20	27	52	75	-23	4
"K_5061 Rindal"	"1953"	2562	35	22	13	38	64	-26	-13
"K_5061 Rindal"	"1954"	2549	36	25	11	54	89	-35	-24
"K_5061 Rindal"	"1955"	2525	30	12	18	47	78	-31	-17
"K_5061 Rindal"	"1956"	2508	31	25	6	67	113	-46	-40
"K_5061 Rindal"	"1957"	2468	36	19	17	42	93	-51	-34
"K_5061 Rindal"	"1958"	2434	43	22	21	63	90	-27	-6
"K_5061 Rindal"	"1959"	2428	30	24	6	63	95	-32	-26
"K_5061 Rindal"	"1960"	2402	37	20	17	80	74	6	18
"K_5061 Rindal"	"1961"	2420	41	20	21	41	72	-31	-10
"K_5061 Rindal"	"1962"	2410	35	33	2	67	89	-22	-20
"K_5061 Rindal"	"1963"	2390	34	24	10	54	76	-22	-12
"K_5061 Rindal"	"1964"	2378	41	24	17	49	59	-10	7
"K_5061 Rindal"	"1965"	2385	35	33	2	107	80	27	29
"K_5061 Rindal"	"1966"	2414	40	39	1	136	88	48	52
"K_5061 Rindal"	"1967"	2466	42	29	13	100	85	15	28
"K_5061 Rindal"	"1968"	2494	39	24	15	72	128	-56	-38
"K_5061 Rindal"	"1969"	2456	38	28	10	74	119	-45	-36
"K_5061 Rindal"	"1970"	2420	39	25	14	93	159	-66	-57
"K_5061 Rindal"	"1971"	2363	29	27	2	76	114	-38	-38
"K_5061 Rindal"	"1972"	2325	34	25	9	52	74	-22	-13
"K_5061 Rindal"	"1973"	2312	33	38	-5	81	88	-7	-12
"K_5061 Rindal"	"1974"	2300	30	22	8	59	76	-17	-8
"K_5061 Rindal"	"1975"	2292	30	26	4	91	62	29	32
"K_5061 Rindal"	"1976"	2324	24	18	6	60	51	9	15
"K_5061 Rindal"	"1977"	2339	27	24	3	71	53	18	21
"K_5061 Rindal"	"1978"	2360	25	36	-11	74	58	16	5
"K_5061 Rindal"	"1979"	2365	23	33	-10	49	68	-19	-29
"K_5061 Rindal"	"1980"	2336	21	27	-6	56	54	2	-4
"K_5061 Rindal"	"1981"	2332	20	27	-7	54	45	9	2
"K_5061 Rindal"	"1982"	2334	23	26	-3	73	52	21	16
"K_5061 Rindal"	"1983"	2350	27	30	-3	53	54	-1	-4
"K_5061 Rindal"	"1984"	2346	18	34	-16	55	52	3	-13
"K_5061 Rindal"	"1985"	2333	30	32	-2	58	55	3	5
"K_5061 Rindal"	"1986"	2338	21	32	-11	63	72	-9	-21
"K_5061 Rindal"	"1987"	2317	30	24	6	70	75	-5	2
"K_5061 Rindal"	"1988"	2319	19	26	-7	40	56	-16	-22
"K_5061 Rindal"	"1989"	2297	23	35	-12	53	72	-19	-34
"K_5061 Rindal"	"1990"	2263	22	40	-18	47	50	-3	-21
"K_5061 Rindal"	"1991"	2242	28	39	-11	51	70	-19	-29
"K_5061 Rindal"	"1992"	2213	21	27	-6	46	35	11	4
"K_5061 Rindal"	"1993"	2217	32	36	-4	48	50	-2	-2
"K_5061 Rindal"	"1994"	2215	19	26	-7	19	48	-29	-36
"K_5061 Rindal"	"1995"	2179	35	40	-5	70	50	20	15
"K_5061 Rindal"	"1996"	2194	33	34	-1	62	79	-17	-18
"K_5061 Rindal"	"1997"	2176	30	30	0	91	75	16	17
"K_5061 Rindal"	"1998"	2193	20	27	-7	42	72	-30	-37
"K_5061 Rindal"	"1999"	2156	26	31	-5	51	64	-13	-18
"K_5061 Rindal"	"2000"	2138	26	34	-8	42	53	-11	-19
"K_5061 Rindal"	"2001"	2119	37	36	1	61	49	12	13
"K_5061 Rindal"	"2002"	2132	14	24	-10	33	40	-7	-17
"K_5061 Rindal"	"2003"	2115	25	28	-3	47	41	6	3
"K_5061 Rindal"	"2004"	2118	22	25	-3	31	45	-14	-17
"K_5061 Rindal"	"2005"	2101	19	32	-13	45	45	0	-13
"K_5061 Rindal"	"2006"	2088	14	31	-17	36	46	-10	-27
"K_5061 Rindal"	"2007"	2061	17	32	-15	47	43	4	-16
"K_5061 Rindal"	"2008"	2045	21	32	-11	56	49	7	-4
"K_5061 Rindal"	"2009"	2041	13	23	-10	44	34	10	0
"K_5061 Rindal"	"2010"	2041	20	22	-2	62	40	22	20
"K_5061 Rindal"	"2011"	2061	25	30	-5	80	48	32	27
"K_5061 Rindal"	"2012"	2088	17	29	-12	49	64	-15	-27
"K_5061 Rindal"	"2013"	2061	19	20	-1	45	59	-14	-15
"K_5061 Rindal"	"2014"	2046	23	25	-2	62	68	-6	-8
"K_5061 Rindal"	"2015"	2038	17	35	-18	76	61	15	-2
"K_5061 Rindal"	"2016"	2036	19	17	2	52	64	-12	-10
"K_5061 Rindal"	"2017"	2026	23	16	7	55	48	7	13
"K_5061 Rindal"	"2018"	2039	16	25	-9	57	60	-3	-11
"K_5061 Rindal"	"2019"	2028	21	31	-10	53	68	-15	-25
"K_5061 Rindal"	"2020"	2003	20	16	4	40	59	-19	-14
"K_5061 Rindal"	"2021"	1989	17	19	-2	53	60	-7	-9
"K_5061 Rindal"	"2022"	1980	15	23	-8	61	76	-15	-23
"K_5061 Rindal"	"2023"	1957	15	18	-3	73	69	4	1
"K_5061 Rindal"	"2024"	1958	..	..	..	..	..	..	..
"K_1804 Bodø"	"1951"	18472	405	139	266	1348	1146	202	468
"K_1804 Bodø"	"1952"	18940	406	149	257	1442	1190	252	509
"K_1804 Bodø"	"1953"	19449	456	157	299	1629	1125	504	803
"K_1804 Bodø"	"1954"	20252	483	164	319	2087	1445	642	961
"K_1804 Bodø"	"1955"	21213	499	138	361	2208	1724	484	858
"K_1804 Bodø"	"1956"	22071	539	137	402	2212	1934	278	680
"K_1804 Bodø"	"1957"	22751	526	145	381	2467	2283	184	565
"K_1804 Bodø"	"1958"	23316	514	167	347	2255	1949	306	653
"K_1804 Bodø"	"1959"	23969	517	138	379	2335	2073	262	641
"K_1804 Bodø"	"1960"	24610	501	169	332	2728	2469	259	462
"K_1804 Bodø"	"1961"	25072	534	186	348	1983	1768	215	563
"K_1804 Bodø"	"1962"	25635	570	182	388	2765	2297	468	856
"K_1804 Bodø"	"1963"	26491	626	196	430	2993	2470	523	953
"K_1804 Bodø"	"1964"	27495	700	200	500	2539	2361	178	678
"K_1804 Bodø"	"1965"	28173	640	217	423	2661	2856	-195	228
"K_1804 Bodø"	"1966"	28401	649	197	452	2716	2762	-46	346
"K_1804 Bodø"	"1967"	28747	642	230	412	3253	3179	74	486
"K_1804 Bodø"	"1968"	29233	692	216	476	1951	1936	15	532
"K_1804 Bodø"	"1969"	29765	707	221	486	2035	2128	-93	384
"K_1804 Bodø"	"1970"	30149	625	215	410	2322	2191	131	533
"K_1804 Bodø"	"1971"	30682	624	215	409	1956	2005	-49	334
"K_1804 Bodø"	"1972"	31016	577	225	352	1965	1969	-4	349
"K_1804 Bodø"	"1973"	31365	568	230	338	1973	1834	139	473
"K_1804 Bodø"	"1974"	31838	584	228	356	1913	1957	-44	310
"K_1804 Bodø"	"1975"	32148	537	248	289	2022	1927	95	376
"K_1804 Bodø"	"1976"	32524	534	212	322	1973	1919	54	376
"K_1804 Bodø"	"1977"	32900	501	192	309	1946	1920	26	332
"K_1804 Bodø"	"1978"	33232	521	207	314	1861	1861	0	311
"K_1804 Bodø"	"1979"	33543	558	209	349	1816	1755	61	416
"K_1804 Bodø"	"1980"	33959	540	253	287	2027	1793	234	520
"K_1804 Bodø"	"1981"	34479	532	241	291	1864	1760	104	402
"K_1804 Bodø"	"1982"	34881	494	250	244	1715	1829	-114	131
"K_1804 Bodø"	"1983"	35012	486	271	215	1735	1821	-86	122
"K_1804 Bodø"	"1984"	35134	482	254	228	1640	1677	-37	222
"K_1804 Bodø"	"1985"	35356	491	282	209	1974	1742	232	436
"K_1804 Bodø"	"1986"	35792	535	261	274	1910	1740	170	435
"K_1804 Bodø"	"1987"	36227	529	275	254	1892	1726	166	407
"K_1804 Bodø"	"1988"	36634	583	272	311	1940	1786	154	474
"K_1804 Bodø"	"1989"	37108	651	284	367	1892	1591	301	663
"K_1804 Bodø"	"1990"	37771	614	329	285	1755	1639	116	399
"K_1804 Bodø"	"1991"	38170	626	261	365	1641	1564	77	435
"K_1804 Bodø"	"1992"	38605	634	291	343	1894	1677	217	573
"K_1804 Bodø"	"1993"	39178	620	288	332	1833	1574	259	585
"K_1804 Bodø"	"1994"	39763	645	283	362	1954	1662	292	656
"K_1804 Bodø"	"1995"	40419	665	286	379	1787	1763	24	409
"K_1804 Bodø"	"1996"	40828	617	291	326	1969	2084	-115	222
"K_1804 Bodø"	"1997"	41050	657	289	368	2114	2016	98	463
"K_1804 Bodø"	"1998"	41513	608	300	308	2118	2049	69	365
"K_1804 Bodø"	"1999"	41878	607	282	325	2100	1837	263	587
"K_1804 Bodø"	"2000"	42465	593	301	292	1963	2095	-132	159
"K_1804 Bodø"	"2001"	42624	605	308	297	1867	1944	-77	216
"K_1804 Bodø"	"2002"	42840	569	298	271	2005	1875	130	407
"K_1804 Bodø"	"2003"	43247	576	304	272	2089	1834	255	528
"K_1804 Bodø"	"2004"	43775	574	258	316	1926	1607	319	639
"K_1804 Bodø"	"2005"	44414	626	272	354	1968	1751	217	578
"K_1804 Bodø"	"2006"	44992	579	288	291	2009	1718	291	583
"K_1804 Bodø"	"2007"	45575	603	331	272	2118	1916	202	474
"K_1804 Bodø"	"2008"	46049	671	311	360	1971	1891	80	446
"K_1804 Bodø"	"2009"	46495	680	297	383	2187	1788	399	787
"K_1804 Bodø"	"2010"	47282	574	321	253	2232	1924	308	565
"K_1804 Bodø"	"2011"	47847	624	332	292	2314	2033	281	575
"K_1804 Bodø"	"2012"	48422	608	294	314	2416	1945	471	781
"K_1804 Bodø"	"2013"	49203	591	333	258	2343	2073	270	528
"K_1804 Bodø"	"2014"	49731	606	300	306	2301	2152	149	454
"K_1804 Bodø"	"2015"	50185	586	350	236	2337	2270	67	303
"K_1804 Bodø"	"2016"	50488	570	356	214	2499	2180	319	534
"K_1804 Bodø"	"2017"	51022	509	354	155	2496	2127	369	536
"K_1804 Bodø"	"2018"	51558	523	336	187	2386	2107	279	466
"K_1804 Bodø"	"2019"	52024	483	345	138	2397	2200	197	333
"K_1804 Bodø"	"2020"	52357	508	328	180	2264	2235	29	203
"K_1804 Bodø"	"2021"	52560	578	355	223	2500	2485	15	243
"K_1804 Bodø"	"2022"	52803	488	375	113	3199	2854	345	456
"K_1804 Bodø"	"2023"	53259	555	393	162	3788	3505	283	453
"K_1804 Bodø"	"2024"	53712	..	..	..	..	..	..	..
"K_1806 Narvik"	"1951"	0	0	0	0	0	0	0	0
"K_1806 Narvik"	"1952"	0	0	0	0	0	0	0	0
"K_1806 Narvik"	"1953"	0	0	0	0	0	0	0	0
"K_1806 Narvik"	"1954"	0	0	0	0	0	0	0	0
"K_1806 Narvik"	"1955"	0	0	0	0	0	0	0	0
"K_1806 Narvik"	"1956"	0	0	0	0	0	0	0	0
"K_1806 Narvik"	"1957"	0	0	0	0	0	0	0	0
"K_1806 Narvik"	"1958"	0	0	0	0	0	0	0	0
"K_1806 Narvik"	"1959"	0	0	0	0	0	0	0	0
"K_1806 Narvik"	"1960"	0	0	0	0	0	0	0	0
"K_1806 Narvik"	"1961"	0	0	0	0	0	0	0	0
"K_1806 Narvik"	"1962"	0	0	0	0	0	0	0	0
"K_1806 Narvik"	"1963"	0	0	0	0	0	0	0	0
"K_1806 Narvik"	"1964"	0	0	0	0	0	0	0	0
"K_1806 Narvik"	"1965"	0	0	0	0	0	0	0	0
"K_1806 Narvik"	"1966"	0	0	0	0	0	0	0	0
"K_1806 Narvik"	"1967"	0	0	0	0	0	0	0	0
"K_1806 Narvik"	"1968"	0	0	0	0	0	0	0	0
"K_1806 Narvik"	"1969"	0	0	0	0	0	0	0	0
"K_1806 Narvik"	"1970"	0	0	0	0	0	0	0	0
"K_1806 Narvik"	"1971"	0	0	0	0	0	0	0	0
"K_1806 Narvik"	"1972"	0	0	0	0	0	0	0	0
"K_1806 Narvik"	"1973"	0	0	0	0	0	0	0	0
"K_1806 Narvik"	"1974"	0	0	0	0	0	0	0	0
"K_1806 Narvik"	"1975"	0	0	0	0	0	0	0	0
"K_1806 Narvik"	"1976"	0	0	0	0	0	0	0	0
"K_1806 Narvik"	"1977"	0	0	0	0	0	0	0	0
"K_1806 Narvik"	"1978"	0	0	0	0	0	0	0	0
"K_1806 Narvik"	"1979"	0	0	0	0	0	0	0	0
"K_1806 Narvik"	"1980"	0	0	0	0	0	0	0	0
"K_1806 Narvik"	"1981"	0	0	0	0	0	0	0	0
"K_1806 Narvik"	"1982"	0	0	0	0	0	0	0	0
"K_1806 Narvik"	"1983"	0	0	0	0	0	0	0	0
"K_1806 Narvik"	"1984"	0	0	0	0	0	0	0	0
"K_1806 Narvik"	"1985"	0	0	0	0	0	0	0	0
"K_1806 Narvik"	"1986"	0	0	0	0	0	0	0	0
"K_1806 Narvik"	"1987"	0	0	0	0	0	0	0	0
"K_1806 Narvik"	"1988"	0	0	0	0	0	0	0	0
"K_1806 Narvik"	"1989"	0	0	0	0	0	0	0	0
"K_1806 Narvik"	"1990"	0	0	0	0	0	0	0	0
"K_1806 Narvik"	"1991"	0	0	0	0	0	0	0	0
"K_1806 Narvik"	"1992"	0	0	0	0	0	0	0	0
"K_1806 Narvik"	"1993"	0	0	0	0	0	0	0	0
"K_1806 Narvik"	"1994"	0	0	0	0	0	0	0	0
"K_1806 Narvik"	"1995"	0	0	0	0	0	0	0	0
"K_1806 Narvik"	"1996"	0	0	0	0	0	0	0	0
"K_1806 Narvik"	"1997"	0	0	0	0	0	0	0	0
"K_1806 Narvik"	"1998"	0	0	0	0	0	0	0	0
"K_1806 Narvik"	"1999"	0	0	0	0	0	0	0	0
"K_1806 Narvik"	"2000"	0	0	0	0	0	0	0	0
"K_1806 Narvik"	"2001"	0	0	0	0	0	0	0	0
"K_1806 Narvik"	"2002"	0	0	0	0	0	0	0	0
"K_1806 Narvik"	"2003"	0	0	0	0	0	0	0	0
"K_1806 Narvik"	"2004"	0	0	0	0	0	0	0	0
"K_1806 Narvik"	"2005"	0	0	0	0	0	0	0	0
"K_1806 Narvik"	"2006"	0	0	0	0	0	0	0	0
"K_1806 Narvik"	"2007"	0	0	0	0	0	0	0	0
"K_1806 Narvik"	"2008"	0	0	0	0	0	0	0	0
"K_1806 Narvik"	"2009"	0	0	0	0	0	0	0	0
"K_1806 Narvik"	"2010"	0	0	0	0	0	0	0	0
"K_1806 Narvik"	"2011"	0	0	0	0	0	0	0	0
"K_1806 Narvik"	"2012"	0	0	0	0	0	0	0	0
"K_1806 Narvik"	"2013"	0	0	0	0	0	0	0	0
"K_1806 Narvik"	"2014"	0	0	0	0	0	0	0	0
"K_1806 Narvik"	"2015"	0	0	0	0	0	0	0	0
"K_1806 Narvik"	"2016"	0	0	0	0	0	0	0	0
"K_1806 Narvik"	"2017"	0	0	0	0	0	0	0	0
"K_1806 Narvik"	"2018"	0	0	0	0	0	0	0	0
"K_1806 Narvik"	"2019"	0	0	0	0	0	0	0	0
"K_1806 Narvik"	"2020"	21845	176	222	-46	746	885	-139	-184
"K_1806 Narvik"	"2021"	21661	197	217	-20	964	1067	-103	-131
"K_1806 Narvik"	"2022"	21530	167	243	-76	1116	1055	61	-15
"K_1806 Narvik"	"2023"	21515	177	236	-59	1016	890	126	65
"K_1806 Narvik"	"2024"	21580	..	..	..	..	..	..	..
"K_1811 Bindal"	"1951"	2932	72	20	52	107	90	17	69
"K_1811 Bindal"	"1952"	3001	65	31	34	40	83	-43	-9
"K_1811 Bindal"	"1953"	2992	53	28	25	44	86	-42	-17
"K_1811 Bindal"	"1954"	2975	51	27	24	63	116	-53	-29
"K_1811 Bindal"	"1955"	2946	58	20	38	70	90	-20	-10
"K_1811 Bindal"	"1956"	2936	45	23	22	63	92	-29	-7
"K_1811 Bindal"	"1957"	2929	52	29	23	56	120	-64	-41
"K_1811 Bindal"	"1958"	2888	50	20	30	66	83	-17	13
"K_1811 Bindal"	"1959"	2901	51	36	15	73	116	-43	-28
"K_1811 Bindal"	"1960"	2873	44	33	11	79	132	-53	-43
"K_1811 Bindal"	"1961"	2830	47	22	25	56	113	-57	-32
"K_1811 Bindal"	"1962"	2798	61	28	33	70	103	-33	0
"K_1811 Bindal"	"1963"	2798	46	24	22	92	143	-51	-29
"K_1811 Bindal"	"1964"	2473	35	22	13	41	95	-54	-41
"K_1811 Bindal"	"1965"	2432	36	22	14	74	108	-34	-20
"K_1811 Bindal"	"1966"	2412	41	29	12	92	132	-40	-11
"K_1811 Bindal"	"1967"	2401	39	23	16	77	132	-55	-39
"K_1811 Bindal"	"1968"	2362	37	33	4	101	91	10	-24
"K_1811 Bindal"	"1969"	2338	45	21	24	116	105	11	35
"K_1811 Bindal"	"1970"	2373	38	21	17	70	127	-57	-36
"K_1811 Bindal"	"1971"	2337	49	31	18	83	91	-8	11
"K_1811 Bindal"	"1972"	2348	32	25	7	81	106	-25	-17
"K_1811 Bindal"	"1973"	2331	24	30	-6	106	126	-20	-26
"K_1811 Bindal"	"1974"	2305	38	32	6	79	126	-47	-46
"K_1811 Bindal"	"1975"	2259	30	24	6	117	107	10	16
"K_1811 Bindal"	"1976"	2275	26	27	-1	76	98	-22	-21
"K_1811 Bindal"	"1977"	2254	19	16	3	79	84	-5	-1
"K_1811 Bindal"	"1978"	2253	39	26	13	90	88	2	15
"K_1811 Bindal"	"1979"	2268	28	29	-1	79	94	-15	-16
"K_1811 Bindal"	"1980"	2252	33	19	14	59	75	-16	-4
"K_1811 Bindal"	"1981"	2248	20	28	-8	94	92	2	-6
"K_1811 Bindal"	"1982"	2242	18	31	-13	64	86	-22	-34
"K_1811 Bindal"	"1983"	2208	36	22	14	67	66	1	14
"K_1811 Bindal"	"1984"	2222	35	34	1	73	92	-19	-19
"K_1811 Bindal"	"1985"	2203	24	20	4	61	96	-35	-30
"K_1811 Bindal"	"1986"	2173	27	22	5	86	101	-15	-11
"K_1811 Bindal"	"1987"	2162	21	26	-5	67	84	-17	-21
"K_1811 Bindal"	"1988"	2141	21	24	-3	46	100	-54	-58
"K_1811 Bindal"	"1989"	2083	36	23	13	81	82	-1	12
"K_1811 Bindal"	"1990"	2095	35	24	11	64	73	-9	2
"K_1811 Bindal"	"1991"	2097	26	29	-3	57	64	-7	-9
"K_1811 Bindal"	"1992"	2088	30	29	1	57	81	-24	-24
"K_1811 Bindal"	"1993"	2064	22	32	-10	59	61	-2	-12
"K_1811 Bindal"	"1994"	2052	32	31	1	72	83	-11	-10
"K_1811 Bindal"	"1995"	2042	27	24	3	55	78	-23	-20
"K_1811 Bindal"	"1996"	2022	29	12	17	63	94	-31	-14
"K_1811 Bindal"	"1997"	2008	25	22	3	40	82	-42	-39
"K_1811 Bindal"	"1998"	1969	23	24	-1	70	85	-15	-18
"K_1811 Bindal"	"1999"	1951	12	30	-18	41	53	-12	-30
"K_1811 Bindal"	"2000"	1921	19	37	-18	47	39	8	-10
"K_1811 Bindal"	"2001"	1911	17	29	-12	37	69	-32	-44
"K_1811 Bindal"	"2002"	1867	22	20	2	25	72	-47	-45
"K_1811 Bindal"	"2003"	1822	16	32	-16	42	44	-2	-18
"K_1811 Bindal"	"2004"	1804	15	25	-10	50	66	-16	-26
"K_1811 Bindal"	"2005"	1778	23	23	0	37	77	-40	-37
"K_1811 Bindal"	"2006"	1741	10	31	-21	54	82	-28	-49
"K_1811 Bindal"	"2007"	1692	11	21	-10	30	81	-51	-61
"K_1811 Bindal"	"2008"	1631	16	29	-13	57	59	-2	-15
"K_1811 Bindal"	"2009"	1616	12	24	-12	57	61	-4	-15
"K_1811 Bindal"	"2010"	1601	13	20	-7	63	65	-2	-9
"K_1811 Bindal"	"2011"	1592	14	25	-11	53	72	-19	-30
"K_1811 Bindal"	"2012"	1562	16	15	1	46	64	-18	-17
"K_1811 Bindal"	"2013"	1545	16	33	-17	55	79	-24	-42
"K_1811 Bindal"	"2014"	1503	11	16	-5	50	66	-16	-21
"K_1811 Bindal"	"2015"	1482	12	27	-15	44	46	-2	-17
"K_1811 Bindal"	"2016"	1465	14	22	-8	71	55	16	8
"K_1811 Bindal"	"2017"	1473	11	24	-13	80	54	26	13
"K_1811 Bindal"	"2018"	1486	17	26	-9	29	56	-27	-36
"K_1811 Bindal"	"2019"	1450	7	22	-15	43	52	-9	-24
"K_1811 Bindal"	"2020"	1426	13	20	-7	42	64	-22	-29
"K_1811 Bindal"	"2021"	1397	11	14	-3	65	53	12	9
"K_1811 Bindal"	"2022"	1406	11	13	-2	65	79	-14	-15
"K_1811 Bindal"	"2023"	1391	13	21	-8	69	53	16	8
"K_1811 Bindal"	"2024"	1399	..	..	..	..	..	..	..
"K_1812 Sømna"	"1951"	2629	51	21	30	93	116	-23	7
"K_1812 Sømna"	"1952"	2636	55	25	30	52	85	-33	-3
"K_1812 Sømna"	"1953"	2633	53	22	31	63	103	-40	-9
"K_1812 Sømna"	"1954"	2624	30	28	2	42	122	-80	-78
"K_1812 Sømna"	"1955"	2546	46	34	12	68	105	-37	-38
"K_1812 Sømna"	"1956"	2508	41	22	19	87	146	-59	-40
"K_1812 Sømna"	"1957"	2468	42	29	13	81	133	-52	-39
"K_1812 Sømna"	"1958"	2429	34	22	12	88	90	-2	10
"K_1812 Sømna"	"1959"	2439	41	17	24	68	96	-28	-4
"K_1812 Sømna"	"1960"	2435	37	26	11	71	109	-38	-36
"K_1812 Sømna"	"1961"	2399	32	29	3	53	112	-59	-56
"K_1812 Sømna"	"1962"	2343	33	23	10	73	98	-25	-15
"K_1812 Sømna"	"1963"	2328	42	22	20	78	79	-1	19
"K_1812 Sømna"	"1964"	0	0	0	0	0	0	0	0
"K_1812 Sømna"	"1965"	0	0	0	0	0	0	0	0
"K_1812 Sømna"	"1966"	0	0	0	0	0	0	0	0
"K_1812 Sømna"	"1967"	0	0	0	0	0	0	0	0
"K_1812 Sømna"	"1968"	0	0	0	0	0	0	0	0
"K_1812 Sømna"	"1969"	0	0	0	0	0	0	0	0
"K_1812 Sømna"	"1970"	0	0	0	0	0	0	0	0
"K_1812 Sømna"	"1971"	0	0	0	0	0	0	0	0
"K_1812 Sømna"	"1972"	0	0	0	0	0	0	0	0
"K_1812 Sømna"	"1973"	0	0	0	0	0	0	0	0
"K_1812 Sømna"	"1974"	0	0	0	0	0	0	0	0
"K_1812 Sømna"	"1975"	0	0	0	0	0	0	0	0
"K_1812 Sømna"	"1976"	0	0	0	0	0	0	0	0
"K_1812 Sømna"	"1977"	2107	18	29	-11	111	70	41	30
"K_1812 Sømna"	"1978"	2137	18	25	-7	110	76	34	32
"K_1812 Sømna"	"1979"	2169	32	18	14	92	91	1	14
"K_1812 Sømna"	"1980"	2183	26	31	-5	103	116	-13	-22
"K_1812 Sømna"	"1981"	2161	30	26	4	94	78	16	20
"K_1812 Sømna"	"1982"	2181	21	26	-5	94	61	33	28
"K_1812 Sømna"	"1983"	2209	38	27	11	99	97	2	13
"K_1812 Sømna"	"1984"	2222	23	31	-8	54	82	-28	-35
"K_1812 Sømna"	"1985"	2187	25	31	-6	79	83	-4	-11
"K_1812 Sømna"	"1986"	2176	20	20	0	63	85	-22	-22
"K_1812 Sømna"	"1987"	2154	28	32	-4	66	86	-20	-24
"K_1812 Sømna"	"1988"	2130	20	30	-10	100	108	-8	-18
"K_1812 Sømna"	"1989"	2112	27	22	5	89	81	8	11
"K_1812 Sømna"	"1990"	2123	29	30	-1	97	105	-8	-10
"K_1812 Sømna"	"1991"	2113	29	18	11	82	94	-12	-2
"K_1812 Sømna"	"1992"	2111	30	36	-6	70	67	3	-2
"K_1812 Sømna"	"1993"	2109	27	39	-12	74	84	-10	-19
"K_1812 Sømna"	"1994"	2090	28	29	-1	104	52	52	48
"K_1812 Sømna"	"1995"	2138	28	24	4	106	103	3	8
"K_1812 Sømna"	"1996"	2146	30	23	7	119	153	-34	-27
"K_1812 Sømna"	"1997"	2119	25	25	0	94	85	9	9
"K_1812 Sømna"	"1998"	2128	22	21	1	114	108	6	7
"K_1812 Sømna"	"1999"	2135	29	31	-2	78	95	-17	-19
"K_1812 Sømna"	"2000"	2116	22	24	-2	88	103	-15	-17
"K_1812 Sømna"	"2001"	2099	22	23	-1	99	87	12	12
"K_1812 Sømna"	"2002"	2111	17	24	-7	81	85	-4	-11
"K_1812 Sømna"	"2003"	2100	23	29	-6	81	98	-17	-23
"K_1812 Sømna"	"2004"	2077	23	25	-2	88	88	0	-2
"K_1812 Sømna"	"2005"	2075	21	34	-13	60	74	-14	-27
"K_1812 Sømna"	"2006"	2048	24	25	-1	87	87	0	-1
"K_1812 Sømna"	"2007"	2047	19	21	-2	87	76	11	9
"K_1812 Sømna"	"2008"	2056	16	21	-5	70	67	3	-2
"K_1812 Sømna"	"2009"	2054	20	19	1	65	79	-14	-13
"K_1812 Sømna"	"2010"	2041	14	14	0	94	111	-17	-16
"K_1812 Sømna"	"2011"	2025	16	28	-12	110	85	25	13
"K_1812 Sømna"	"2012"	2038	20	33	-13	121	113	8	-5
"K_1812 Sømna"	"2013"	2033	16	23	-7	102	81	21	14
"K_1812 Sømna"	"2014"	2047	23	18	5	91	80	11	16
"K_1812 Sømna"	"2015"	2063	10	36	-26	85	91	-6	-32
"K_1812 Sømna"	"2016"	2031	18	15	3	101	88	13	16
"K_1812 Sømna"	"2017"	2047	11	23	-12	103	119	-16	-27
"K_1812 Sømna"	"2018"	2020	16	25	-9	95	94	1	-6
"K_1812 Sømna"	"2019"	2014	9	16	-7	89	121	-32	-39
"K_1812 Sømna"	"2020"	1975	12	20	-8	111	89	22	15
"K_1812 Sømna"	"2021"	1990	18	24	-6	77	80	-3	-9
"K_1812 Sømna"	"2022"	1981	15	29	-14	105	102	3	-11
"K_1812 Sømna"	"2023"	1970	14	18	-4	106	96	10	6
"K_1812 Sømna"	"2024"	1976	..	..	..	..	..	..	..
"K_1813 Brønnøy"	"1951"	0	0	0	0	0	0	0	0
"K_1813 Brønnøy"	"1952"	0	0	0	0	0	0	0	0
"K_1813 Brønnøy"	"1953"	0	0	0	0	0	0	0	0
"K_1813 Brønnøy"	"1954"	0	0	0	0	0	0	0	0
"K_1813 Brønnøy"	"1955"	0	0	0	0	0	0	0	0
"K_1813 Brønnøy"	"1956"	0	0	0	0	0	0	0	0
"K_1813 Brønnøy"	"1957"	0	0	0	0	0	0	0	0
"K_1813 Brønnøy"	"1958"	0	0	0	0	0	0	0	0
"K_1813 Brønnøy"	"1959"	0	0	0	0	0	0	0	0
"K_1813 Brønnøy"	"1960"	0	0	0	0	0	0	0	0
"K_1813 Brønnøy"	"1961"	0	0	0	0	0	0	0	0
"K_1813 Brønnøy"	"1962"	0	0	0	0	0	0	0	0
"K_1813 Brønnøy"	"1963"	0	0	0	0	0	0	0	0
"K_1813 Brønnøy"	"1964"	0	0	0	0	0	0	0	0
"K_1813 Brønnøy"	"1965"	0	0	0	0	0	0	0	0
"K_1813 Brønnøy"	"1966"	0	0	0	0	0	0	0	0
"K_1813 Brønnøy"	"1967"	0	0	0	0	0	0	0	0
"K_1813 Brønnøy"	"1968"	0	0	0	0	0	0	0	0
"K_1813 Brønnøy"	"1969"	0	0	0	0	0	0	0	0
"K_1813 Brønnøy"	"1970"	0	0	0	0	0	0	0	0
"K_1813 Brønnøy"	"1971"	0	0	0	0	0	0	0	0
"K_1813 Brønnøy"	"1972"	0	0	0	0	0	0	0	0
"K_1813 Brønnøy"	"1973"	0	0	0	0	0	0	0	0
"K_1813 Brønnøy"	"1974"	0	0	0	0	0	0	0	0
"K_1813 Brønnøy"	"1975"	0	0	0	0	0	0	0	0
"K_1813 Brønnøy"	"1976"	0	0	0	0	0	0	0	0
"K_1813 Brønnøy"	"1977"	6664	82	77	5	275	278	-3	2
"K_1813 Brønnøy"	"1978"	6666	86	68	18	276	261	15	27
"K_1813 Brønnøy"	"1979"	6693	81	62	19	247	225	22	41
"K_1813 Brønnøy"	"1980"	6734	82	72	10	298	279	19	31
"K_1813 Brønnøy"	"1981"	6765	64	73	-9	266	237	29	21
"K_1813 Brønnøy"	"1982"	6786	71	67	4	248	261	-13	-10
"K_1813 Brønnøy"	"1983"	6776	75	80	-5	263	233	30	26
"K_1813 Brønnøy"	"1984"	6802	95	69	26	218	234	-16	8
"K_1813 Brønnøy"	"1985"	6810	94	84	10	251	238	13	22
"K_1813 Brønnøy"	"1986"	6832	99	69	30	229	274	-45	-13
"K_1813 Brønnøy"	"1987"	6819	101	87	14	269	259	10	24
"K_1813 Brønnøy"	"1988"	6843	89	78	11	297	269	28	36
"K_1813 Brønnøy"	"1989"	6879	95	66	29	275	245	30	57
"K_1813 Brønnøy"	"1990"	6936	102	70	32	242	290	-48	-12
"K_1813 Brønnøy"	"1991"	6924	90	86	4	238	227	11	17
"K_1813 Brønnøy"	"1992"	6941	90	80	10	259	208	51	55
"K_1813 Brønnøy"	"1993"	6996	95	94	1	213	243	-30	-25
"K_1813 Brønnøy"	"1994"	6971	90	80	10	313	267	46	54
"K_1813 Brønnøy"	"1995"	7025	109	80	29	354	279	75	107
"K_1813 Brønnøy"	"1996"	7132	106	60	46	323	295	28	74
"K_1813 Brønnøy"	"1997"	7206	97	71	26	320	286	34	60
"K_1813 Brønnøy"	"1998"	7266	99	77	22	395	272	123	142
"K_1813 Brønnøy"	"1999"	7408	101	73	28	291	294	-3	25
"K_1813 Brønnøy"	"2000"	7433	98	72	26	337	324	13	36
"K_1813 Brønnøy"	"2001"	7469	92	73	19	357	320	37	63
"K_1813 Brønnøy"	"2002"	7532	78	76	2	312	327	-15	-13
"K_1813 Brønnøy"	"2003"	7519	82	81	1	358	312	46	46
"K_1813 Brønnøy"	"2004"	7565	95	66	29	336	342	-6	20
"K_1813 Brønnøy"	"2005"	7585	78	76	2	299	322	-23	-20
"K_1813 Brønnøy"	"2006"	7565	76	65	11	303	330	-27	-17
"K_1813 Brønnøy"	"2007"	7548	96	70	26	300	339	-39	-13
"K_1813 Brønnøy"	"2008"	7535	77	75	2	349	288	61	62
"K_1813 Brønnøy"	"2009"	7597	103	62	41	296	272	24	63
"K_1813 Brønnøy"	"2010"	7660	82	92	-10	358	291	67	59
"K_1813 Brønnøy"	"2011"	7719	87	50	37	342	319	23	59
"K_1813 Brønnøy"	"2012"	7778	78	73	5	362	286	76	81
"K_1813 Brønnøy"	"2013"	7859	96	65	31	320	312	8	38
"K_1813 Brønnøy"	"2014"	7897	94	77	17	340	317	23	37
"K_1813 Brønnøy"	"2015"	7934	86	65	21	292	287	5	28
"K_1813 Brønnøy"	"2016"	7962	72	68	4	305	316	-11	-6
"K_1813 Brønnøy"	"2017"	7956	65	70	-5	303	305	-2	-8
"K_1813 Brønnøy"	"2018"	7948	47	59	-12	288	307	-19	-32
"K_1813 Brønnøy"	"2019"	7916	66	59	7	288	295	-7	1
"K_1813 Brønnøy"	"2020"	7917	57	61	-4	235	341	-106	-114
"K_1813 Brønnøy"	"2021"	7803	61	56	5	327	362	-35	-26
"K_1813 Brønnøy"	"2022"	7777	70	77	-7	359	342	17	10
"K_1813 Brønnøy"	"2023"	7787	64	69	-5	394	349	45	39
"K_1813 Brønnøy"	"2024"	7826	..	..	..	..	..	..	..
"K_1815 Vega"	"1951"	2395	44	23	21	24	73	-49	-28
"K_1815 Vega"	"1952"	2367	36	24	12	36	93	-57	-45
"K_1815 Vega"	"1953"	2322	31	35	-4	38	94	-56	-60
"K_1815 Vega"	"1954"	2262	49	30	19	40	96	-56	-37
"K_1815 Vega"	"1955"	2225	42	22	20	51	96	-45	21
"K_1815 Vega"	"1956"	2246	40	19	21	58	84	-26	-5
"K_1815 Vega"	"1957"	2241	33	27	6	43	83	-40	-34
"K_1815 Vega"	"1958"	2207	27	19	8	39	66	-27	-19
"K_1815 Vega"	"1959"	2188	48	26	22	30	62	-32	-10
"K_1815 Vega"	"1960"	2178	37	21	16	48	81	-33	2
"K_1815 Vega"	"1961"	2180	32	30	2	44	98	-54	-52
"K_1815 Vega"	"1962"	2128	26	21	5	50	92	-42	-37
"K_1815 Vega"	"1963"	2091	32	24	8	49	102	-53	-45
"K_1815 Vega"	"1964"	2046	30	33	-3	33	93	-60	-63
"K_1815 Vega"	"1965"	2179	26	35	-9	49	76	-27	-36
"K_1815 Vega"	"1966"	2143	36	31	5	56	60	-4	-65
"K_1815 Vega"	"1967"	2078	39	24	15	59	98	-39	-24
"K_1815 Vega"	"1968"	2054	33	29	4	45	86	-41	-11
"K_1815 Vega"	"1969"	2043	37	34	3	71	110	-39	-41
"K_1815 Vega"	"1970"	2002	31	35	-4	73	136	-63	-75
"K_1815 Vega"	"1971"	1895	30	18	12	56	89	-33	-22
"K_1815 Vega"	"1972"	1873	27	18	9	57	83	-26	-21
"K_1815 Vega"	"1973"	1852	23	24	-1	57	82	-25	-26
"K_1815 Vega"	"1974"	1826	22	26	-4	74	98	-24	-30
"K_1815 Vega"	"1975"	1796	16	31	-15	54	63	-9	-26
"K_1815 Vega"	"1976"	1770	23	33	-10	55	77	-22	-32
"K_1815 Vega"	"1977"	1738	16	23	-7	51	46	5	-2
"K_1815 Vega"	"1978"	1736	16	24	-8	87	58	29	21
"K_1815 Vega"	"1979"	1757	14	21	-7	65	65	0	-7
"K_1815 Vega"	"1980"	1750	19	22	-3	68	75	-7	-10
"K_1815 Vega"	"1981"	1740	12	28	-16	68	59	9	-7
"K_1815 Vega"	"1982"	1733	12	35	-23	58	56	2	-21
"K_1815 Vega"	"1983"	1712	16	22	-6	42	59	-17	-23
"K_1815 Vega"	"1984"	1689	20	23	-3	56	50	6	3
"K_1815 Vega"	"1985"	1692	15	29	-14	40	55	-15	-31
"K_1815 Vega"	"1986"	1661	21	29	-8	50	97	-47	-52
"K_1815 Vega"	"1987"	1609	19	33	-14	48	63	-15	-29
"K_1815 Vega"	"1988"	1580	18	30	-12	68	63	5	-8
"K_1815 Vega"	"1989"	1572	20	25	-5	62	80	-18	-23
"K_1815 Vega"	"1990"	1549	14	19	-5	55	53	2	-3
"K_1815 Vega"	"1991"	1546	21	28	-7	56	59	-3	-9
"K_1815 Vega"	"1992"	1537	18	21	-3	41	50	-9	-12
"K_1815 Vega"	"1993"	1525	22	23	-1	38	68	-30	-33
"K_1815 Vega"	"1994"	1492	21	25	-4	46	47	-1	-4
"K_1815 Vega"	"1995"	1488	13	22	-9	40	71	-31	-39
"K_1815 Vega"	"1996"	1449	20	18	2	46	49	-3	-1
"K_1815 Vega"	"1997"	1448	24	27	-3	38	54	-16	-20
"K_1815 Vega"	"1998"	1428	11	24	-13	43	55	-12	-25
"K_1815 Vega"	"1999"	1403	12	17	-5	55	39	16	11
"K_1815 Vega"	"2000"	1414	17	19	-2	45	45	0	-2
"K_1815 Vega"	"2001"	1412	12	17	-5	40	51	-11	-20
"K_1815 Vega"	"2002"	1392	10	23	-13	50	37	13	-1
"K_1815 Vega"	"2003"	1391	14	19	-5	44	50	-6	-11
"K_1815 Vega"	"2004"	1380	9	23	-14	27	36	-9	-24
"K_1815 Vega"	"2005"	1356	11	25	-14	17	50	-33	-48
"K_1815 Vega"	"2006"	1308	14	13	1	33	43	-10	-9
"K_1815 Vega"	"2007"	1299	11	23	-12	39	31	8	-4
"K_1815 Vega"	"2008"	1295	14	18	-4	35	38	-3	-7
"K_1815 Vega"	"2009"	1288	10	18	-8	56	48	8	0
"K_1815 Vega"	"2010"	1288	15	19	-4	45	59	-14	-18
"K_1815 Vega"	"2011"	1270	6	26	-20	49	43	6	-14
"K_1815 Vega"	"2012"	1256	5	12	-7	40	51	-11	-18
"K_1815 Vega"	"2013"	1238	4	17	-13	45	47	-2	-15
"K_1815 Vega"	"2014"	1223	7	10	-3	58	53	5	2
"K_1815 Vega"	"2015"	1225	8	13	-5	66	42	24	19
"K_1815 Vega"	"2016"	1244	4	14	-10	59	60	-1	-10
"K_1815 Vega"	"2017"	1234	10	17	-7	43	49	-6	-13
"K_1815 Vega"	"2018"	1221	11	11	0	58	47	11	11
"K_1815 Vega"	"2019"	1232	4	17	-13	59	79	-20	-32
"K_1815 Vega"	"2020"	1200	5	23	-18	66	66	0	-18
"K_1815 Vega"	"2021"	1182	9	18	-9	64	62	2	-7
"K_1815 Vega"	"2022"	1175	16	12	4	94	53	41	44
"K_1815 Vega"	"2023"	1219	12	14	-2	68	77	-9	-11
"K_1815 Vega"	"2024"	1208	..	..	..	..	..	..	..
"K_1816 Vevelstad"	"1951"	990	18	13	5	39	30	9	14
"K_1816 Vevelstad"	"1952"	1004	16	13	3	32	27	5	8
"K_1816 Vevelstad"	"1953"	1012	11	11	0	8	25	-17	-17
"K_1816 Vevelstad"	"1954"	995	25	10	15	23	39	-16	-1
"K_1816 Vevelstad"	"1955"	994	15	11	4	25	63	-38	-10
"K_1816 Vevelstad"	"1956"	984	18	7	11	25	54	-29	-18
"K_1816 Vevelstad"	"1957"	966	15	5	10	28	42	-14	-4
"K_1816 Vevelstad"	"1958"	962	13	12	1	26	32	-6	-5
"K_1816 Vevelstad"	"1959"	957	11	11	0	10	46	-36	-36
"K_1816 Vevelstad"	"1960"	921	16	8	8	35	36	-1	15
"K_1816 Vevelstad"	"1961"	936	13	11	2	16	44	-28	-26
"K_1816 Vevelstad"	"1962"	910	9	9	0	21	42	-21	-21
"K_1816 Vevelstad"	"1963"	889	12	11	1	30	51	-21	-20
"K_1816 Vevelstad"	"1964"	869	17	8	9	33	57	-24	-15
"K_1816 Vevelstad"	"1965"	854	12	11	1	23	45	-22	-21
"K_1816 Vevelstad"	"1966"	833	5	7	-2	30	56	-26	-21
"K_1816 Vevelstad"	"1967"	812	11	14	-3	31	31	0	-3
"K_1816 Vevelstad"	"1968"	809	13	9	4	39	47	-8	-1
"K_1816 Vevelstad"	"1969"	808	12	8	4	33	53	-20	-16
"K_1816 Vevelstad"	"1970"	792	14	7	7	54	80	-26	-27
"K_1816 Vevelstad"	"1971"	765	8	12	-4	27	37	-10	-16
"K_1816 Vevelstad"	"1972"	749	11	8	3	26	36	-10	-6
"K_1816 Vevelstad"	"1973"	743	9	13	-4	28	49	-21	-27
"K_1816 Vevelstad"	"1974"	716	7	14	-7	42	29	13	7
"K_1816 Vevelstad"	"1975"	723	8	11	-3	34	44	-10	-13
"K_1816 Vevelstad"	"1976"	710	6	9	-3	22	35	-13	-16
"K_1816 Vevelstad"	"1977"	694	9	10	-1	44	19	25	24
"K_1816 Vevelstad"	"1978"	718	9	8	1	43	38	5	6
"K_1816 Vevelstad"	"1979"	724	8	10	-2	52	34	18	16
"K_1816 Vevelstad"	"1980"	740	12	17	-5	32	41	-9	-14
"K_1816 Vevelstad"	"1981"	726	13	8	5	21	18	3	8
"K_1816 Vevelstad"	"1982"	734	5	10	-5	32	14	18	13
"K_1816 Vevelstad"	"1983"	747	7	12	-5	36	23	13	8
"K_1816 Vevelstad"	"1984"	755	5	8	-3	20	22	-2	-5
"K_1816 Vevelstad"	"1985"	750	6	5	1	31	33	-2	-1
"K_1816 Vevelstad"	"1986"	749	6	12	-6	14	27	-13	-20
"K_1816 Vevelstad"	"1987"	729	11	13	-2	11	32	-21	-23
"K_1816 Vevelstad"	"1988"	706	6	18	-12	12	22	-10	-22
"K_1816 Vevelstad"	"1989"	684	5	12	-7	28	34	-6	-13
"K_1816 Vevelstad"	"1990"	671	6	8	-2	28	38	-10	-12
"K_1816 Vevelstad"	"1991"	659	8	12	-4	39	24	15	11
"K_1816 Vevelstad"	"1992"	670	5	10	-5	40	26	14	9
"K_1816 Vevelstad"	"1993"	679	5	9	-4	29	49	-20	-24
"K_1816 Vevelstad"	"1994"	655	3	11	-8	60	40	20	12
"K_1816 Vevelstad"	"1995"	667	13	12	1	24	54	-30	-23
"K_1816 Vevelstad"	"1996"	644	9	5	4	23	47	-24	-20
"K_1816 Vevelstad"	"1997"	624	6	8	-2	30	34	-4	-6
"K_1816 Vevelstad"	"1998"	618	8	15	-7	40	49	-9	-17
"K_1816 Vevelstad"	"1999"	601	10	9	1	20	30	-10	-9
"K_1816 Vevelstad"	"2000"	592	6	10	-4	39	51	-12	-16
"K_1816 Vevelstad"	"2001"	576	5	7	-2	15	35	-20	-19
"K_1816 Vevelstad"	"2002"	557	8	7	1	9	29	-20	-19
"K_1816 Vevelstad"	"2003"	538	4	10	-6	28	35	-7	-13
"K_1816 Vevelstad"	"2004"	525	6	7	-1	14	14	0	-1
"K_1816 Vevelstad"	"2005"	524	4	10	-6	19	21	-2	-8
"K_1816 Vevelstad"	"2006"	516	5	9	-4	13	21	-8	-12
"K_1816 Vevelstad"	"2007"	504	1	9	-8	10	21	-11	-19
"K_1816 Vevelstad"	"2008"	485	1	3	-2	27	9	18	16
"K_1816 Vevelstad"	"2009"	501	5	5	0	19	10	9	9
"K_1816 Vevelstad"	"2010"	510	7	11	-4	26	12	14	10
"K_1816 Vevelstad"	"2011"	520	4	12	-8	21	22	-1	-9
"K_1816 Vevelstad"	"2012"	511	4	7	-3	20	29	-9	-11
"K_1816 Vevelstad"	"2013"	500	3	7	-4	21	22	-1	-5
"K_1816 Vevelstad"	"2014"	495	4	5	-1	34	18	16	15
"K_1816 Vevelstad"	"2015"	510	6	11	-5	24	22	2	-3
"K_1816 Vevelstad"	"2016"	507	2	6	-4	48	23	25	21
"K_1816 Vevelstad"	"2017"	528	6	6	0	15	37	-22	-22
"K_1816 Vevelstad"	"2018"	506	6	4	2	28	39	-11	-9
"K_1816 Vevelstad"	"2019"	497	4	3	1	22	58	-36	-35
"K_1816 Vevelstad"	"2020"	462	8	7	1	14	12	2	3
"K_1816 Vevelstad"	"2021"	465	2	3	-1	26	28	-2	-3
"K_1816 Vevelstad"	"2022"	462	5	7	-2	24	30	-6	-8
"K_1816 Vevelstad"	"2023"	454	9	3	6	39	19	20	26
"K_1816 Vevelstad"	"2024"	480	..	..	..	..	..	..	..
"K_1818 Herøy (Nordland)"	"1951"	2692	57	27	30	57	117	-60	-30
"K_1818 Herøy (Nordland)"	"1952"	2662	60	20	40	37	57	-20	20
"K_1818 Herøy (Nordland)"	"1953"	2682	58	26	32	40	96	-56	-24
"K_1818 Herøy (Nordland)"	"1954"	2658	57	31	26	42	59	-17	9
"K_1818 Herøy (Nordland)"	"1955"	2667	50	24	26	37	81	-44	11
"K_1818 Herøy (Nordland)"	"1956"	2678	51	22	29	44	93	-49	-20
"K_1818 Herøy (Nordland)"	"1957"	2658	51	25	26	61	113	-52	-26
"K_1818 Herøy (Nordland)"	"1958"	2632	43	23	20	39	78	-39	-19
"K_1818 Herøy (Nordland)"	"1959"	2613	39	29	10	48	86	-38	-28
"K_1818 Herøy (Nordland)"	"1960"	2585	45	31	14	62	108	-46	-18
"K_1818 Herøy (Nordland)"	"1961"	2567	34	28	6	38	77	-39	-33
"K_1818 Herøy (Nordland)"	"1962"	2515	31	30	1	58	116	-58	-57
"K_1818 Herøy (Nordland)"	"1963"	2458	35	20	15	62	119	-57	-42
"K_1818 Herøy (Nordland)"	"1964"	2416	37	24	13	50	113	-63	-50
"K_1818 Herøy (Nordland)"	"1965"	2827	47	34	13	71	150	-79	-66
"K_1818 Herøy (Nordland)"	"1966"	2761	44	31	13	99	151	-52	-50
"K_1818 Herøy (Nordland)"	"1967"	2711	49	25	24	82	142	-60	-36
"K_1818 Herøy (Nordland)"	"1968"	2675	36	32	4	114	148	-34	-32
"K_1818 Herøy (Nordland)"	"1969"	2643	41	27	14	79	123	-44	-35
"K_1818 Herøy (Nordland)"	"1970"	2608	32	38	-6	72	202	-130	-148
"K_1818 Herøy (Nordland)"	"1971"	2460	33	31	2	86	140	-54	-51
"K_1818 Herøy (Nordland)"	"1972"	2409	32	37	-5	72	130	-58	-61
"K_1818 Herøy (Nordland)"	"1973"	2348	32	35	-3	76	129	-53	-56
"K_1818 Herøy (Nordland)"	"1974"	2292	31	24	7	102	100	2	8
"K_1818 Herøy (Nordland)"	"1975"	2300	33	33	0	99	129	-30	-28
"K_1818 Herøy (Nordland)"	"1976"	2272	22	42	-20	81	108	-27	-47
"K_1818 Herøy (Nordland)"	"1977"	2225	33	34	-1	72	80	-8	-9
"K_1818 Herøy (Nordland)"	"1978"	2216	20	28	-8	84	69	15	7
"K_1818 Herøy (Nordland)"	"1979"	2223	26	30	-4	90	78	12	8
"K_1818 Herøy (Nordland)"	"1980"	2231	29	36	-7	81	105	-24	-31
"K_1818 Herøy (Nordland)"	"1981"	2200	18	22	-4	66	78	-12	-16
"K_1818 Herøy (Nordland)"	"1982"	2184	26	33	-7	101	76	25	18
"K_1818 Herøy (Nordland)"	"1983"	2202	23	32	-9	96	67	29	20
"K_1818 Herøy (Nordland)"	"1984"	2222	22	35	-13	64	83	-19	-32
"K_1818 Herøy (Nordland)"	"1985"	2190	32	34	-2	43	108	-65	-66
"K_1818 Herøy (Nordland)"	"1986"	2124	20	25	-5	69	92	-23	-24
"K_1818 Herøy (Nordland)"	"1987"	2100	29	35	-6	70	87	-17	-23
"K_1818 Herøy (Nordland)"	"1988"	2077	31	34	-3	74	90	-16	-17
"K_1818 Herøy (Nordland)"	"1989"	2060	46	26	20	101	85	16	34
"K_1818 Herøy (Nordland)"	"1990"	2094	32	32	0	61	97	-36	-36
"K_1818 Herøy (Nordland)"	"1991"	2058	23	26	-3	42	101	-59	-63
"K_1818 Herøy (Nordland)"	"1992"	1995	22	44	-22	51	55	-4	-26
"K_1818 Herøy (Nordland)"	"1993"	1969	27	36	-9	70	67	3	-6
"K_1818 Herøy (Nordland)"	"1994"	1963	24	33	-9	58	79	-21	-30
"K_1818 Herøy (Nordland)"	"1995"	1933	27	29	-2	56	60	-4	-6
"K_1818 Herøy (Nordland)"	"1996"	1927	21	36	-15	87	65	22	7
"K_1818 Herøy (Nordland)"	"1997"	1934	17	30	-13	84	84	0	-13
"K_1818 Herøy (Nordland)"	"1998"	1921	21	34	-13	83	97	-14	-26
"K_1818 Herøy (Nordland)"	"1999"	1895	17	29	-12	80	82	-2	-14
"K_1818 Herøy (Nordland)"	"2000"	1881	18	25	-7	66	67	-1	-7
"K_1818 Herøy (Nordland)"	"2001"	1874	15	31	-16	76	103	-27	-39
"K_1818 Herøy (Nordland)"	"2002"	1835	19	24	-5	61	98	-37	-42
"K_1818 Herøy (Nordland)"	"2003"	1793	20	26	-6	52	93	-41	-45
"K_1818 Herøy (Nordland)"	"2004"	1748	16	24	-8	58	59	-1	-9
"K_1818 Herøy (Nordland)"	"2005"	1739	18	15	3	49	66	-17	-14
"K_1818 Herøy (Nordland)"	"2006"	1725	16	20	-4	24	64	-40	-43
"K_1818 Herøy (Nordland)"	"2007"	1682	21	22	-1	58	56	2	1
"K_1818 Herøy (Nordland)"	"2008"	1683	17	26	-9	57	79	-22	-31
"K_1818 Herøy (Nordland)"	"2009"	1652	5	21	-16	69	87	-18	-34
"K_1818 Herøy (Nordland)"	"2010"	1618	17	28	-11	126	84	42	31
"K_1818 Herøy (Nordland)"	"2011"	1649	20	27	-7	128	60	68	62
"K_1818 Herøy (Nordland)"	"2012"	1711	11	19	-8	129	73	56	48
"K_1818 Herøy (Nordland)"	"2013"	1759	14	20	-6	73	93	-20	-26
"K_1818 Herøy (Nordland)"	"2014"	1733	12	21	-9	97	85	12	4
"K_1818 Herøy (Nordland)"	"2015"	1737	17	17	0	95	89	6	6
"K_1818 Herøy (Nordland)"	"2016"	1743	18	18	0	114	68	46	45
"K_1818 Herøy (Nordland)"	"2017"	1788	15	22	-7	99	90	9	2
"K_1818 Herøy (Nordland)"	"2018"	1790	22	22	0	81	91	-10	-10
"K_1818 Herøy (Nordland)"	"2019"	1780	19	16	3	93	100	-7	-3
"K_1818 Herøy (Nordland)"	"2020"	1777	21	18	3	93	80	13	16
"K_1818 Herøy (Nordland)"	"2021"	1793	16	12	4	130	101	29	32
"K_1818 Herøy (Nordland)"	"2022"	1825	14	20	-6	111	92	19	14
"K_1818 Herøy (Nordland)"	"2023"	1839	12	26	-14	140	123	17	3
"K_1818 Herøy (Nordland)"	"2024"	1842	..	..	..	..	..	..	..
"K_1820 Alstahaug"	"1951"	1626	31	10	21	56	79	-23	-2
"K_1820 Alstahaug"	"1952"	1624	25	16	9	45	57	-12	-3
"K_1820 Alstahaug"	"1953"	1621	25	13	12	25	73	-48	-36
"K_1820 Alstahaug"	"1954"	1585	26	17	9	35	67	-32	-23
"K_1820 Alstahaug"	"1955"	1562	20	13	7	52	63	-11	42
"K_1820 Alstahaug"	"1956"	1604	24	8	16	51	90	-39	-23
"K_1820 Alstahaug"	"1957"	1581	27	13	14	42	88	-46	-32
"K_1820 Alstahaug"	"1958"	1549	24	13	11	39	65	-26	-15
"K_1820 Alstahaug"	"1959"	1534	23	22	1	54	66	-12	-11
"K_1820 Alstahaug"	"1960"	1523	23	12	11	57	84	-27	-28
"K_1820 Alstahaug"	"1961"	1495	25	18	7	36	57	-21	-14
"K_1820 Alstahaug"	"1962"	1481	32	12	20	56	85	-29	-9
"K_1820 Alstahaug"	"1963"	1472	23	16	7	67	72	-5	2
"K_1820 Alstahaug"	"1964"	1474	19	17	2	41	86	-45	-43
"K_1820 Alstahaug"	"1965"	6303	122	60	62	312	399	-87	-25
"K_1820 Alstahaug"	"1966"	6278	131	53	78	331	394	-63	27
"K_1820 Alstahaug"	"1967"	6305	132	50	82	369	328	41	123
"K_1820 Alstahaug"	"1968"	6428	152	61	91	304	418	-114	-26
"K_1820 Alstahaug"	"1969"	6402	144	61	83	330	420	-90	-9
"K_1820 Alstahaug"	"1970"	6393	144	50	94	490	493	-3	101
"K_1820 Alstahaug"	"1971"	6526	119	60	59	376	390	-14	36
"K_1820 Alstahaug"	"1972"	6562	114	57	57	456	371	85	153
"K_1820 Alstahaug"	"1973"	6715	118	64	54	326	322	4	60
"K_1820 Alstahaug"	"1974"	6775	107	56	51	355	295	60	106
"K_1820 Alstahaug"	"1975"	6881	112	81	31	653	323	330	349
"K_1820 Alstahaug"	"1976"	7230	126	73	53	619	432	187	248
"K_1820 Alstahaug"	"1977"	7478	107	63	44	420	496	-76	-31
"K_1820 Alstahaug"	"1978"	7447	107	55	52	404	437	-33	19
"K_1820 Alstahaug"	"1979"	7466	114	77	37	409	405	4	41
"K_1820 Alstahaug"	"1980"	7507	88	68	20	345	382	-37	-21
"K_1820 Alstahaug"	"1981"	7486	113	68	45	366	326	40	85
"K_1820 Alstahaug"	"1982"	7571	102	57	45	331	363	-32	11
"K_1820 Alstahaug"	"1983"	7582	91	66	25	290	359	-69	-44
"K_1820 Alstahaug"	"1984"	7538	91	68	23	343	296	47	70
"K_1820 Alstahaug"	"1985"	7608	100	67	33	374	401	-27	4
"K_1820 Alstahaug"	"1986"	7612	120	63	57	289	386	-97	-39
"K_1820 Alstahaug"	"1987"	7573	101	68	33	333	432	-99	-68
"K_1820 Alstahaug"	"1988"	7505	116	75	41	312	396	-84	-41
"K_1820 Alstahaug"	"1989"	7464	115	85	30	346	354	-8	23
"K_1820 Alstahaug"	"1990"	7487	107	72	35	412	444	-32	4
"K_1820 Alstahaug"	"1991"	7491	100	90	10	455	393	62	75
"K_1820 Alstahaug"	"1992"	7566	119	93	26	467	409	58	82
"K_1820 Alstahaug"	"1993"	7648	135	79	56	411	426	-15	-17
"K_1820 Alstahaug"	"1994"	7631	93	76	17	408	522	-114	-108
"K_1820 Alstahaug"	"1995"	7523	113	104	9	392	485	-93	-77
"K_1820 Alstahaug"	"1996"	7446	90	60	30	334	393	-59	-28
"K_1820 Alstahaug"	"1997"	7418	87	64	23	440	433	7	30
"K_1820 Alstahaug"	"1998"	7448	97	89	8	371	455	-84	-77
"K_1820 Alstahaug"	"1999"	7371	108	76	32	459	422	37	69
"K_1820 Alstahaug"	"2000"	7440	86	69	17	419	472	-53	-36
"K_1820 Alstahaug"	"2001"	7404	81	54	27	371	368	3	30
"K_1820 Alstahaug"	"2002"	7434	90	76	14	425	423	2	11
"K_1820 Alstahaug"	"2003"	7445	83	66	17	287	371	-84	-67
"K_1820 Alstahaug"	"2004"	7378	81	51	30	335	345	-10	20
"K_1820 Alstahaug"	"2005"	7398	58	62	-4	307	389	-82	-92
"K_1820 Alstahaug"	"2006"	7306	74	73	1	303	389	-86	-81
"K_1820 Alstahaug"	"2007"	7225	67	61	6	339	368	-29	-18
"K_1820 Alstahaug"	"2008"	7207	64	52	12	357	362	-5	1
"K_1820 Alstahaug"	"2009"	7208	69	66	3	329	347	-18	-12
"K_1820 Alstahaug"	"2010"	7196	74	54	20	405	328	77	100
"K_1820 Alstahaug"	"2011"	7296	74	65	9	403	337	66	76
"K_1820 Alstahaug"	"2012"	7372	93	65	28	371	411	-40	-11
"K_1820 Alstahaug"	"2013"	7361	77	63	14	441	421	20	33
"K_1820 Alstahaug"	"2014"	7394	81	74	7	431	380	51	60
"K_1820 Alstahaug"	"2015"	7454	75	52	23	453	492	-39	-17
"K_1820 Alstahaug"	"2016"	7437	65	69	-4	441	445	-4	-9
"K_1820 Alstahaug"	"2017"	7428	76	68	8	445	430	15	22
"K_1820 Alstahaug"	"2018"	7450	68	56	12	327	374	-47	-35
"K_1820 Alstahaug"	"2019"	7415	73	58	15	356	340	16	32
"K_1820 Alstahaug"	"2020"	7447	63	56	7	297	358	-61	-53
"K_1820 Alstahaug"	"2021"	7394	63	77	-14	351	399	-48	-61
"K_1820 Alstahaug"	"2022"	7333	57	81	-24	396	403	-7	-33
"K_1820 Alstahaug"	"2023"	7300	60	55	5	487	373	114	121
"K_1820 Alstahaug"	"2024"	7421	..	..	..	..	..	..	..
"K_1822 Leirfjord"	"1951"	2297	44	22	22	20	65	-45	-23
"K_1822 Leirfjord"	"1952"	2274	43	19	24	42	84	-42	-18
"K_1822 Leirfjord"	"1953"	2256	51	21	30	32	88	-56	-26
"K_1822 Leirfjord"	"1954"	2230	35	21	14	31	107	-76	-62
"K_1822 Leirfjord"	"1955"	2168	29	14	15	32	73	-41	3
"K_1822 Leirfjord"	"1956"	2171	45	14	31	30	96	-66	-35
"K_1822 Leirfjord"	"1957"	2136	29	18	11	52	93	-41	-30
"K_1822 Leirfjord"	"1958"	2106	36	12	24	39	77	-38	-14
"K_1822 Leirfjord"	"1959"	2092	29	19	10	37	60	-23	-13
"K_1822 Leirfjord"	"1960"	2079	33	12	21	68	134	-66	-61
"K_1822 Leirfjord"	"1961"	2018	36	21	15	35	73	-38	-23
"K_1822 Leirfjord"	"1962"	1995	21	21	0	53	91	-38	-38
"K_1822 Leirfjord"	"1963"	1957	24	26	-2	85	104	-19	-21
"K_1822 Leirfjord"	"1964"	2696	42	33	9	77	134	-57	-48
"K_1822 Leirfjord"	"1965"	2648	38	32	6	128	164	-36	-30
"K_1822 Leirfjord"	"1966"	2618	41	27	14	121	169	-48	-42
"K_1822 Leirfjord"	"1967"	2576	38	28	10	99	125	-26	-16
"K_1822 Leirfjord"	"1968"	2560	31	30	1	121	145	-24	-39
"K_1822 Leirfjord"	"1969"	2521	40	38	2	79	179	-100	-98
"K_1822 Leirfjord"	"1970"	2423	25	29	-4	108	233	-125	-120
"K_1822 Leirfjord"	"1971"	2303	34	30	4	99	100	-1	2
"K_1822 Leirfjord"	"1972"	2305	16	27	-11	92	133	-41	-51
"K_1822 Leirfjord"	"1973"	2254	17	38	-21	89	109	-20	-42
"K_1822 Leirfjord"	"1974"	2212	22	39	-17	124	101	23	6
"K_1822 Leirfjord"	"1975"	2218	27	25	2	130	120	10	13
"K_1822 Leirfjord"	"1976"	2231	23	22	1	89	107	-18	-23
"K_1822 Leirfjord"	"1977"	2208	29	19	10	107	125	-18	-7
"K_1822 Leirfjord"	"1978"	2201	19	30	-11	106	91	15	3
"K_1822 Leirfjord"	"1979"	2204	24	33	-9	97	77	20	11
"K_1822 Leirfjord"	"1980"	2215	26	27	-1	94	79	15	14
"K_1822 Leirfjord"	"1981"	2229	35	26	9	146	73	73	82
"K_1822 Leirfjord"	"1982"	2311	16	26	-10	121	55	66	56
"K_1822 Leirfjord"	"1983"	2367	36	30	6	105	72	33	39
"K_1822 Leirfjord"	"1984"	2406	41	29	12	93	76	17	29
"K_1822 Leirfjord"	"1985"	2435	37	24	13	92	111	-19	-6
"K_1822 Leirfjord"	"1986"	2429	37	35	2	55	128	-73	-72
"K_1822 Leirfjord"	"1987"	2357	43	41	2	128	96	32	32
"K_1822 Leirfjord"	"1988"	2389	36	43	-7	77	92	-15	-22
"K_1822 Leirfjord"	"1989"	2367	46	31	15	78	94	-16	-3
"K_1822 Leirfjord"	"1990"	2364	39	40	-1	91	78	13	12
"K_1822 Leirfjord"	"1991"	2376	37	41	-4	95	110	-15	-19
"K_1822 Leirfjord"	"1992"	2357	30	24	6	66	98	-32	-25
"K_1822 Leirfjord"	"1993"	2332	29	22	7	68	91	-23	-17
"K_1822 Leirfjord"	"1994"	2315	28	22	6	114	102	12	17
"K_1822 Leirfjord"	"1995"	2332	36	42	-6	135	86	49	40
"K_1822 Leirfjord"	"1996"	2372	35	36	-1	82	104	-22	-23
"K_1822 Leirfjord"	"1997"	2349	30	40	-10	90	161	-71	-81
"K_1822 Leirfjord"	"1998"	2268	19	34	-15	98	108	-10	-25
"K_1822 Leirfjord"	"1999"	2243	16	26	-10	127	118	9	-1
"K_1822 Leirfjord"	"2000"	2242	18	32	-14	112	121	-9	-23
"K_1822 Leirfjord"	"2001"	2219	24	30	-6	81	94	-13	-19
"K_1822 Leirfjord"	"2002"	2200	23	36	-13	109	82	27	14
"K_1822 Leirfjord"	"2003"	2214	25	22	3	91	81	10	13
"K_1822 Leirfjord"	"2004"	2227	16	25	-9	68	129	-61	-71
"K_1822 Leirfjord"	"2005"	2156	13	25	-12	111	99	12	0
"K_1822 Leirfjord"	"2006"	2156	23	20	3	93	129	-36	-33
"K_1822 Leirfjord"	"2007"	2123	17	25	-8	104	128	-24	-33
"K_1822 Leirfjord"	"2008"	2090	18	29	-11	116	111	5	-2
"K_1822 Leirfjord"	"2009"	2088	25	17	8	140	96	44	52
"K_1822 Leirfjord"	"2010"	2140	14	20	-6	148	121	27	20
"K_1822 Leirfjord"	"2011"	2160	28	23	5	89	146	-57	-53
"K_1822 Leirfjord"	"2012"	2107	27	21	6	143	113	30	37
"K_1822 Leirfjord"	"2013"	2144	33	23	10	155	118	37	44
"K_1822 Leirfjord"	"2014"	2188	31	26	5	137	142	-5	0
"K_1822 Leirfjord"	"2015"	2188	34	23	11	153	136	17	28
"K_1822 Leirfjord"	"2016"	2216	36	20	16	173	125	48	62
"K_1822 Leirfjord"	"2017"	2278	25	20	5	161	136	25	29
"K_1822 Leirfjord"	"2018"	2307	31	20	11	134	132	2	13
"K_1822 Leirfjord"	"2019"	2320	32	16	16	102	144	-42	-26
"K_1822 Leirfjord"	"2020"	2294	20	23	-3	126	139	-13	-16
"K_1822 Leirfjord"	"2021"	2278	26	22	4	115	142	-27	-21
"K_1822 Leirfjord"	"2022"	2257	21	32	-11	158	134	24	13
"K_1822 Leirfjord"	"2023"	2270	23	21	2	170	90	80	82
"K_1822 Leirfjord"	"2024"	2352	..	..	..	..	..	..	..
"K_1824 Vefsn"	"1951"	9087	184	76	108	497	529	-32	76
"K_1824 Vefsn"	"1952"	9163	192	85	107	480	458	22	129
"K_1824 Vefsn"	"1953"	9292	196	76	120	531	523	8	128
"K_1824 Vefsn"	"1954"	9420	218	67	151	578	578	0	151
"K_1824 Vefsn"	"1955"	9571	205	76	129	644	579	65	290
"K_1824 Vefsn"	"1956"	9861	173	59	114	911	615	296	410
"K_1824 Vefsn"	"1957"	10271	217	76	141	1118	822	296	437
"K_1824 Vefsn"	"1958"	10708	221	74	147	925	830	95	242
"K_1824 Vefsn"	"1959"	10950	236	76	160	1041	863	178	338
"K_1824 Vefsn"	"1960"	11288	231	71	160	1149	1056	93	250
"K_1824 Vefsn"	"1961"	11538	271	67	204	938	773	165	369
"K_1824 Vefsn"	"1962"	11907	279	119	160	638	512	126	286
"K_1824 Vefsn"	"1963"	12193	282	95	187	564	573	-9	178
"K_1824 Vefsn"	"1964"	12371	307	105	202	535	559	-24	178
"K_1824 Vefsn"	"1965"	12549	288	94	194	591	571	20	214
"K_1824 Vefsn"	"1966"	12763	270	103	167	614	566	48	223
"K_1824 Vefsn"	"1967"	12986	253	96	157	542	645	-103	54
"K_1824 Vefsn"	"1968"	13040	295	116	179	573	620	-47	153
"K_1824 Vefsn"	"1969"	13193	300	110	190	657	633	24	208
"K_1824 Vefsn"	"1970"	13401	260	98	162	711	881	-170	-21
"K_1824 Vefsn"	"1971"	13380	239	111	128	470	636	-166	-42
"K_1824 Vefsn"	"1972"	13338	259	103	156	454	592	-138	24
"K_1824 Vefsn"	"1973"	13362	208	132	76	487	561	-74	7
"K_1824 Vefsn"	"1974"	13369	200	96	104	489	580	-91	7
"K_1824 Vefsn"	"1975"	13376	178	96	82	499	612	-113	-34
"K_1824 Vefsn"	"1976"	13342	134	111	23	410	572	-162	-138
"K_1824 Vefsn"	"1977"	13204	171	123	48	523	564	-41	12
"K_1824 Vefsn"	"1978"	13216	166	116	50	473	477	-4	44
"K_1824 Vefsn"	"1979"	13260	139	106	33	418	488	-70	-34
"K_1824 Vefsn"	"1980"	13226	154	117	37	475	502	-27	11
"K_1824 Vefsn"	"1981"	13237	163	118	45	425	458	-33	11
"K_1824 Vefsn"	"1982"	13248	168	128	40	415	446	-31	9
"K_1824 Vefsn"	"1983"	13257	169	119	50	400	441	-41	10
"K_1824 Vefsn"	"1984"	13267	160	109	51	477	517	-40	15
"K_1824 Vefsn"	"1985"	13282	155	129	26	378	500	-122	-93
"K_1824 Vefsn"	"1986"	13189	150	126	24	475	541	-66	-42
"K_1824 Vefsn"	"1987"	13147	156	116	40	528	515	13	49
"K_1824 Vefsn"	"1988"	13196	175	120	55	462	492	-30	29
"K_1824 Vefsn"	"1989"	13225	213	102	111	449	498	-49	61
"K_1824 Vefsn"	"1990"	13286	171	116	55	463	387	76	131
"K_1824 Vefsn"	"1991"	13417	174	117	57	394	449	-55	10
"K_1824 Vefsn"	"1992"	13427	180	141	39	412	410	2	37
"K_1824 Vefsn"	"1993"	13464	205	110	95	401	397	4	101
"K_1824 Vefsn"	"1994"	13565	177	121	56	353	444	-91	34
"K_1824 Vefsn"	"1995"	13599	185	121	64	458	425	33	100
"K_1824 Vefsn"	"1996"	13699	198	142	56	349	474	-125	-64
"K_1824 Vefsn"	"1997"	13635	154	134	20	424	491	-67	-50
"K_1824 Vefsn"	"1998"	13585	161	120	41	415	494	-79	-36
"K_1824 Vefsn"	"1999"	13549	171	142	29	513	540	-27	4
"K_1824 Vefsn"	"2000"	13553	161	125	36	483	570	-87	-52
"K_1824 Vefsn"	"2001"	13501	165	149	16	479	518	-39	-17
"K_1824 Vefsn"	"2002"	13484	128	129	-1	448	482	-34	-28
"K_1824 Vefsn"	"2003"	13456	172	135	37	449	470	-21	17
"K_1824 Vefsn"	"2004"	13473	156	117	39	407	438	-31	13
"K_1824 Vefsn"	"2005"	13486	126	124	2	379	427	-48	-46
"K_1824 Vefsn"	"2006"	13440	119	130	-11	610	469	141	131
"K_1824 Vefsn"	"2007"	13571	141	151	-10	383	529	-146	-147
"K_1824 Vefsn"	"2008"	13424	133	121	12	360	458	-98	-82
"K_1824 Vefsn"	"2009"	13342	131	109	22	427	398	29	46
"K_1824 Vefsn"	"2010"	13388	142	150	-8	402	474	-72	-81
"K_1824 Vefsn"	"2011"	13307	145	135	10	441	502	-61	-49
"K_1824 Vefsn"	"2012"	13258	150	144	6	450	463	-13	-6
"K_1824 Vefsn"	"2013"	13252	132	135	-3	468	440	28	34
"K_1824 Vefsn"	"2014"	13286	131	136	-5	546	478	68	66
"K_1824 Vefsn"	"2015"	13352	126	123	3	524	460	64	75
"K_1824 Vefsn"	"2016"	13427	126	123	3	508	468	40	38
"K_1824 Vefsn"	"2017"	13465	114	114	0	485	503	-18	-17
"K_1824 Vefsn"	"2018"	13448	119	131	-12	435	470	-35	-45
"K_1824 Vefsn"	"2019"	13403	135	152	-17	367	475	-108	-125
"K_1824 Vefsn"	"2020"	13278	97	138	-41	424	394	30	-10
"K_1824 Vefsn"	"2021"	13268	115	129	-14	499	516	-17	-35
"K_1824 Vefsn"	"2022"	13233	113	127	-14	544	417	127	109
"K_1824 Vefsn"	"2023"	13342	145	131	14	521	415	106	127
"K_1824 Vefsn"	"2024"	13469	..	..	..	..	..	..	..
"K_1825 Grane"	"1951"	1794	32	11	21	76	81	-5	16
"K_1825 Grane"	"1952"	1810	46	14	32	40	59	-19	13
"K_1825 Grane"	"1953"	1823	31	16	15	64	85	-21	-6
"K_1825 Grane"	"1954"	1817	30	5	25	51	85	-34	-9
"K_1825 Grane"	"1955"	1808	27	7	20	52	92	-40	-41
"K_1825 Grane"	"1956"	1767	32	11	21	79	114	-35	-14
"K_1825 Grane"	"1957"	1753	31	9	22	55	115	-60	-38
"K_1825 Grane"	"1958"	1715	22	3	19	97	105	-8	11
"K_1825 Grane"	"1959"	1726	20	9	11	72	89	-17	-6
"K_1825 Grane"	"1960"	1720	33	6	27	98	119	-21	-8
"K_1825 Grane"	"1961"	1712	25	14	11	90	82	8	19
"K_1825 Grane"	"1962"	1731	39	13	26	97	96	1	27
"K_1825 Grane"	"1963"	1758	27	18	9	91	72	19	28
"K_1825 Grane"	"1964"	1786	40	13	27	62	98	-36	-9
"K_1825 Grane"	"1965"	1777	39	15	24	99	135	-36	-12
"K_1825 Grane"	"1966"	1765	26	13	13	80	152	-72	-66
"K_1825 Grane"	"1967"	1699	26	15	11	90	94	-4	7
"K_1825 Grane"	"1968"	1706	26	22	4	96	93	3	8
"K_1825 Grane"	"1969"	1714	28	14	14	81	92	-11	2
"K_1825 Grane"	"1970"	1716	23	18	5	75	127	-52	-50
"K_1825 Grane"	"1971"	1666	14	13	1	59	102	-43	-42
"K_1825 Grane"	"1972"	1624	27	13	14	65	53	12	28
"K_1825 Grane"	"1973"	1652	18	13	5	79	86	-7	-3
"K_1825 Grane"	"1974"	1649	18	14	4	86	107	-21	-18
"K_1825 Grane"	"1975"	1631	17	19	-2	78	79	-1	-6
"K_1825 Grane"	"1976"	1625	15	13	2	64	80	-16	-11
"K_1825 Grane"	"1977"	1614	14	17	-3	95	53	42	39
"K_1825 Grane"	"1978"	1653	20	14	6	87	57	30	36
"K_1825 Grane"	"1979"	1689	18	18	0	82	47	35	35
"K_1825 Grane"	"1980"	1724	10	21	-11	82	65	17	6
"K_1825 Grane"	"1981"	1730	22	16	6	100	87	13	18
"K_1825 Grane"	"1982"	1748	18	17	1	59	66	-7	-6
"K_1825 Grane"	"1983"	1742	18	18	0	68	49	19	19
"K_1825 Grane"	"1984"	1761	24	14	10	70	57	13	22
"K_1825 Grane"	"1985"	1783	18	29	-11	52	68	-16	-28
"K_1825 Grane"	"1986"	1755	27	18	9	66	69	-3	6
"K_1825 Grane"	"1987"	1761	20	22	-2	60	62	-2	-4
"K_1825 Grane"	"1988"	1757	24	17	7	51	73	-22	-17
"K_1825 Grane"	"1989"	1740	20	20	0	51	58	-7	-6
"K_1825 Grane"	"1990"	1734	23	18	5	46	72	-26	-20
"K_1825 Grane"	"1991"	1714	15	29	-14	61	60	1	-13
"K_1825 Grane"	"1992"	1701	27	23	4	47	54	-7	-3
"K_1825 Grane"	"1993"	1698	22	26	-4	39	49	-10	-14
"K_1825 Grane"	"1994"	1684	18	22	-4	50	52	-2	-6
"K_1825 Grane"	"1995"	1678	16	22	-6	39	51	-12	-21
"K_1825 Grane"	"1996"	1657	17	16	1	62	66	-4	-3
"K_1825 Grane"	"1997"	1654	16	19	-3	104	73	31	28
"K_1825 Grane"	"1998"	1682	19	20	-1	50	83	-33	-34
"K_1825 Grane"	"1999"	1648	19	20	-1	83	78	5	4
"K_1825 Grane"	"2000"	1652	25	21	4	55	100	-45	-41
"K_1825 Grane"	"2001"	1611	14	26	-12	53	83	-30	-42
"K_1825 Grane"	"2002"	1569	14	33	-19	61	68	-7	-27
"K_1825 Grane"	"2003"	1542	16	21	-5	49	49	0	-6
"K_1825 Grane"	"2004"	1536	12	19	-7	66	51	15	8
"K_1825 Grane"	"2005"	1544	16	23	-7	55	51	4	-1
"K_1825 Grane"	"2006"	1543	14	17	-3	81	81	0	-3
"K_1825 Grane"	"2007"	1540	14	27	-13	80	66	14	-3
"K_1825 Grane"	"2008"	1537	17	22	-5	36	69	-33	-37
"K_1825 Grane"	"2009"	1500	11	13	-2	58	60	-2	-4
"K_1825 Grane"	"2010"	1496	19	15	4	62	76	-14	-9
"K_1825 Grane"	"2011"	1487	8	15	-7	68	92	-24	-32
"K_1825 Grane"	"2012"	1455	16	23	-7	67	56	11	4
"K_1825 Grane"	"2013"	1459	14	14	0	63	57	6	6
"K_1825 Grane"	"2014"	1465	10	9	1	36	44	-8	-7
"K_1825 Grane"	"2015"	1458	9	17	-8	55	43	12	4
"K_1825 Grane"	"2016"	1462	10	14	-4	61	50	11	7
"K_1825 Grane"	"2017"	1469	7	11	-4	52	54	-2	-6
"K_1825 Grane"	"2018"	1463	13	17	-4	81	47	34	30
"K_1825 Grane"	"2019"	1493	14	24	-10	72	73	-1	-11
"K_1825 Grane"	"2020"	1482	11	15	-4	60	85	-25	-29
"K_1825 Grane"	"2021"	1453	10	13	-3	63	51	12	8
"K_1825 Grane"	"2022"	1461	16	13	3	78	88	-10	-7
"K_1825 Grane"	"2023"	1454	12	18	-6	77	78	-1	-7
"K_1825 Grane"	"2024"	1447	..	..	..	..	..	..	..
"K_1826 Aarborte - Hattfjelldal"	"1951"	1893	29	20	9	24	76	-52	-43
"K_1826 Aarborte - Hattfjelldal"	"1952"	1850	35	13	22	35	32	3	25
"K_1826 Aarborte - Hattfjelldal"	"1953"	1875	32	15	17	32	45	-13	4
"K_1826 Aarborte - Hattfjelldal"	"1954"	1879	28	12	16	38	44	-6	10
"K_1826 Aarborte - Hattfjelldal"	"1955"	1889	33	22	11	26	44	-18	27
"K_1826 Aarborte - Hattfjelldal"	"1956"	1916	28	18	10	49	88	-39	-29
"K_1826 Aarborte - Hattfjelldal"	"1957"	1887	41	10	31	38	59	-21	10
"K_1826 Aarborte - Hattfjelldal"	"1958"	1897	26	17	9	59	57	2	11
"K_1826 Aarborte - Hattfjelldal"	"1959"	1908	31	10	21	61	49	12	33
"K_1826 Aarborte - Hattfjelldal"	"1960"	1941	45	13	32	131	72	59	97
"K_1826 Aarborte - Hattfjelldal"	"1961"	2038	32	11	21	104	64	40	61
"K_1826 Aarborte - Hattfjelldal"	"1962"	2099	47	8	39	96	124	-28	11
"K_1826 Aarborte - Hattfjelldal"	"1963"	2110	53	18	35	73	103	-30	5
"K_1826 Aarborte - Hattfjelldal"	"1964"	1947	36	13	23	48	70	-22	1
"K_1826 Aarborte - Hattfjelldal"	"1965"	1948	41	10	31	56	149	-93	-62
"K_1826 Aarborte - Hattfjelldal"	"1966"	1886	33	16	17	56	87	-31	-17
"K_1826 Aarborte - Hattfjelldal"	"1967"	1869	38	10	28	56	115	-59	-31
"K_1826 Aarborte - Hattfjelldal"	"1968"	1838	28	15	13	77	124	-47	-36
"K_1826 Aarborte - Hattfjelldal"	"1969"	1802	36	13	23	54	78	-24	-3
"K_1826 Aarborte - Hattfjelldal"	"1970"	1799	46	23	23	57	80	-23	-3
"K_1826 Aarborte - Hattfjelldal"	"1971"	1796	19	14	5	47	100	-53	-47
"K_1826 Aarborte - Hattfjelldal"	"1972"	1749	30	13	17	58	73	-15	3
"K_1826 Aarborte - Hattfjelldal"	"1973"	1752	26	16	10	63	77	-14	-4
"K_1826 Aarborte - Hattfjelldal"	"1974"	1748	28	18	10	81	63	18	28
"K_1826 Aarborte - Hattfjelldal"	"1975"	1776	30	13	17	68	69	-1	11
"K_1826 Aarborte - Hattfjelldal"	"1976"	1787	22	15	7	59	69	-10	-3
"K_1826 Aarborte - Hattfjelldal"	"1977"	1784	27	20	7	70	60	10	17
"K_1826 Aarborte - Hattfjelldal"	"1978"	1801	16	10	6	61	70	-9	-3
"K_1826 Aarborte - Hattfjelldal"	"1979"	1798	17	24	-7	54	45	9	2
"K_1826 Aarborte - Hattfjelldal"	"1980"	1800	20	21	-1	60	58	2	2
"K_1826 Aarborte - Hattfjelldal"	"1981"	1802	18	15	3	60	72	-12	-9
"K_1826 Aarborte - Hattfjelldal"	"1982"	1793	17	14	3	53	61	-8	-5
"K_1826 Aarborte - Hattfjelldal"	"1983"	1788	20	23	-3	50	61	-11	-14
"K_1826 Aarborte - Hattfjelldal"	"1984"	1774	14	25	-11	49	38	11	0
"K_1826 Aarborte - Hattfjelldal"	"1985"	1774	26	12	14	46	63	-17	-6
"K_1826 Aarborte - Hattfjelldal"	"1986"	1768	18	9	9	56	75	-19	-10
"K_1826 Aarborte - Hattfjelldal"	"1987"	1758	28	17	11	54	84	-30	-22
"K_1826 Aarborte - Hattfjelldal"	"1988"	1736	27	12	15	64	64	0	15
"K_1826 Aarborte - Hattfjelldal"	"1989"	1751	19	10	9	40	66	-26	-23
"K_1826 Aarborte - Hattfjelldal"	"1990"	1728	16	21	-5	51	46	5	0
"K_1826 Aarborte - Hattfjelldal"	"1991"	1728	18	23	-5	46	52	-6	-10
"K_1826 Aarborte - Hattfjelldal"	"1992"	1718	27	17	10	60	75	-15	-7
"K_1826 Aarborte - Hattfjelldal"	"1993"	1711	15	21	-6	42	72	-30	-37
"K_1826 Aarborte - Hattfjelldal"	"1994"	1674	17	19	-2	63	69	-6	-8
"K_1826 Aarborte - Hattfjelldal"	"1995"	1666	20	18	2	53	61	-8	-2
"K_1826 Aarborte - Hattfjelldal"	"1996"	1664	20	25	-5	53	72	-19	-24
"K_1826 Aarborte - Hattfjelldal"	"1997"	1640	25	16	9	45	59	-14	-5
"K_1826 Aarborte - Hattfjelldal"	"1998"	1635	21	23	-2	63	60	3	1
"K_1826 Aarborte - Hattfjelldal"	"1999"	1636	22	21	1	42	45	-3	-2
"K_1826 Aarborte - Hattfjelldal"	"2000"	1634	15	29	-14	81	69	12	-2
"K_1826 Aarborte - Hattfjelldal"	"2001"	1632	22	21	1	38	68	-30	-29
"K_1826 Aarborte - Hattfjelldal"	"2002"	1603	10	27	-17	33	50	-17	-34
"K_1826 Aarborte - Hattfjelldal"	"2003"	1569	16	18	-2	38	42	-4	-7
"K_1826 Aarborte - Hattfjelldal"	"2004"	1562	16	11	5	22	60	-38	-32
"K_1826 Aarborte - Hattfjelldal"	"2005"	1530	15	22	-7	22	42	-20	-27
"K_1826 Aarborte - Hattfjelldal"	"2006"	1503	16	15	1	29	51	-22	-21
"K_1826 Aarborte - Hattfjelldal"	"2007"	1482	7	18	-11	39	47	-8	-19
"K_1826 Aarborte - Hattfjelldal"	"2008"	1463	18	27	-9	37	53	-16	-25
"K_1826 Aarborte - Hattfjelldal"	"2009"	1438	16	16	0	61	55	6	6
"K_1826 Aarborte - Hattfjelldal"	"2010"	1444	16	14	2	75	57	18	19
"K_1826 Aarborte - Hattfjelldal"	"2011"	1463	11	22	-11	57	53	4	-7
"K_1826 Aarborte - Hattfjelldal"	"2012"	1456	11	17	-6	72	51	21	15
"K_1826 Aarborte - Hattfjelldal"	"2013"	1471	12	11	1	100	72	28	29
"K_1826 Aarborte - Hattfjelldal"	"2014"	1500	14	10	4	127	98	29	33
"K_1826 Aarborte - Hattfjelldal"	"2015"	1533	17	15	2	124	194	-70	-68
"K_1826 Aarborte - Hattfjelldal"	"2016"	1465	12	16	-4	103	150	-47	-51
"K_1826 Aarborte - Hattfjelldal"	"2017"	1414	12	18	-6	63	62	1	-3
"K_1826 Aarborte - Hattfjelldal"	"2018"	1411	6	17	-11	32	73	-41	-52
"K_1826 Aarborte - Hattfjelldal"	"2019"	1359	7	22	-15	33	80	-47	-62
"K_1826 Aarborte - Hattfjelldal"	"2020"	1297	6	13	-7	39	61	-22	-30
"K_1826 Aarborte - Hattfjelldal"	"2021"	1267	15	15	0	60	55	5	6
"K_1826 Aarborte - Hattfjelldal"	"2022"	1273	10	16	-6	62	51	11	5
"K_1826 Aarborte - Hattfjelldal"	"2023"	1278	10	23	-13	64	45	19	6
"K_1826 Aarborte - Hattfjelldal"	"2024"	1284	..	..	..	..	..	..	..
"K_1827 Dønna"	"1951"	0	0	0	0	0	0	0	0
"K_1827 Dønna"	"1952"	0	0	0	0	0	0	0	0
"K_1827 Dønna"	"1953"	0	0	0	0	0	0	0	0
"K_1827 Dønna"	"1954"	0	0	0	0	0	0	0	0
"K_1827 Dønna"	"1955"	0	0	0	0	0	0	0	0
"K_1827 Dønna"	"1956"	0	0	0	0	0	0	0	0
"K_1827 Dønna"	"1957"	0	0	0	0	0	0	0	0
"K_1827 Dønna"	"1958"	0	0	0	0	0	0	0	0
"K_1827 Dønna"	"1959"	0	0	0	0	0	0	0	0
"K_1827 Dønna"	"1960"	0	0	0	0	0	0	0	0
"K_1827 Dønna"	"1961"	0	0	0	0	0	0	0	0
"K_1827 Dønna"	"1962"	2740	42	32	10	70	168	-98	-88
"K_1827 Dønna"	"1963"	2652	53	26	27	63	174	-111	-84
"K_1827 Dønna"	"1964"	2568	40	34	6	101	171	-70	-64
"K_1827 Dønna"	"1965"	2504	31	22	9	75	112	-37	-28
"K_1827 Dønna"	"1966"	2476	45	29	16	73	145	-72	-101
"K_1827 Dønna"	"1967"	2375	39	21	18	131	137	-6	12
"K_1827 Dønna"	"1968"	2387	34	25	9	70	114	-44	-32
"K_1827 Dønna"	"1969"	2355	49	35	14	73	129	-56	-45
"K_1827 Dønna"	"1970"	2310	33	30	3	91	200	-109	-115
"K_1827 Dønna"	"1971"	2195	39	32	7	92	142	-50	-46
"K_1827 Dønna"	"1972"	2149	23	31	-8	65	163	-98	-106
"K_1827 Dønna"	"1973"	2043	24	38	-14	131	91	40	25
"K_1827 Dønna"	"1974"	2068	26	21	5	123	123	0	5
"K_1827 Dønna"	"1975"	2073	21	31	-10	60	85	-25	-36
"K_1827 Dønna"	"1976"	2037	25	39	-14	74	104	-30	-44
"K_1827 Dønna"	"1977"	1993	28	30	-2	74	79	-5	-7
"K_1827 Dønna"	"1978"	1986	33	22	11	114	72	42	53
"K_1827 Dønna"	"1979"	2039	26	25	1	95	83	12	13
"K_1827 Dønna"	"1980"	2052	21	24	-3	110	83	27	25
"K_1827 Dønna"	"1981"	2077	30	32	-2	90	102	-12	-14
"K_1827 Dønna"	"1982"	2063	34	26	8	86	94	-8	-1
"K_1827 Dønna"	"1983"	2062	24	34	-10	72	96	-24	-32
"K_1827 Dønna"	"1984"	2030	36	39	-3	41	96	-55	-60
"K_1827 Dønna"	"1985"	1970	26	33	-7	106	103	3	-4
"K_1827 Dønna"	"1986"	1966	22	16	6	59	94	-35	-30
"K_1827 Dønna"	"1987"	1936	15	30	-15	53	112	-59	-76
"K_1827 Dønna"	"1988"	1860	27	29	-2	48	84	-36	-36
"K_1827 Dønna"	"1989"	1824	17	31	-14	72	92	-20	-37
"K_1827 Dønna"	"1990"	1787	15	27	-12	86	69	17	6
"K_1827 Dønna"	"1991"	1793	23	32	-9	60	62	-2	-7
"K_1827 Dønna"	"1992"	1786	22	21	1	50	82	-32	-33
"K_1827 Dønna"	"1993"	1753	19	28	-9	68	74	-6	-16
"K_1827 Dønna"	"1994"	1737	12	19	-7	80	74	6	1
"K_1827 Dønna"	"1995"	1738	26	19	7	51	101	-50	-45
"K_1827 Dønna"	"1996"	1693	22	21	1	86	102	-16	-15
"K_1827 Dønna"	"1997"	1678	21	26	-5	54	91	-37	-43
"K_1827 Dønna"	"1998"	1635	21	36	-15	49	74	-25	-40
"K_1827 Dønna"	"1999"	1595	17	26	-9	61	65	-4	-13
"K_1827 Dønna"	"2000"	1582	21	14	7	71	65	6	13
"K_1827 Dønna"	"2001"	1595	27	37	-10	44	73	-29	-39
"K_1827 Dønna"	"2002"	1556	22	29	-7	61	69	-8	-15
"K_1827 Dønna"	"2003"	1541	18	17	1	60	59	1	2
"K_1827 Dønna"	"2004"	1543	23	15	8	41	64	-23	-15
"K_1827 Dønna"	"2005"	1528	7	24	-17	47	51	-4	-21
"K_1827 Dønna"	"2006"	1507	28	19	9	49	76	-27	-18
"K_1827 Dønna"	"2007"	1489	5	13	-8	46	65	-19	-26
"K_1827 Dønna"	"2008"	1463	12	21	-9	47	69	-22	-31
"K_1827 Dønna"	"2009"	1432	22	14	8	59	68	-9	-1
"K_1827 Dønna"	"2010"	1431	18	17	1	72	55	17	18
"K_1827 Dønna"	"2011"	1449	11	19	-8	58	66	-8	-16
"K_1827 Dønna"	"2012"	1433	13	19	-6	75	71	4	-2
"K_1827 Dønna"	"2013"	1431	5	17	-12	71	65	6	-11
"K_1827 Dønna"	"2014"	1420	12	15	-3	49	59	-10	-13
"K_1827 Dønna"	"2015"	1407	6	17	-11	73	67	6	-5
"K_1827 Dønna"	"2016"	1402	7	21	-14	68	46	22	8
"K_1827 Dønna"	"2017"	1410	8	24	-16	72	63	9	-7
"K_1827 Dønna"	"2018"	1403	12	8	4	57	73	-16	-12
"K_1827 Dønna"	"2019"	1391	11	16	-5	51	66	-15	-20
"K_1827 Dønna"	"2020"	1371	5	15	-10	71	61	10	0
"K_1827 Dønna"	"2021"	1371	13	15	-2	71	71	0	-2
"K_1827 Dønna"	"2022"	1369	8	25	-17	111	72	39	22
"K_1827 Dønna"	"2023"	1391	7	15	-8	102	58	44	36
"K_1827 Dønna"	"2024"	1427	..	..	..	..	..	..	..
"K_1828 Nesna"	"1951"	3347	75	36	39	59	136	-77	-38
"K_1828 Nesna"	"1952"	3309	53	36	17	51	99	-48	-31
"K_1828 Nesna"	"1953"	3278	66	29	37	68	123	-55	-18
"K_1828 Nesna"	"1954"	3260	62	37	25	73	102	-29	-4
"K_1828 Nesna"	"1955"	3256	50	35	15	84	111	-27	37
"K_1828 Nesna"	"1956"	3293	62	25	37	81	175	-94	-57
"K_1828 Nesna"	"1957"	3236	50	25	25	74	194	-120	-95
"K_1828 Nesna"	"1958"	3141	54	29	25	96	125	-29	-4
"K_1828 Nesna"	"1959"	3137	50	35	15	113	120	-7	8
"K_1828 Nesna"	"1960"	3145	54	34	20	124	159	-35	-31
"K_1828 Nesna"	"1961"	3114	52	43	9	108	167	-59	-50
"K_1828 Nesna"	"1962"	3177	58	34	24	112	173	-61	-37
"K_1828 Nesna"	"1963"	3140	34	25	9	151	181	-30	-21
"K_1828 Nesna"	"1964"	1996	35	16	19	124	119	5	24
"K_1828 Nesna"	"1965"	2020	42	21	21	162	140	22	43
"K_1828 Nesna"	"1966"	2063	30	17	13	95	188	-93	-126
"K_1828 Nesna"	"1967"	1937	37	22	15	132	235	-103	-88
"K_1828 Nesna"	"1968"	1849	36	15	21	134	152	-18	5
"K_1828 Nesna"	"1969"	1854	43	30	13	142	116	26	40
"K_1828 Nesna"	"1970"	1894	34	18	16	137	188	-51	-37
"K_1828 Nesna"	"1971"	1857	30	25	5	135	171	-36	-33
"K_1828 Nesna"	"1972"	1824	24	19	5	160	160	0	5
"K_1828 Nesna"	"1973"	1829	31	26	5	144	144	0	5
"K_1828 Nesna"	"1974"	1834	28	18	10	156	165	-9	1
"K_1828 Nesna"	"1975"	1835	28	18	10	194	155	39	45
"K_1828 Nesna"	"1976"	1880	29	20	9	185	207	-22	-13
"K_1828 Nesna"	"1977"	1867	34	21	13	143	161	-18	-4
"K_1828 Nesna"	"1978"	1863	25	28	-3	142	152	-10	-13
"K_1828 Nesna"	"1979"	1850	34	26	8	127	104	23	23
"K_1828 Nesna"	"1980"	1873	23	21	2	155	143	12	14
"K_1828 Nesna"	"1981"	1887	27	25	2	205	124	81	83
"K_1828 Nesna"	"1982"	1970	22	20	2	85	139	-54	-52
"K_1828 Nesna"	"1983"	1918	18	22	-4	133	128	5	0
"K_1828 Nesna"	"1984"	1918	28	23	5	77	147	-70	-65
"K_1828 Nesna"	"1985"	1853	27	18	9	115	147	-32	-21
"K_1828 Nesna"	"1986"	1832	35	27	8	59	129	-70	-62
"K_1828 Nesna"	"1987"	1770	18	23	-5	118	132	-14	-19
"K_1828 Nesna"	"1988"	1751	29	26	3	107	94	13	16
"K_1828 Nesna"	"1989"	1767	22	15	7	142	105	37	43
"K_1828 Nesna"	"1990"	1810	30	23	7	135	187	-52	-45
"K_1828 Nesna"	"1991"	1765	21	27	-6	123	104	19	12
"K_1828 Nesna"	"1992"	1777	26	27	-1	128	116	12	14
"K_1828 Nesna"	"1993"	1791	19	30	-11	124	120	4	-8
"K_1828 Nesna"	"1994"	1783	34	25	9	142	139	3	12
"K_1828 Nesna"	"1995"	1795	26	19	7	141	110	31	38
"K_1828 Nesna"	"1996"	1833	26	36	-10	150	137	13	3
"K_1828 Nesna"	"1997"	1836	35	20	15	187	141	46	61
"K_1828 Nesna"	"1998"	1897	29	23	6	130	169	-39	-32
"K_1828 Nesna"	"1999"	1865	19	15	4	197	184	13	17
"K_1828 Nesna"	"2000"	1882	27	26	1	210	180	30	31
"K_1828 Nesna"	"2001"	1913	36	16	20	148	226	-78	-58
"K_1828 Nesna"	"2002"	1855	16	20	-4	143	155	-12	-17
"K_1828 Nesna"	"2003"	1838	22	17	5	108	129	-21	-16
"K_1828 Nesna"	"2004"	1822	23	17	6	133	159	-26	-21
"K_1828 Nesna"	"2005"	1801	23	24	-1	149	181	-32	-32
"K_1828 Nesna"	"2006"	1769	12	25	-13	160	139	21	7
"K_1828 Nesna"	"2007"	1776	14	15	-1	145	128	17	16
"K_1828 Nesna"	"2008"	1792	12	18	-6	103	103	0	-6
"K_1828 Nesna"	"2009"	1786	19	19	0	197	197	0	0
"K_1828 Nesna"	"2010"	1786	19	18	1	172	151	21	22
"K_1828 Nesna"	"2011"	1808	16	23	-7	179	167	12	5
"K_1828 Nesna"	"2012"	1813	16	15	1	199	138	61	62
"K_1828 Nesna"	"2013"	1875	17	21	-4	215	181	34	27
"K_1828 Nesna"	"2014"	1902	18	21	-3	182	206	-24	-31
"K_1828 Nesna"	"2015"	1871	24	24	0	182	215	-33	-33
"K_1828 Nesna"	"2016"	1838	17	15	2	200	202	-2	-1
"K_1828 Nesna"	"2017"	1837	7	14	-7	199	224	-25	-32
"K_1828 Nesna"	"2018"	1805	14	11	3	121	138	-17	-13
"K_1828 Nesna"	"2019"	1792	20	17	3	76	111	-35	-31
"K_1828 Nesna"	"2020"	1761	13	22	-9	78	129	-51	-60
"K_1828 Nesna"	"2021"	1701	15	15	0	105	109	-4	-3
"K_1828 Nesna"	"2022"	1698	13	22	-9	265	171	94	85
"K_1828 Nesna"	"2023"	1783	10	18	-8	432	400	32	25
"K_1828 Nesna"	"2024"	1808	..	..	..	..	..	..	..
"K_1832 Hemnes"	"1951"	1309	28	13	15	69	60	9	24
"K_1832 Hemnes"	"1952"	1333	21	10	11	28	37	-9	2
"K_1832 Hemnes"	"1953"	1335	36	11	25	42	39	3	28
"K_1832 Hemnes"	"1954"	1363	26	18	8	54	53	1	9
"K_1832 Hemnes"	"1955"	1372	23	22	1	59	54	5	1
"K_1832 Hemnes"	"1956"	1373	24	17	7	70	66	4	11
"K_1832 Hemnes"	"1957"	1384	20	18	2	63	89	-26	-24
"K_1832 Hemnes"	"1958"	1360	18	12	6	41	64	-23	-17
"K_1832 Hemnes"	"1959"	1343	10	15	-5	67	71	-4	-9
"K_1832 Hemnes"	"1960"	1334	22	8	14	76	70	6	37
"K_1832 Hemnes"	"1961"	1371	18	16	2	56	62	-6	-4
"K_1832 Hemnes"	"1962"	1367	19	15	4	58	71	-13	-9
"K_1832 Hemnes"	"1963"	1358	20	17	3	51	60	-9	-6
"K_1832 Hemnes"	"1964"	5487	94	54	40	117	249	-132	-92
"K_1832 Hemnes"	"1965"	5395	97	47	50	203	358	-155	-105
"K_1832 Hemnes"	"1966"	5290	99	54	45	257	328	-71	-34
"K_1832 Hemnes"	"1967"	5256	103	32	71	197	277	-80	-9
"K_1832 Hemnes"	"1968"	5247	93	38	55	217	252	-35	18
"K_1832 Hemnes"	"1969"	5265	90	54	36	182	252	-70	-35
"K_1832 Hemnes"	"1970"	5230	79	57	22	206	318	-112	-88
"K_1832 Hemnes"	"1971"	5142	80	65	15	205	257	-52	-45
"K_1832 Hemnes"	"1972"	5097	78	60	18	211	230	-19	4
"K_1832 Hemnes"	"1973"	5101	66	43	23	200	234	-34	-13
"K_1832 Hemnes"	"1974"	5088	65	40	25	204	279	-75	-51
"K_1832 Hemnes"	"1975"	5037	57	51	6	213	245	-32	-24
"K_1832 Hemnes"	"1976"	5013	51	57	-6	162	217	-55	-63
"K_1832 Hemnes"	"1977"	4950	56	68	-12	188	242	-54	-65
"K_1832 Hemnes"	"1978"	4885	62	55	7	238	215	23	30
"K_1832 Hemnes"	"1979"	4915	70	74	-4	182	136	46	42
"K_1832 Hemnes"	"1980"	4957	65	69	-4	190	142	48	48
"K_1832 Hemnes"	"1981"	5005	58	61	-3	198	200	-2	-6
"K_1832 Hemnes"	"1982"	4999	42	41	1	192	195	-3	-1
"K_1832 Hemnes"	"1983"	4998	55	67	-12	171	149	22	8
"K_1832 Hemnes"	"1984"	5006	55	56	-1	164	176	-12	-12
"K_1832 Hemnes"	"1985"	4994	55	61	-6	151	204	-53	-59
"K_1832 Hemnes"	"1986"	4935	53	60	-7	153	222	-69	-81
"K_1832 Hemnes"	"1987"	4854	52	62	-10	209	187	22	16
"K_1832 Hemnes"	"1988"	4870	63	61	2	181	203	-22	-22
"K_1832 Hemnes"	"1989"	4848	59	59	0	159	184	-25	-27
"K_1832 Hemnes"	"1990"	4821	64	54	10	196	185	11	21
"K_1832 Hemnes"	"1991"	4842	68	57	11	170	190	-20	-10
"K_1832 Hemnes"	"1992"	4832	64	64	0	143	165	-22	-21
"K_1832 Hemnes"	"1993"	4811	60	53	7	230	165	65	70
"K_1832 Hemnes"	"1994"	4881	75	56	19	159	213	-54	-34
"K_1832 Hemnes"	"1995"	4847	64	56	8	121	189	-68	-60
"K_1832 Hemnes"	"1996"	4787	55	55	0	118	174	-56	-54
"K_1832 Hemnes"	"1997"	4733	51	51	0	138	168	-30	-30
"K_1832 Hemnes"	"1998"	4703	54	60	-6	161	203	-42	-47
"K_1832 Hemnes"	"1999"	4656	56	62	-6	240	201	39	33
"K_1832 Hemnes"	"2000"	4689	42	67	-25	219	220	-1	-26
"K_1832 Hemnes"	"2001"	4663	38	51	-13	166	237	-71	-83
"K_1832 Hemnes"	"2002"	4580	59	52	7	180	216	-36	-29
"K_1832 Hemnes"	"2003"	4551	45	61	-16	165	139	26	11
"K_1832 Hemnes"	"2004"	4562	53	60	-7	157	146	11	4
"K_1832 Hemnes"	"2005"	4566	51	56	-5	154	170	-16	-24
"K_1832 Hemnes"	"2006"	4542	46	43	3	147	182	-35	-32
"K_1832 Hemnes"	"2007"	4510	48	49	-1	148	179	-31	-32
"K_1832 Hemnes"	"2008"	4478	45	50	-5	176	123	53	49
"K_1832 Hemnes"	"2009"	4527	55	41	14	188	145	43	57
"K_1832 Hemnes"	"2010"	4584	48	50	-2	161	143	18	16
"K_1832 Hemnes"	"2011"	4600	44	49	-5	137	146	-9	-15
"K_1832 Hemnes"	"2012"	4585	45	56	-11	156	110	46	35
"K_1832 Hemnes"	"2013"	4620	44	57	-13	145	199	-54	-67
"K_1832 Hemnes"	"2014"	4553	39	46	-7	176	194	-18	-25
"K_1832 Hemnes"	"2015"	4528	49	40	9	140	191	-51	-42
"K_1832 Hemnes"	"2016"	4486	44	38	6	216	183	33	38
"K_1832 Hemnes"	"2017"	4524	44	53	-9	170	182	-12	-21
"K_1832 Hemnes"	"2018"	4503	41	56	-15	169	156	13	-2
"K_1832 Hemnes"	"2019"	4501	40	46	-6	129	170	-41	-47
"K_1832 Hemnes"	"2020"	4454	41	55	-14	162	174	-12	-26
"K_1832 Hemnes"	"2021"	4428	47	43	4	191	203	-12	-8
"K_1832 Hemnes"	"2022"	4420	35	62	-27	248	181	67	39
"K_1832 Hemnes"	"2023"	4459	30	40	-10	225	190	35	26
"K_1832 Hemnes"	"2024"	4485	..	..	..	..	..	..	..
"K_1833 Rana - Raane"	"1951"	0	0	0	0	0	0	0	0
"K_1833 Rana - Raane"	"1952"	0	0	0	0	0	0	0	0
"K_1833 Rana - Raane"	"1953"	0	0	0	0	0	0	0	0
"K_1833 Rana - Raane"	"1954"	0	0	0	0	0	0	0	0
"K_1833 Rana - Raane"	"1955"	0	0	0	0	0	0	0	0
"K_1833 Rana - Raane"	"1956"	0	0	0	0	0	0	0	0
"K_1833 Rana - Raane"	"1957"	0	0	0	0	0	0	0	0
"K_1833 Rana - Raane"	"1958"	0	0	0	0	0	0	0	0
"K_1833 Rana - Raane"	"1959"	0	0	0	0	0	0	0	0
"K_1833 Rana - Raane"	"1960"	0	0	0	0	0	0	0	0
"K_1833 Rana - Raane"	"1961"	0	0	0	0	0	0	0	0
"K_1833 Rana - Raane"	"1962"	0	0	0	0	0	0	0	0
"K_1833 Rana - Raane"	"1963"	0	0	0	0	0	0	0	0
"K_1833 Rana - Raane"	"1964"	22492	593	144	449	2108	933	1175	1624
"K_1833 Rana - Raane"	"1965"	24116	632	152	480	1714	1359	355	835
"K_1833 Rana - Raane"	"1966"	24951	611	137	474	1332	1367	-35	579
"K_1833 Rana - Raane"	"1967"	25530	627	138	489	1132	1304	-172	317
"K_1833 Rana - Raane"	"1968"	25847	554	137	417	1024	1259	-235	174
"K_1833 Rana - Raane"	"1969"	26021	592	175	417	902	1246	-344	71
"K_1833 Rana - Raane"	"1970"	26092	486	135	351	1246	1496	-250	67
"K_1833 Rana - Raane"	"1971"	26159	511	158	353	957	1305	-348	-5
"K_1833 Rana - Raane"	"1972"	26154	483	151	332	983	1197	-214	130
"K_1833 Rana - Raane"	"1973"	26284	458	164	294	878	1156	-278	12
"K_1833 Rana - Raane"	"1974"	26296	418	183	235	874	1112	-238	-5
"K_1833 Rana - Raane"	"1975"	26291	402	149	253	935	1199	-264	-15
"K_1833 Rana - Raane"	"1976"	26276	374	153	221	831	1077	-246	-19
"K_1833 Rana - Raane"	"1977"	26257	351	166	185	746	1080	-334	-157
"K_1833 Rana - Raane"	"1978"	26100	337	193	144	716	1046	-330	-182
"K_1833 Rana - Raane"	"1979"	25918	312	176	136	729	922	-193	-40
"K_1833 Rana - Raane"	"1980"	25878	306	168	138	750	940	-190	-52
"K_1833 Rana - Raane"	"1981"	25826	314	185	129	735	900	-165	-32
"K_1833 Rana - Raane"	"1982"	25794	332	205	127	652	874	-222	-97
"K_1833 Rana - Raane"	"1983"	25697	328	207	121	587	917	-330	-214
"K_1833 Rana - Raane"	"1984"	25483	290	170	120	539	895	-356	-232
"K_1833 Rana - Raane"	"1985"	25251	305	221	84	721	835	-114	-32
"K_1833 Rana - Raane"	"1986"	25219	342	195	147	686	922	-236	-91
"K_1833 Rana - Raane"	"1987"	25128	303	198	105	714	1073	-359	-237
"K_1833 Rana - Raane"	"1988"	24891	322	218	104	679	932	-253	-171
"K_1833 Rana - Raane"	"1989"	24720	325	222	103	770	937	-167	-74
"K_1833 Rana - Raane"	"1990"	24646	326	233	93	691	793	-102	-5
"K_1833 Rana - Raane"	"1991"	24641	337	228	109	795	694	101	209
"K_1833 Rana - Raane"	"1992"	24850	340	202	138	665	746	-81	58
"K_1833 Rana - Raane"	"1993"	24908	380	228	152	710	749	-39	110
"K_1833 Rana - Raane"	"1994"	25018	336	217	119	820	801	19	132
"K_1833 Rana - Raane"	"1995"	25150	387	203	184	703	805	-102	86
"K_1833 Rana - Raane"	"1996"	25236	366	217	149	703	820	-117	25
"K_1833 Rana - Raane"	"1997"	25261	360	230	130	683	880	-197	-68
"K_1833 Rana - Raane"	"1998"	25193	335	223	112	771	843	-72	42
"K_1833 Rana - Raane"	"1999"	25235	328	225	103	690	778	-88	20
"K_1833 Rana - Raane"	"2000"	25255	310	231	79	745	800	-55	23
"K_1833 Rana - Raane"	"2001"	25278	268	238	30	768	726	42	72
"K_1833 Rana - Raane"	"2002"	25350	276	220	56	682	771	-89	-37
"K_1833 Rana - Raane"	"2003"	25313	298	222	76	636	718	-82	-4
"K_1833 Rana - Raane"	"2004"	25309	269	215	54	678	721	-43	11
"K_1833 Rana - Raane"	"2005"	25320	274	221	53	666	686	-20	35
"K_1833 Rana - Raane"	"2006"	25355	274	220	54	576	796	-220	-165
"K_1833 Rana - Raane"	"2007"	25190	276	239	37	649	781	-132	-98
"K_1833 Rana - Raane"	"2008"	25092	275	237	38	792	642	150	189
"K_1833 Rana - Raane"	"2009"	25281	291	253	38	666	705	-39	1
"K_1833 Rana - Raane"	"2010"	25282	277	209	68	754	616	138	217
"K_1833 Rana - Raane"	"2011"	25499	276	238	38	781	666	115	153
"K_1833 Rana - Raane"	"2012"	25652	281	262	19	817	737	80	100
"K_1833 Rana - Raane"	"2013"	25752	260	235	25	846	675	171	191
"K_1833 Rana - Raane"	"2014"	25943	249	206	43	778	685	93	135
"K_1833 Rana - Raane"	"2015"	26078	265	243	22	795	850	-55	-39
"K_1833 Rana - Raane"	"2016"	26039	232	216	16	835	790	45	62
"K_1833 Rana - Raane"	"2017"	26101	260	249	11	870	754	116	129
"K_1833 Rana - Raane"	"2018"	26230	241	211	30	792	742	50	85
"K_1833 Rana - Raane"	"2019"	26315	210	233	-23	653	760	-107	-131
"K_1833 Rana - Raane"	"2020"	26184	213	208	5	664	772	-108	-101
"K_1833 Rana - Raane"	"2021"	26083	261	247	14	835	837	-2	9
"K_1833 Rana - Raane"	"2022"	26092	231	279	-48	853	912	-59	-112
"K_1833 Rana - Raane"	"2023"	25980	250	240	10	742	745	-3	14
"K_1833 Rana - Raane"	"2024"	25994	..	..	..	..	..	..	..
"K_1834 Lurøy"	"1951"	2954	60	30	30	62	78	-16	14
"K_1834 Lurøy"	"1952"	2968	59	12	47	29	62	-33	14
"K_1834 Lurøy"	"1953"	2982	62	27	35	34	80	-46	-11
"K_1834 Lurøy"	"1954"	2971	56	33	23	67	89	-22	1
"K_1834 Lurøy"	"1955"	2972	42	24	18	69	86	-17	11
"K_1834 Lurøy"	"1956"	2983	69	22	47	63	136	-73	-26
"K_1834 Lurøy"	"1957"	2957	48	39	9	67	99	-32	-23
"K_1834 Lurøy"	"1958"	2934	52	27	25	90	107	-17	8
"K_1834 Lurøy"	"1959"	2942	53	21	32	89	120	-31	1
"K_1834 Lurøy"	"1960"	2943	54	24	30	98	161	-63	-53
"K_1834 Lurøy"	"1961"	2890	38	29	9	58	115	-57	-48
"K_1834 Lurøy"	"1962"	2842	47	39	8	79	113	-34	-26
"K_1834 Lurøy"	"1963"	2816	64	34	30	95	148	-53	-23
"K_1834 Lurøy"	"1964"	2793	66	26	40	79	166	-87	-47
"K_1834 Lurøy"	"1965"	2746	45	20	25	81	134	-53	-28
"K_1834 Lurøy"	"1966"	2718	46	27	19	109	99	10	47
"K_1834 Lurøy"	"1967"	2765	48	24	24	84	134	-50	-26
"K_1834 Lurøy"	"1968"	2739	63	27	36	79	127	-48	-10
"K_1834 Lurøy"	"1969"	2729	50	24	26	81	142	-61	-36
"K_1834 Lurøy"	"1970"	2693	56	31	25	105	165	-60	-34
"K_1834 Lurøy"	"1971"	2659	40	27	13	105	128	-23	-9
"K_1834 Lurøy"	"1972"	2650	48	27	21	90	79	11	30
"K_1834 Lurøy"	"1973"	2680	40	33	7	120	142	-22	-23
"K_1834 Lurøy"	"1974"	2657	33	33	0	111	132	-21	-23
"K_1834 Lurøy"	"1975"	2634	31	31	0	97	127	-30	-30
"K_1834 Lurøy"	"1976"	2604	36	25	11	67	100	-33	-23
"K_1834 Lurøy"	"1977"	2581	34	32	2	103	96	7	7
"K_1834 Lurøy"	"1978"	2588	29	21	8	63	103	-40	-32
"K_1834 Lurøy"	"1979"	2556	28	36	-8	116	119	-3	-10
"K_1834 Lurøy"	"1980"	2546	25	26	-1	111	120	-9	-12
"K_1834 Lurøy"	"1981"	2534	37	34	3	120	104	16	20
"K_1834 Lurøy"	"1982"	2554	32	24	8	104	133	-29	-21
"K_1834 Lurøy"	"1983"	2533	32	33	-1	77	106	-29	-30
"K_1834 Lurøy"	"1984"	2503	36	23	13	78	109	-31	-18
"K_1834 Lurøy"	"1985"	2485	26	28	-2	93	141	-48	-50
"K_1834 Lurøy"	"1986"	2435	37	26	11	90	130	-40	-30
"K_1834 Lurøy"	"1987"	2405	30	34	-4	83	134	-51	-62
"K_1834 Lurøy"	"1988"	2343	33	25	8	61	112	-51	-45
"K_1834 Lurøy"	"1989"	2298	24	39	-15	88	105	-17	-33
"K_1834 Lurøy"	"1990"	2265	35	30	5	73	92	-19	-15
"K_1834 Lurøy"	"1991"	2250	32	39	-7	69	106	-37	-44
"K_1834 Lurøy"	"1992"	2206	20	26	-6	97	84	13	7
"K_1834 Lurøy"	"1993"	2213	29	24	5	95	101	-6	0
"K_1834 Lurøy"	"1994"	2213	31	31	0	95	116	-21	-24
"K_1834 Lurøy"	"1995"	2189	24	39	-15	89	73	16	2
"K_1834 Lurøy"	"1996"	2191	33	28	5	80	89	-9	-2
"K_1834 Lurøy"	"1997"	2189	24	36	-12	64	100	-36	-48
"K_1834 Lurøy"	"1998"	2141	31	35	-4	70	108	-38	-39
"K_1834 Lurøy"	"1999"	2102	25	26	-1	112	106	6	5
"K_1834 Lurøy"	"2000"	2107	27	27	0	96	87	9	9
"K_1834 Lurøy"	"2001"	2116	24	33	-9	61	102	-41	-50
"K_1834 Lurøy"	"2002"	2066	21	33	-12	71	112	-41	-50
"K_1834 Lurøy"	"2003"	2016	22	20	2	89	83	6	8
"K_1834 Lurøy"	"2004"	2024	23	21	2	78	80	-2	4
"K_1834 Lurøy"	"2005"	2028	12	32	-20	61	98	-37	-57
"K_1834 Lurøy"	"2006"	1971	25	28	-3	92	90	2	-1
"K_1834 Lurøy"	"2007"	1970	24	29	-5	57	123	-66	-71
"K_1834 Lurøy"	"2008"	1899	19	33	-14	96	99	-3	-16
"K_1834 Lurøy"	"2009"	1883	19	25	-6	106	84	22	17
"K_1834 Lurøy"	"2010"	1900	28	19	9	91	88	3	12
"K_1834 Lurøy"	"2011"	1912	16	13	3	110	88	22	25
"K_1834 Lurøy"	"2012"	1937	26	23	3	90	114	-24	-21
"K_1834 Lurøy"	"2013"	1916	26	22	4	89	108	-19	-15
"K_1834 Lurøy"	"2014"	1901	20	26	-6	87	65	22	16
"K_1834 Lurøy"	"2015"	1917	19	16	3	90	87	3	6
"K_1834 Lurøy"	"2016"	1923	17	17	0	96	99	-3	-3
"K_1834 Lurøy"	"2017"	1920	17	19	-2	92	90	2	0
"K_1834 Lurøy"	"2018"	1920	19	28	-9	100	107	-7	-16
"K_1834 Lurøy"	"2019"	1904	13	18	-5	89	99	-10	-14
"K_1834 Lurøy"	"2020"	1890	11	27	-16	97	96	1	-14
"K_1834 Lurøy"	"2021"	1876	12	15	-3	126	130	-4	-7
"K_1834 Lurøy"	"2022"	1869	13	25	-12	110	114	-4	-17
"K_1834 Lurøy"	"2023"	1852	20	16	4	153	124	29	34
"K_1834 Lurøy"	"2024"	1886	..	..	..	..	..	..	..
"K_1835 Træna"	"1951"	665	12	9	3	16	33	-17	-14
"K_1835 Træna"	"1952"	651	10	5	5	11	9	2	7
"K_1835 Træna"	"1953"	658	16	5	11	15	27	-12	-1
"K_1835 Træna"	"1954"	657	13	4	9	10	22	-12	-3
"K_1835 Træna"	"1955"	654	16	8	8	22	19	3	15
"K_1835 Træna"	"1956"	669	14	4	10	9	24	-15	-5
"K_1835 Træna"	"1957"	664	9	7	2	22	18	4	6
"K_1835 Træna"	"1958"	670	12	5	7	11	17	-6	1
"K_1835 Træna"	"1959"	671	10	11	-1	12	12	0	-1
"K_1835 Træna"	"1960"	670	13	6	7	10	24	-14	0
"K_1835 Træna"	"1961"	670	15	8	7	12	21	-9	-2
"K_1835 Træna"	"1962"	668	12	10	2	16	25	-9	-7
"K_1835 Træna"	"1963"	661	9	4	5	14	24	-10	-5
"K_1835 Træna"	"1964"	656	13	5	8	12	26	-14	-6
"K_1835 Træna"	"1965"	650	11	11	0	14	29	-15	-15
"K_1835 Træna"	"1966"	635	6	6	0	18	26	-8	-9
"K_1835 Træna"	"1967"	626	5	10	-5	24	36	-12	-17
"K_1835 Træna"	"1968"	609	14	6	8	19	24	-5	4
"K_1835 Træna"	"1969"	613	9	12	-3	16	32	-16	-17
"K_1835 Træna"	"1970"	596	12	8	4	16	43	-27	-21
"K_1835 Træna"	"1971"	575	13	10	3	20	28	-8	-6
"K_1835 Træna"	"1972"	569	3	7	-4	20	22	-2	-5
"K_1835 Træna"	"1973"	564	8	10	-2	23	15	8	7
"K_1835 Træna"	"1974"	571	6	8	-2	22	25	-3	-5
"K_1835 Træna"	"1975"	566	5	7	-2	32	31	1	-2
"K_1835 Træna"	"1976"	564	10	4	6	16	24	-8	-2
"K_1835 Træna"	"1977"	562	3	6	-3	21	28	-7	-11
"K_1835 Træna"	"1978"	551	13	4	9	25	8	17	26
"K_1835 Træna"	"1979"	577	12	8	4	22	12	10	15
"K_1835 Træna"	"1980"	592	5	8	-3	28	47	-19	-23
"K_1835 Træna"	"1981"	569	8	3	5	21	42	-21	-17
"K_1835 Træna"	"1982"	552	5	3	2	35	36	-1	2
"K_1835 Træna"	"1983"	554	6	9	-3	21	29	-8	-11
"K_1835 Træna"	"1984"	543	9	2	7	23	29	-6	1
"K_1835 Træna"	"1985"	544	13	9	4	26	37	-11	-7
"K_1835 Træna"	"1986"	537	9	5	4	12	21	-9	-5
"K_1835 Træna"	"1987"	532	5	5	0	57	32	25	24
"K_1835 Træna"	"1988"	556	7	11	-4	27	33	-6	-12
"K_1835 Træna"	"1989"	544	10	13	-3	26	38	-12	-15
"K_1835 Træna"	"1990"	529	5	12	-7	27	46	-19	-26
"K_1835 Træna"	"1991"	503	10	3	7	26	20	6	13
"K_1835 Træna"	"1992"	516	9	11	-2	17	34	-17	-19
"K_1835 Træna"	"1993"	497	9	5	4	33	40	-7	-3
"K_1835 Træna"	"1994"	494	6	8	-2	25	21	4	3
"K_1835 Træna"	"1995"	497	11	6	5	24	28	-4	0
"K_1835 Træna"	"1996"	497	9	7	2	36	15	21	23
"K_1835 Træna"	"1997"	520	11	5	6	20	57	-37	-31
"K_1835 Træna"	"1998"	489	7	7	0	38	43	-5	-5
"K_1835 Træna"	"1999"	484	3	9	-6	17	29	-12	-18
"K_1835 Træna"	"2000"	466	5	6	-1	33	34	-1	-2
"K_1835 Træna"	"2001"	464	9	6	3	40	34	6	10
"K_1835 Træna"	"2002"	474	5	4	1	6	17	-11	-10
"K_1835 Træna"	"2003"	464	5	8	-3	20	25	-5	-8
"K_1835 Træna"	"2004"	456	10	6	4	14	30	-16	-12
"K_1835 Træna"	"2005"	444	2	10	-8	38	21	17	9
"K_1835 Træna"	"2006"	453	6	8	-2	17	22	-5	-7
"K_1835 Træna"	"2007"	446	9	6	3	22	20	2	5
"K_1835 Træna"	"2008"	451	2	5	-3	30	24	6	4
"K_1835 Træna"	"2009"	455	8	7	1	62	29	33	34
"K_1835 Træna"	"2010"	489	1	2	-1	28	27	1	1
"K_1835 Træna"	"2011"	490	7	3	4	20	17	3	7
"K_1835 Træna"	"2012"	497	2	5	-3	32	21	11	9
"K_1835 Træna"	"2013"	506	4	9	-5	32	44	-12	-17
"K_1835 Træna"	"2014"	489	3	8	-5	33	31	2	-3
"K_1835 Træna"	"2015"	486	7	2	5	33	46	-13	-8
"K_1835 Træna"	"2016"	478	1	8	-7	27	33	-6	-13
"K_1835 Træna"	"2017"	465	3	7	-4	28	35	-7	-11
"K_1835 Træna"	"2018"	454	4	1	3	21	24	-3	2
"K_1835 Træna"	"2019"	456	2	5	-3	13	31	-18	-21
"K_1835 Træna"	"2020"	435	6	3	3	39	35	4	7
"K_1835 Træna"	"2021"	442	6	9	-3	43	32	11	8
"K_1835 Træna"	"2022"	450	1	5	-4	33	36	-3	-6
"K_1835 Træna"	"2023"	444	8	3	5	42	48	-6	-2
"K_1835 Træna"	"2024"	442	..	..	..	..	..	..	..
"K_1836 Rødøy"	"1951"	3044	62	26	36	50	123	-73	-37
"K_1836 Rødøy"	"1952"	3007	60	20	40	40	81	-41	-1
"K_1836 Rødøy"	"1953"	3006	59	25	34	29	144	-115	-81
"K_1836 Rødøy"	"1954"	2925	58	21	37	48	120	-72	-35
"K_1836 Rødøy"	"1955"	2890	49	25	24	51	143	-92	-71
"K_1836 Rødøy"	"1956"	2819	61	26	35	54	160	-106	-71
"K_1836 Rødøy"	"1957"	2748	55	21	34	56	126	-70	-36
"K_1836 Rødøy"	"1958"	2712	50	24	26	74	111	-37	-11
"K_1836 Rødøy"	"1959"	2701	39	30	9	40	86	-46	-37
"K_1836 Rødøy"	"1960"	2664	41	28	13	89	136	-47	-78
"K_1836 Rødøy"	"1961"	2586	41	33	8	54	68	-14	-6
"K_1836 Rødøy"	"1962"	2580	40	28	12	74	126	-52	-40
"K_1836 Rødøy"	"1963"	2540	45	27	18	65	130	-65	-47
"K_1836 Rødøy"	"1964"	2493	46	33	13	69	96	-27	-14
"K_1836 Rødøy"	"1965"	2479	53	26	27	73	125	-52	-25
"K_1836 Rødøy"	"1966"	2454	40	29	11	77	106	-29	-21
"K_1836 Rødøy"	"1967"	2433	49	25	24	70	152	-82	-58
"K_1836 Rødøy"	"1968"	2375	35	30	5	82	122	-40	-34
"K_1836 Rødøy"	"1969"	2341	31	24	7	91	151	-60	-48
"K_1836 Rødøy"	"1970"	2293	37	34	3	114	181	-67	-72
"K_1836 Rødøy"	"1971"	2221	44	20	24	88	170	-82	-63
"K_1836 Rødøy"	"1972"	2158	22	26	-4	103	127	-24	-28
"K_1836 Rødøy"	"1973"	2130	27	26	1	122	118	4	6
"K_1836 Rødøy"	"1974"	2136	37	21	16	86	123	-37	-23
"K_1836 Rødøy"	"1975"	2113	25	25	0	96	156	-60	-60
"K_1836 Rødøy"	"1976"	2053	26	18	8	96	128	-32	-23
"K_1836 Rødøy"	"1977"	2030	27	35	-8	89	140	-51	-59
"K_1836 Rødøy"	"1978"	1971	19	24	-5	66	97	-31	-36
"K_1836 Rødøy"	"1979"	1935	30	20	10	71	107	-36	-26
"K_1836 Rødøy"	"1980"	1909	26	36	-10	107	87	20	7
"K_1836 Rødøy"	"1981"	1916	26	23	3	92	89	3	6
"K_1836 Rødøy"	"1982"	1922	28	17	11	105	80	25	36
"K_1836 Rødøy"	"1983"	1958	41	27	14	76	96	-20	-6
"K_1836 Rødøy"	"1984"	1952	27	24	3	84	108	-24	-20
"K_1836 Rødøy"	"1985"	1932	39	35	4	68	112	-44	-39
"K_1836 Rødøy"	"1986"	1893	21	35	-14	65	136	-71	-85
"K_1836 Rødøy"	"1987"	1808	32	24	8	79	99	-20	-15
"K_1836 Rødøy"	"1988"	1793	29	24	5	77	106	-29	-27
"K_1836 Rødøy"	"1989"	1766	25	24	1	82	104	-22	-23
"K_1836 Rødøy"	"1990"	1743	21	28	-7	92	101	-9	-18
"K_1836 Rødøy"	"1991"	1725	29	27	2	64	84	-20	-18
"K_1836 Rødøy"	"1992"	1707	29	24	5	53	71	-18	-13
"K_1836 Rødøy"	"1993"	1694	16	29	-13	66	72	-6	-22
"K_1836 Rødøy"	"1994"	1672	27	16	11	60	76	-16	-2
"K_1836 Rødøy"	"1995"	1670	17	20	-3	94	84	10	7
"K_1836 Rødøy"	"1996"	1677	25	26	-1	68	93	-25	-26
"K_1836 Rødøy"	"1997"	1651	28	27	1	65	98	-33	-32
"K_1836 Rødøy"	"1998"	1619	25	19	6	81	117	-36	-30
"K_1836 Rødøy"	"1999"	1589	25	14	11	77	106	-29	-19
"K_1836 Rødøy"	"2000"	1570	27	24	3	49	92	-43	-40
"K_1836 Rødøy"	"2001"	1530	28	29	-1	70	90	-20	-21
"K_1836 Rødøy"	"2002"	1509	17	13	4	53	104	-51	-47
"K_1836 Rødøy"	"2003"	1462	18	19	-1	38	58	-20	-21
"K_1836 Rødøy"	"2004"	1441	25	17	8	51	55	-4	2
"K_1836 Rødøy"	"2005"	1443	12	17	-5	23	85	-62	-67
"K_1836 Rødøy"	"2006"	1376	9	19	-10	41	64	-23	-33
"K_1836 Rødøy"	"2007"	1343	17	11	6	36	71	-35	-29
"K_1836 Rødøy"	"2008"	1314	11	18	-7	53	68	-15	-22
"K_1836 Rødøy"	"2009"	1292	8	15	-7	77	82	-5	-11
"K_1836 Rødøy"	"2010"	1281	10	17	-7	87	67	20	13
"K_1836 Rødøy"	"2011"	1294	13	12	1	76	51	25	26
"K_1836 Rødøy"	"2012"	1320	18	18	0	72	83	-11	-10
"K_1836 Rødøy"	"2013"	1310	19	21	-2	63	66	-3	-5
"K_1836 Rødøy"	"2014"	1305	14	20	-6	44	74	-30	-36
"K_1836 Rødøy"	"2015"	1269	11	6	5	53	59	-6	-1
"K_1836 Rødøy"	"2016"	1268	15	12	3	51	55	-4	-1
"K_1836 Rødøy"	"2017"	1267	13	14	-1	30	47	-17	-18
"K_1836 Rødøy"	"2018"	1249	12	14	-2	29	38	-9	-11
"K_1836 Rødøy"	"2019"	1238	8	12	-4	27	48	-21	-25
"K_1836 Rødøy"	"2020"	1213	7	11	-4	40	43	-3	-7
"K_1836 Rødøy"	"2021"	1206	9	12	-3	37	87	-50	-53
"K_1836 Rødøy"	"2022"	1153	6	20	-14	77	76	1	-14
"K_1836 Rødøy"	"2023"	1139	9	13	-4	58	50	8	0
"K_1836 Rødøy"	"2024"	1139	..	..	..	..	..	..	..
"K_1837 Meløy"	"1951"	6243	166	44	122	252	209	43	165
"K_1837 Meløy"	"1952"	6408	153	52	101	175	152	23	124
"K_1837 Meløy"	"1953"	6532	174	55	119	216	199	17	136
"K_1837 Meløy"	"1954"	6668	160	45	115	279	220	59	174
"K_1837 Meløy"	"1955"	6842	169	40	129	309	295	14	185
"K_1837 Meløy"	"1956"	7027	149	56	93	417	275	142	235
"K_1837 Meløy"	"1957"	7262	187	46	141	355	361	-6	135
"K_1837 Meløy"	"1958"	7397	161	50	111	284	352	-68	43
"K_1837 Meløy"	"1959"	7440	159	40	119	187	346	-159	-40
"K_1837 Meløy"	"1960"	7400	132	57	75	263	364	-101	-134
"K_1837 Meløy"	"1961"	7266	137	57	80	224	270	-46	34
"K_1837 Meløy"	"1962"	7300	152	49	103	311	354	-43	60
"K_1837 Meløy"	"1963"	7360	178	59	119	318	386	-68	51
"K_1837 Meløy"	"1964"	7411	179	53	126	289	289	0	126
"K_1837 Meløy"	"1965"	7537	148	54	94	310	442	-132	-38
"K_1837 Meløy"	"1966"	7499	136	71	65	323	413	-90	-25
"K_1837 Meløy"	"1967"	7474	162	74	88	357	461	-104	-16
"K_1837 Meløy"	"1968"	7458	164	59	105	279	461	-182	-73
"K_1837 Meløy"	"1969"	7385	129	60	69	295	505	-210	-132
"K_1837 Meløy"	"1970"	7253	131	57	74	280	578	-298	-238
"K_1837 Meløy"	"1971"	7015	122	49	73	350	374	-24	46
"K_1837 Meløy"	"1972"	7061	127	58	69	310	371	-61	8
"K_1837 Meløy"	"1973"	7069	103	60	43	262	382	-120	-73
"K_1837 Meløy"	"1974"	6996	97	56	41	302	335	-33	6
"K_1837 Meløy"	"1975"	7002	98	45	53	290	381	-91	-38
"K_1837 Meløy"	"1976"	6964	87	54	33	251	382	-131	-97
"K_1837 Meløy"	"1977"	6867	75	61	14	320	345	-25	-8
"K_1837 Meløy"	"1978"	6859	107	54	53	262	283	-21	33
"K_1837 Meløy"	"1979"	6892	89	53	36	270	271	-1	36
"K_1837 Meløy"	"1980"	6928	89	41	48	292	338	-46	3
"K_1837 Meløy"	"1981"	6931	99	53	46	285	294	-9	37
"K_1837 Meløy"	"1982"	6968	97	64	33	249	256	-7	26
"K_1837 Meløy"	"1983"	6994	89	61	28	271	278	-7	20
"K_1837 Meløy"	"1984"	7014	96	50	46	268	267	1	48
"K_1837 Meløy"	"1985"	7062	104	85	19	250	324	-74	-55
"K_1837 Meløy"	"1986"	7007	98	78	20	291	357	-66	-48
"K_1837 Meløy"	"1987"	6959	90	66	24	356	327	29	53
"K_1837 Meløy"	"1988"	7012	111	70	41	355	315	40	75
"K_1837 Meløy"	"1989"	7087	92	62	30	314	324	-10	24
"K_1837 Meløy"	"1990"	7111	100	62	38	249	318	-69	-29
"K_1837 Meløy"	"1991"	7082	108	67	41	222	259	-37	4
"K_1837 Meløy"	"1992"	7086	102	57	45	264	289	-25	22
"K_1837 Meløy"	"1993"	7108	90	65	25	221	321	-100	-70
"K_1837 Meløy"	"1994"	7038	103	86	17	254	305	-51	-38
"K_1837 Meløy"	"1995"	7000	100	61	39	250	355	-105	-66
"K_1837 Meløy"	"1996"	6934	103	62	41	256	299	-43	-3
"K_1837 Meløy"	"1997"	6931	103	74	29	226	353	-127	-98
"K_1837 Meløy"	"1998"	6833	91	75	16	229	315	-86	-70
"K_1837 Meløy"	"1999"	6763	94	68	26	243	235	8	33
"K_1837 Meløy"	"2000"	6796	71	66	5	251	240	11	17
"K_1837 Meløy"	"2001"	6813	81	66	15	264	261	3	17
"K_1837 Meløy"	"2002"	6830	75	70	5	287	277	10	15
"K_1837 Meløy"	"2003"	6845	80	59	21	188	282	-94	-73
"K_1837 Meløy"	"2004"	6772	69	72	-3	263	273	-10	-13
"K_1837 Meløy"	"2005"	6759	82	67	15	207	258	-51	-44
"K_1837 Meløy"	"2006"	6715	60	58	2	219	268	-49	-52
"K_1837 Meløy"	"2007"	6663	71	69	2	217	260	-43	-41
"K_1837 Meløy"	"2008"	6622	56	58	-2	269	249	20	19
"K_1837 Meløy"	"2009"	6641	71	72	-1	235	235	0	-2
"K_1837 Meløy"	"2010"	6639	74	66	8	266	263	3	11
"K_1837 Meløy"	"2011"	6650	79	58	21	274	289	-15	7
"K_1837 Meløy"	"2012"	6657	69	72	-3	245	317	-72	-75
"K_1837 Meløy"	"2013"	6582	60	93	-33	246	304	-58	-91
"K_1837 Meløy"	"2014"	6491	73	75	-2	265	298	-33	-37
"K_1837 Meløy"	"2015"	6454	65	64	1	274	255	19	17
"K_1837 Meløy"	"2016"	6471	67	62	5	230	271	-41	-36
"K_1837 Meløy"	"2017"	6435	56	64	-8	183	264	-81	-89
"K_1837 Meløy"	"2018"	6346	55	47	8	213	236	-23	-15
"K_1837 Meløy"	"2019"	6331	57	70	-13	230	261	-31	-43
"K_1837 Meløy"	"2020"	6288	44	68	-24	215	230	-15	-41
"K_1837 Meløy"	"2021"	6247	51	63	-12	226	247	-21	-33
"K_1837 Meløy"	"2022"	6214	45	76	-31	274	246	28	-2
"K_1837 Meløy"	"2023"	6212	61	59	2	250	283	-33	-32
"K_1837 Meløy"	"2024"	6180	..	..	..	..	..	..	..
"K_1838 Gildeskål"	"1951"	4771	81	39	42	113	165	-52	-10
"K_1838 Gildeskål"	"1952"	4761	68	47	21	71	165	-94	-73
"K_1838 Gildeskål"	"1953"	4688	102	40	62	79	177	-98	-36
"K_1838 Gildeskål"	"1954"	4652	79	34	45	69	183	-114	-69
"K_1838 Gildeskål"	"1955"	4583	76	43	33	89	235	-146	-93
"K_1838 Gildeskål"	"1956"	4490	79	54	25	100	234	-134	-109
"K_1838 Gildeskål"	"1957"	4381	65	30	35	163	205	-42	-7
"K_1838 Gildeskål"	"1958"	4374	71	55	16	113	227	-114	-98
"K_1838 Gildeskål"	"1959"	4276	73	48	25	195	188	7	32
"K_1838 Gildeskål"	"1960"	4308	57	37	20	158	247	-89	-120
"K_1838 Gildeskål"	"1961"	4188	61	47	14	111	196	-85	-71
"K_1838 Gildeskål"	"1962"	4117	64	34	30	115	225	-110	-80
"K_1838 Gildeskål"	"1963"	4037	74	39	35	133	227	-94	-59
"K_1838 Gildeskål"	"1964"	3978	62	42	20	101	219	-118	-98
"K_1838 Gildeskål"	"1965"	3880	45	42	3	130	233	-103	-100
"K_1838 Gildeskål"	"1966"	3780	58	41	17	171	225	-54	-31
"K_1838 Gildeskål"	"1967"	3749	55	39	16	150	246	-96	-80
"K_1838 Gildeskål"	"1968"	3669	48	43	5	174	297	-123	-121
"K_1838 Gildeskål"	"1969"	3548	57	54	3	179	216	-37	-38
"K_1838 Gildeskål"	"1970"	3510	37	49	-12	148	227	-79	-73
"K_1838 Gildeskål"	"1971"	3437	33	60	-27	115	223	-108	-117
"K_1838 Gildeskål"	"1972"	3320	39	47	-8	129	199	-70	-76
"K_1838 Gildeskål"	"1973"	3244	37	54	-17	119	151	-32	-51
"K_1838 Gildeskål"	"1974"	3193	37	39	-2	123	174	-51	-54
"K_1838 Gildeskål"	"1975"	3139	42	51	-9	102	136	-34	-42
"K_1838 Gildeskål"	"1976"	3097	32	47	-15	80	135	-55	-73
"K_1838 Gildeskål"	"1977"	3024	22	42	-20	119	147	-28	-48
"K_1838 Gildeskål"	"1978"	2976	31	64	-33	118	140	-22	-55
"K_1838 Gildeskål"	"1979"	2921	38	56	-18	115	131	-16	-34
"K_1838 Gildeskål"	"1980"	2887	34	42	-8	112	152	-40	-49
"K_1838 Gildeskål"	"1981"	2838	46	50	-4	110	105	5	1
"K_1838 Gildeskål"	"1982"	2839	30	60	-30	101	118	-17	-47
"K_1838 Gildeskål"	"1983"	2792	33	35	-2	144	120	24	23
"K_1838 Gildeskål"	"1984"	2815	32	49	-17	75	96	-21	-39
"K_1838 Gildeskål"	"1985"	2776	19	52	-33	117	146	-29	-63
"K_1838 Gildeskål"	"1986"	2713	22	41	-19	104	125	-21	-40
"K_1838 Gildeskål"	"1987"	2673	24	57	-33	125	128	-3	-34
"K_1838 Gildeskål"	"1988"	2639	27	50	-23	129	154	-25	-48
"K_1838 Gildeskål"	"1989"	2591	29	42	-13	125	107	18	3
"K_1838 Gildeskål"	"1990"	2594	31	60	-29	107	101	6	-23
"K_1838 Gildeskål"	"1991"	2571	30	33	-3	117	116	1	-2
"K_1838 Gildeskål"	"1992"	2569	18	51	-33	104	128	-24	-57
"K_1838 Gildeskål"	"1993"	2512	29	37	-8	105	103	2	-7
"K_1838 Gildeskål"	"1994"	2505	29	42	-13	121	99	22	10
"K_1838 Gildeskål"	"1995"	2515	33	48	-15	109	117	-8	-21
"K_1838 Gildeskål"	"1996"	2494	35	43	-8	105	131	-26	-36
"K_1838 Gildeskål"	"1997"	2458	23	32	-9	111	142	-31	-39
"K_1838 Gildeskål"	"1998"	2419	20	30	-10	106	140	-34	-45
"K_1838 Gildeskål"	"1999"	2374	25	33	-8	96	112	-16	-23
"K_1838 Gildeskål"	"2000"	2351	18	53	-35	101	149	-48	-83
"K_1838 Gildeskål"	"2001"	2268	21	31	-10	109	91	18	8
"K_1838 Gildeskål"	"2002"	2276	22	37	-15	75	116	-41	-56
"K_1838 Gildeskål"	"2003"	2220	28	39	-11	103	97	6	-5
"K_1838 Gildeskål"	"2004"	2215	6	21	-15	90	110	-20	-37
"K_1838 Gildeskål"	"2005"	2178	23	40	-17	88	139	-51	-71
"K_1838 Gildeskål"	"2006"	2107	17	21	-4	100	121	-21	-26
"K_1838 Gildeskål"	"2007"	2081	13	35	-22	96	111	-15	-35
"K_1838 Gildeskål"	"2008"	2046	23	27	-4	108	96	12	7
"K_1838 Gildeskål"	"2009"	2053	19	39	-20	81	118	-37	-57
"K_1838 Gildeskål"	"2010"	1996	18	24	-6	133	105	28	24
"K_1838 Gildeskål"	"2011"	2020	17	36	-19	115	116	-1	-20
"K_1838 Gildeskål"	"2012"	2000	14	24	-10	121	105	16	6
"K_1838 Gildeskål"	"2013"	2006	10	22	-12	131	101	30	17
"K_1838 Gildeskål"	"2014"	2023	26	24	2	106	117	-11	-9
"K_1838 Gildeskål"	"2015"	2014	19	30	-11	154	114	40	29
"K_1838 Gildeskål"	"2016"	2043	13	29	-16	138	141	-3	-19
"K_1838 Gildeskål"	"2017"	2024	11	34	-23	131	134	-3	-26
"K_1838 Gildeskål"	"2018"	1998	17	21	-4	104	120	-16	-20
"K_1838 Gildeskål"	"2019"	1978	18	21	-3	104	129	-25	-28
"K_1838 Gildeskål"	"2020"	1950	4	27	-23	133	141	-8	-30
"K_1838 Gildeskål"	"2021"	1920	16	28	-12	116	125	-9	-26
"K_1838 Gildeskål"	"2022"	1894	12	33	-21	161	106	55	34
"K_1838 Gildeskål"	"2023"	1928	15	25	-10	186	146	40	30
"K_1838 Gildeskål"	"2024"	1958	..	..	..	..	..	..	..
"K_1839 Beiarn"	"1951"	2209	40	20	20	14	72	-58	-38
"K_1839 Beiarn"	"1952"	2171	46	19	27	20	48	-28	-1
"K_1839 Beiarn"	"1953"	2170	38	26	12	22	72	-50	-38
"K_1839 Beiarn"	"1954"	2132	33	19	14	47	78	-31	-17
"K_1839 Beiarn"	"1955"	2115	43	23	20	43	108	-65	29
"K_1839 Beiarn"	"1956"	2144	39	16	23	36	119	-83	-60
"K_1839 Beiarn"	"1957"	2084	30	15	15	38	115	-77	-62
"K_1839 Beiarn"	"1958"	2022	31	28	3	47	104	-57	-54
"K_1839 Beiarn"	"1959"	1968	26	27	-1	43	63	-20	-21
"K_1839 Beiarn"	"1960"	1947	29	18	11	61	109	-48	-87
"K_1839 Beiarn"	"1961"	1860	30	21	9	93	46	47	56
"K_1839 Beiarn"	"1962"	1916	39	33	6	85	72	13	19
"K_1839 Beiarn"	"1963"	1935	31	21	10	60	101	-41	-31
"K_1839 Beiarn"	"1964"	1904	47	15	32	30	99	-69	-37
"K_1839 Beiarn"	"1965"	1867	40	23	17	38	66	-28	-11
"K_1839 Beiarn"	"1966"	1856	32	20	12	72	93	-21	-25
"K_1839 Beiarn"	"1967"	1831	31	16	15	64	75	-11	4
"K_1839 Beiarn"	"1968"	1835	28	21	7	55	87	-32	-25
"K_1839 Beiarn"	"1969"	1810	25	28	-3	69	103	-34	-34
"K_1839 Beiarn"	"1970"	1776	20	21	-1	83	126	-43	-49
"K_1839 Beiarn"	"1971"	1727	34	22	12	66	73	-7	5
"K_1839 Beiarn"	"1972"	1732	23	23	0	73	73	0	0
"K_1839 Beiarn"	"1973"	1732	29	28	1	55	91	-36	-36
"K_1839 Beiarn"	"1974"	1696	17	20	-3	70	68	2	-2
"K_1839 Beiarn"	"1975"	1694	36	28	8	71	83	-12	-4
"K_1839 Beiarn"	"1976"	1690	18	27	-9	70	78	-8	-17
"K_1839 Beiarn"	"1977"	1673	18	25	-7	49	75	-26	-34
"K_1839 Beiarn"	"1978"	1639	17	24	-7	45	44	1	-4
"K_1839 Beiarn"	"1979"	1635	20	19	1	47	53	-6	-6
"K_1839 Beiarn"	"1980"	1629	27	26	1	29	44	-15	-13
"K_1839 Beiarn"	"1981"	1616	16	29	-13	76	41	35	21
"K_1839 Beiarn"	"1982"	1637	18	14	4	35	49	-14	-10
"K_1839 Beiarn"	"1983"	1627	27	17	10	57	42	15	25
"K_1839 Beiarn"	"1984"	1652	21	19	2	21	43	-22	-20
"K_1839 Beiarn"	"1985"	1632	12	19	-7	40	94	-54	-63
"K_1839 Beiarn"	"1986"	1569	19	22	-3	39	63	-24	-27
"K_1839 Beiarn"	"1987"	1542	20	33	-13	44	48	-4	-17
"K_1839 Beiarn"	"1988"	1525	20	28	-8	57	55	2	-4
"K_1839 Beiarn"	"1989"	1521	16	32	-16	42	55	-13	-33
"K_1839 Beiarn"	"1990"	1488	13	27	-14	59	46	13	0
"K_1839 Beiarn"	"1991"	1488	17	19	-2	37	68	-31	-34
"K_1839 Beiarn"	"1992"	1454	12	18	-6	42	49	-7	-14
"K_1839 Beiarn"	"1993"	1440	17	20	-3	44	40	4	1
"K_1839 Beiarn"	"1994"	1441	24	10	14	44	46	-2	10
"K_1839 Beiarn"	"1995"	1451	14	19	-5	35	41	-6	-14
"K_1839 Beiarn"	"1996"	1437	18	27	-9	46	64	-18	-27
"K_1839 Beiarn"	"1997"	1410	12	17	-5	26	74	-48	-53
"K_1839 Beiarn"	"1998"	1357	13	22	-9	32	68	-36	-45
"K_1839 Beiarn"	"1999"	1312	19	13	6	24	32	-8	-1
"K_1839 Beiarn"	"2000"	1311	9	17	-8	31	58	-27	-36
"K_1839 Beiarn"	"2001"	1275	8	18	-10	29	37	-8	-18
"K_1839 Beiarn"	"2002"	1257	7	11	-4	27	58	-31	-36
"K_1839 Beiarn"	"2003"	1221	6	18	-12	16	42	-26	-38
"K_1839 Beiarn"	"2004"	1183	7	17	-10	20	28	-8	-18
"K_1839 Beiarn"	"2005"	1165	8	19	-11	38	33	5	-6
"K_1839 Beiarn"	"2006"	1159	7	16	-9	40	42	-2	-11
"K_1839 Beiarn"	"2007"	1148	5	19	-14	24	30	-6	-20
"K_1839 Beiarn"	"2008"	1128	9	17	-8	41	24	17	9
"K_1839 Beiarn"	"2009"	1137	7	14	-7	26	42	-16	-23
"K_1839 Beiarn"	"2010"	1114	7	15	-8	26	28	-2	-11
"K_1839 Beiarn"	"2011"	1103	8	18	-10	41	38	3	-6
"K_1839 Beiarn"	"2012"	1097	9	22	-13	40	49	-9	-22
"K_1839 Beiarn"	"2013"	1075	9	14	-5	47	29	18	13
"K_1839 Beiarn"	"2014"	1088	7	19	-12	29	47	-18	-30
"K_1839 Beiarn"	"2015"	1058	12	17	-5	33	52	-19	-24
"K_1839 Beiarn"	"2016"	1034	4	19	-15	48	24	24	9
"K_1839 Beiarn"	"2017"	1043	8	16	-8	37	43	-6	-14
"K_1839 Beiarn"	"2018"	1029	10	13	-3	50	54	-4	-7
"K_1839 Beiarn"	"2019"	1022	8	13	-5	34	34	0	-5
"K_1839 Beiarn"	"2020"	1017	6	14	-8	19	29	-10	-18
"K_1839 Beiarn"	"2021"	999	10	11	-1	54	39	15	13
"K_1839 Beiarn"	"2022"	1012	5	14	-9	69	45	24	15
"K_1839 Beiarn"	"2023"	1027	6	17	-11	86	40	46	35
"K_1839 Beiarn"	"2024"	1062	..	..	..	..	..	..	..
"K_1840 Saltdal"	"1951"	4747	92	40	52	102	239	-137	-85
"K_1840 Saltdal"	"1952"	4662	93	40	53	88	148	-60	-7
"K_1840 Saltdal"	"1953"	4655	85	51	34	98	147	-49	-15
"K_1840 Saltdal"	"1954"	4640	86	51	35	112	189	-77	-42
"K_1840 Saltdal"	"1955"	4598	83	33	50	136	198	-62	19
"K_1840 Saltdal"	"1956"	4617	83	41	42	186	257	-71	-29
"K_1840 Saltdal"	"1957"	4588	83	39	44	166	223	-57	-13
"K_1840 Saltdal"	"1958"	4575	72	40	32	148	199	-51	-19
"K_1840 Saltdal"	"1959"	4556	76	33	43	137	209	-72	-29
"K_1840 Saltdal"	"1960"	4527	59	41	18	171	214	-43	-5
"K_1840 Saltdal"	"1961"	4522	71	46	25	124	173	-49	-24
"K_1840 Saltdal"	"1962"	4498	81	49	32	132	244	-112	-80
"K_1840 Saltdal"	"1963"	4418	63	36	27	120	177	-57	-30
"K_1840 Saltdal"	"1964"	4388	84	40	44	132	184	-52	-8
"K_1840 Saltdal"	"1965"	4380	68	54	14	132	200	-68	-54
"K_1840 Saltdal"	"1966"	4326	66	56	10	186	256	-70	-24
"K_1840 Saltdal"	"1967"	4302	71	46	25	176	209	-33	-8
"K_1840 Saltdal"	"1968"	4294	66	55	11	174	235	-61	-39
"K_1840 Saltdal"	"1969"	4255	54	50	4	182	203	-21	-21
"K_1840 Saltdal"	"1970"	4234	64	53	11	341	263	78	86
"K_1840 Saltdal"	"1971"	4320	62	65	-3	263	158	105	102
"K_1840 Saltdal"	"1972"	4422	52	50	2	353	177	176	177
"K_1840 Saltdal"	"1973"	4599	78	46	32	319	189	130	168
"K_1840 Saltdal"	"1974"	4767	83	68	15	307	180	127	141
"K_1840 Saltdal"	"1975"	4908	63	57	6	344	171	173	174
"K_1840 Saltdal"	"1976"	5082	85	50	35	217	178	39	74
"K_1840 Saltdal"	"1977"	5156	53	57	-4	233	202	31	26
"K_1840 Saltdal"	"1978"	5182	65	60	5	233	187	46	52
"K_1840 Saltdal"	"1979"	5234	70	53	17	211	213	-2	12
"K_1840 Saltdal"	"1980"	5246	75	46	29	231	240	-9	20
"K_1840 Saltdal"	"1981"	5266	73	57	16	226	200	26	36
"K_1840 Saltdal"	"1982"	5302	54	64	-10	222	197	25	13
"K_1840 Saltdal"	"1983"	5315	74	68	6	222	192	30	36
"K_1840 Saltdal"	"1984"	5351	47	63	-16	163	192	-29	-44
"K_1840 Saltdal"	"1985"	5307	65	60	5	189	225	-36	-33
"K_1840 Saltdal"	"1986"	5274	67	84	-17	202	231	-29	-46
"K_1840 Saltdal"	"1987"	5228	72	52	20	208	208	0	20
"K_1840 Saltdal"	"1988"	5248	68	58	10	184	247	-63	-50
"K_1840 Saltdal"	"1989"	5198	57	60	-3	191	196	-5	-8
"K_1840 Saltdal"	"1990"	5190	59	68	-9	173	191	-18	-27
"K_1840 Saltdal"	"1991"	5163	50	59	-9	202	201	1	-8
"K_1840 Saltdal"	"1992"	5155	64	78	-14	185	202	-17	-30
"K_1840 Saltdal"	"1993"	5125	41	70	-29	267	197	70	36
"K_1840 Saltdal"	"1994"	5161	68	54	14	275	305	-30	-11
"K_1840 Saltdal"	"1995"	5150	53	73	-20	230	276	-46	-68
"K_1840 Saltdal"	"1996"	5082	67	55	12	191	219	-28	-15
"K_1840 Saltdal"	"1997"	5067	53	53	0	154	208	-54	-54
"K_1840 Saltdal"	"1998"	5013	43	51	-8	177	241	-64	-71
"K_1840 Saltdal"	"1999"	4942	40	53	-13	187	229	-42	-55
"K_1840 Saltdal"	"2000"	4887	36	62	-26	205	192	13	-13
"K_1840 Saltdal"	"2001"	4874	49	57	-8	191	193	-2	-11
"K_1840 Saltdal"	"2002"	4863	39	58	-19	168	174	-6	-29
"K_1840 Saltdal"	"2003"	4834	42	65	-23	244	234	10	-11
"K_1840 Saltdal"	"2004"	4823	44	39	5	174	199	-25	-23
"K_1840 Saltdal"	"2005"	4800	45	54	-9	188	232	-44	-49
"K_1840 Saltdal"	"2006"	4751	38	57	-19	165	209	-44	-63
"K_1840 Saltdal"	"2007"	4688	44	63	-19	292	250	42	22
"K_1840 Saltdal"	"2008"	4710	54	42	12	293	290	3	17
"K_1840 Saltdal"	"2009"	4727	42	42	0	219	253	-34	-35
"K_1840 Saltdal"	"2010"	4692	47	58	-11	202	211	-9	-20
"K_1840 Saltdal"	"2011"	4672	49	37	12	279	255	24	38
"K_1840 Saltdal"	"2012"	4710	35	50	-15	271	222	49	35
"K_1840 Saltdal"	"2013"	4745	44	70	-26	220	249	-29	-55
"K_1840 Saltdal"	"2014"	4690	44	44	0	307	264	43	44
"K_1840 Saltdal"	"2015"	4734	43	37	6	298	339	-41	-34
"K_1840 Saltdal"	"2016"	4700	46	52	-6	317	309	8	2
"K_1840 Saltdal"	"2017"	4702	48	45	3	287	303	-16	-11
"K_1840 Saltdal"	"2018"	4691	33	58	-25	160	169	-9	-34
"K_1840 Saltdal"	"2019"	4657	47	47	0	160	146	14	14
"K_1840 Saltdal"	"2020"	4671	38	56	-18	172	194	-22	-39
"K_1840 Saltdal"	"2021"	4632	30	47	-17	184	183	1	-15
"K_1840 Saltdal"	"2022"	4617	40	55	-15	200	154	46	33
"K_1840 Saltdal"	"2023"	4650	29	66	-37	521	254	267	230
"K_1840 Saltdal"	"2024"	4880	..	..	..	..	..	..	..
"K_1841 Fauske - Fuossko"	"1951"	8038	151	64	87	197	286	-89	-2
"K_1841 Fauske - Fuossko"	"1952"	8036	144	71	73	148	226	-78	-5
"K_1841 Fauske - Fuossko"	"1953"	8031	162	64	98	251	255	-4	94
"K_1841 Fauske - Fuossko"	"1954"	8125	150	73	77	266	249	17	94
"K_1841 Fauske - Fuossko"	"1955"	8219	167	71	96	374	284	90	283
"K_1841 Fauske - Fuossko"	"1956"	8502	145	65	80	381	382	-1	79
"K_1841 Fauske - Fuossko"	"1957"	8581	159	69	90	294	398	-104	-14
"K_1841 Fauske - Fuossko"	"1958"	8567	125	69	56	362	291	71	127
"K_1841 Fauske - Fuossko"	"1959"	8694	126	67	59	277	309	-32	27
"K_1841 Fauske - Fuossko"	"1960"	8721	112	73	39	353	490	-137	-161
"K_1841 Fauske - Fuossko"	"1961"	8560	152	87	65	252	367	-115	-50
"K_1841 Fauske - Fuossko"	"1962"	8510	135	87	48	364	443	-79	-31
"K_1841 Fauske - Fuossko"	"1963"	8479	122	88	34	288	407	-119	-85
"K_1841 Fauske - Fuossko"	"1964"	8394	126	80	46	314	404	-90	-44
"K_1841 Fauske - Fuossko"	"1965"	8350	147	73	74	359	369	-10	64
"K_1841 Fauske - Fuossko"	"1966"	8414	144	84	60	387	350	37	89
"K_1841 Fauske - Fuossko"	"1967"	8503	142	66	76	531	429	102	178
"K_1841 Fauske - Fuossko"	"1968"	8681	154	101	53	413	417	-4	54
"K_1841 Fauske - Fuossko"	"1969"	8735	155	96	59	382	443	-61	-13
"K_1841 Fauske - Fuossko"	"1970"	8722	134	85	49	493	578	-85	-49
"K_1841 Fauske - Fuossko"	"1971"	8673	160	78	82	500	477	23	103
"K_1841 Fauske - Fuossko"	"1972"	8776	136	98	38	524	466	58	90
"K_1841 Fauske - Fuossko"	"1973"	8866	153	77	76	506	446	60	136
"K_1841 Fauske - Fuossko"	"1974"	9002	122	74	48	536	425	111	168
"K_1841 Fauske - Fuossko"	"1975"	9170	135	106	29	530	527	3	19
"K_1841 Fauske - Fuossko"	"1976"	9189	121	99	22	409	430	-21	4
"K_1841 Fauske - Fuossko"	"1977"	9193	122	83	39	465	381	84	121
"K_1841 Fauske - Fuossko"	"1978"	9314	111	103	8	491	373	118	125
"K_1841 Fauske - Fuossko"	"1979"	9439	109	88	21	455	337	118	137
"K_1841 Fauske - Fuossko"	"1980"	9576	140	103	37	472	366	106	145
"K_1841 Fauske - Fuossko"	"1981"	9721	133	94	39	450	331	119	159
"K_1841 Fauske - Fuossko"	"1982"	9880	122	100	22	465	414	51	69
"K_1841 Fauske - Fuossko"	"1983"	9949	115	108	7	454	336	118	129
"K_1841 Fauske - Fuossko"	"1984"	10078	119	108	11	383	381	2	15
"K_1841 Fauske - Fuossko"	"1985"	10093	124	113	11	395	446	-51	-39
"K_1841 Fauske - Fuossko"	"1986"	10054	112	108	4	414	407	7	9
"K_1841 Fauske - Fuossko"	"1987"	10063	106	98	8	431	428	3	9
"K_1841 Fauske - Fuossko"	"1988"	10072	129	128	1	464	434	30	36
"K_1841 Fauske - Fuossko"	"1989"	10108	121	109	12	379	480	-101	-91
"K_1841 Fauske - Fuossko"	"1990"	10017	143	132	11	363	391	-28	-17
"K_1841 Fauske - Fuossko"	"1991"	10000	130	105	25	344	372	-28	-4
"K_1841 Fauske - Fuossko"	"1992"	9996	112	119	-7	338	404	-66	-73
"K_1841 Fauske - Fuossko"	"1993"	9923	136	100	36	368	434	-66	-26
"K_1841 Fauske - Fuossko"	"1994"	9897	126	99	27	407	368	39	65
"K_1841 Fauske - Fuossko"	"1995"	9962	132	103	29	402	474	-72	-37
"K_1841 Fauske - Fuossko"	"1996"	9925	111	118	-7	352	502	-150	-156
"K_1841 Fauske - Fuossko"	"1997"	9769	136	100	36	397	473	-76	-40
"K_1841 Fauske - Fuossko"	"1998"	9729	122	100	22	343	476	-133	-116
"K_1841 Fauske - Fuossko"	"1999"	9613	112	109	3	440	426	14	19
"K_1841 Fauske - Fuossko"	"2000"	9632	122	94	28	445	449	-4	25
"K_1841 Fauske - Fuossko"	"2001"	9657	95	83	12	394	437	-43	-30
"K_1841 Fauske - Fuossko"	"2002"	9627	84	115	-31	339	408	-69	-99
"K_1841 Fauske - Fuossko"	"2003"	9528	111	93	18	432	351	81	99
"K_1841 Fauske - Fuossko"	"2004"	9627	90	102	-12	317	379	-62	-78
"K_1841 Fauske - Fuossko"	"2005"	9549	106	90	16	373	389	-16	2
"K_1841 Fauske - Fuossko"	"2006"	9551	92	95	-3	316	398	-82	-86
"K_1841 Fauske - Fuossko"	"2007"	9465	94	92	2	371	360	11	15
"K_1841 Fauske - Fuossko"	"2008"	9480	93	93	0	382	383	-1	-3
"K_1841 Fauske - Fuossko"	"2009"	9477	93	85	8	389	318	71	75
"K_1841 Fauske - Fuossko"	"2010"	9552	90	84	6	372	396	-24	-19
"K_1841 Fauske - Fuossko"	"2011"	9533	72	96	-24	390	388	2	-20
"K_1841 Fauske - Fuossko"	"2012"	9513	74	97	-23	397	380	17	0
"K_1841 Fauske - Fuossko"	"2013"	9513	80	99	-19	435	372	63	43
"K_1841 Fauske - Fuossko"	"2014"	9556	74	82	-8	439	368	71	66
"K_1841 Fauske - Fuossko"	"2015"	9622	74	90	-16	406	408	-2	-18
"K_1841 Fauske - Fuossko"	"2016"	9604	89	103	-14	525	385	140	125
"K_1841 Fauske - Fuossko"	"2017"	9729	93	96	-3	432	380	52	46
"K_1841 Fauske - Fuossko"	"2018"	9775	90	107	-17	404	402	2	-15
"K_1841 Fauske - Fuossko"	"2019"	9760	85	97	-12	417	427	-10	-21
"K_1841 Fauske - Fuossko"	"2020"	9739	69	98	-29	352	418	-66	-99
"K_1841 Fauske - Fuossko"	"2021"	9640	74	101	-27	421	434	-13	-37
"K_1841 Fauske - Fuossko"	"2022"	9603	87	95	-8	383	409	-26	-31
"K_1841 Fauske - Fuossko"	"2023"	9572	85	96	-11	940	677	263	255
"K_1841 Fauske - Fuossko"	"2024"	9827	..	..	..	..	..	..	..
"K_1845 Sørfold - Fuolldá"	"1951"	3177	73	35	38	49	71	-22	16
"K_1845 Sørfold - Fuolldá"	"1952"	3193	74	36	38	32	84	-52	-14
"K_1845 Sørfold - Fuolldá"	"1953"	3179	65	31	34	30	64	-34	0
"K_1845 Sørfold - Fuolldá"	"1954"	3179	52	40	12	25	82	-57	-45
"K_1845 Sørfold - Fuolldá"	"1955"	3134	48	28	20	24	116	-92	-64
"K_1845 Sørfold - Fuolldá"	"1956"	3070	43	38	5	48	120	-72	-67
"K_1845 Sørfold - Fuolldá"	"1957"	3003	44	22	22	61	93	-32	-10
"K_1845 Sørfold - Fuolldá"	"1958"	2993	39	23	16	76	96	-20	-4
"K_1845 Sørfold - Fuolldá"	"1959"	2989	39	31	8	48	88	-40	-32
"K_1845 Sørfold - Fuolldá"	"1960"	2957	52	38	14	88	137	-49	-52
"K_1845 Sørfold - Fuolldá"	"1961"	2905	47	31	16	67	124	-57	-41
"K_1845 Sørfold - Fuolldá"	"1962"	2864	37	21	16	79	116	-37	-21
"K_1845 Sørfold - Fuolldá"	"1963"	2843	35	34	1	62	135	-73	-72
"K_1845 Sørfold - Fuolldá"	"1964"	2958	33	28	5	136	169	-33	-28
"K_1845 Sørfold - Fuolldá"	"1965"	2930	48	30	18	86	157	-71	-53
"K_1845 Sørfold - Fuolldá"	"1966"	2877	35	35	0	161	152	9	21
"K_1845 Sørfold - Fuolldá"	"1967"	2898	44	35	9	196	159	37	46
"K_1845 Sørfold - Fuolldá"	"1968"	2944	36	32	4	125	241	-116	-106
"K_1845 Sørfold - Fuolldá"	"1969"	2838	44	40	4	145	140	5	11
"K_1845 Sørfold - Fuolldá"	"1970"	2849	37	26	11	209	204	5	9
"K_1845 Sørfold - Fuolldá"	"1971"	2858	45	27	18	136	151	-15	7
"K_1845 Sørfold - Fuolldá"	"1972"	2865	42	29	13	102	134	-32	-18
"K_1845 Sørfold - Fuolldá"	"1973"	2847	29	31	-2	115	133	-18	-21
"K_1845 Sørfold - Fuolldá"	"1974"	2826	33	29	4	98	123	-25	-26
"K_1845 Sørfold - Fuolldá"	"1975"	2800	35	34	1	146	118	28	28
"K_1845 Sørfold - Fuolldá"	"1976"	2828	36	46	-10	139	125	14	5
"K_1845 Sørfold - Fuolldá"	"1977"	2833	29	30	-1	130	154	-24	-25
"K_1845 Sørfold - Fuolldá"	"1978"	2808	25	31	-6	102	130	-28	-34
"K_1845 Sørfold - Fuolldá"	"1979"	2774	31	21	10	156	102	54	63
"K_1845 Sørfold - Fuolldá"	"1980"	2837	29	29	0	147	135	12	12
"K_1845 Sørfold - Fuolldá"	"1981"	2849	45	33	12	152	89	63	76
"K_1845 Sørfold - Fuolldá"	"1982"	2925	38	42	-4	200	96	104	100
"K_1845 Sørfold - Fuolldá"	"1983"	3025	37	49	-12	178	126	52	40
"K_1845 Sørfold - Fuolldá"	"1984"	3065	31	29	2	128	132	-4	-25
"K_1845 Sørfold - Fuolldá"	"1985"	3040	41	45	-4	135	155	-20	-23
"K_1845 Sørfold - Fuolldá"	"1986"	3017	35	39	-4	121	159	-38	-40
"K_1845 Sørfold - Fuolldá"	"1987"	2977	33	34	-1	109	185	-76	-77
"K_1845 Sørfold - Fuolldá"	"1988"	2900	35	45	-10	136	154	-18	-28
"K_1845 Sørfold - Fuolldá"	"1989"	2872	37	41	-4	143	188	-45	-52
"K_1845 Sørfold - Fuolldá"	"1990"	2820	34	39	-5	122	111	11	6
"K_1845 Sørfold - Fuolldá"	"1991"	2826	37	37	0	92	133	-41	-45
"K_1845 Sørfold - Fuolldá"	"1992"	2781	38	44	-6	94	166	-72	-73
"K_1845 Sørfold - Fuolldá"	"1993"	2708	33	44	-11	137	160	-23	-32
"K_1845 Sørfold - Fuolldá"	"1994"	2676	22	31	-9	116	151	-35	-46
"K_1845 Sørfold - Fuolldá"	"1995"	2630	17	33	-16	103	144	-41	-57
"K_1845 Sørfold - Fuolldá"	"1996"	2573	21	26	-5	103	135	-32	-37
"K_1845 Sørfold - Fuolldá"	"1997"	2536	23	30	-7	99	142	-43	-51
"K_1845 Sørfold - Fuolldá"	"1998"	2485	24	41	-17	100	136	-36	-54
"K_1845 Sørfold - Fuolldá"	"1999"	2431	23	30	-7	90	146	-56	-64
"K_1845 Sørfold - Fuolldá"	"2000"	2367	24	27	-3	108	122	-14	-15
"K_1845 Sørfold - Fuolldá"	"2001"	2352	22	38	-16	60	118	-58	-74
"K_1845 Sørfold - Fuolldá"	"2002"	2278	23	33	-10	78	117	-39	-50
"K_1845 Sørfold - Fuolldá"	"2003"	2228	18	30	-12	90	121	-31	-44
"K_1845 Sørfold - Fuolldá"	"2004"	2184	26	35	-9	73	96	-23	-31
"K_1845 Sørfold - Fuolldá"	"2005"	2153	14	31	-17	97	109	-12	-34
"K_1845 Sørfold - Fuolldá"	"2006"	2119	14	24	-10	65	94	-29	-35
"K_1845 Sørfold - Fuolldá"	"2007"	2084	18	33	-15	75	144	-69	-84
"K_1845 Sørfold - Fuolldá"	"2008"	2000	17	28	-11	108	75	33	21
"K_1845 Sørfold - Fuolldá"	"2009"	2021	17	25	-8	75	104	-29	-37
"K_1845 Sørfold - Fuolldá"	"2010"	1984	16	35	-19	109	85	24	5
"K_1845 Sørfold - Fuolldá"	"2011"	1989	17	23	-6	105	84	21	14
"K_1845 Sørfold - Fuolldá"	"2012"	2003	8	32	-24	77	75	2	-22
"K_1845 Sørfold - Fuolldá"	"2013"	1981	13	20	-7	108	95	13	6
"K_1845 Sørfold - Fuolldá"	"2014"	1987	16	27	-11	71	94	-23	-34
"K_1845 Sørfold - Fuolldá"	"2015"	1953	10	18	-8	111	93	18	10
"K_1845 Sørfold - Fuolldá"	"2016"	1963	17	26	-9	88	84	4	-5
"K_1845 Sørfold - Fuolldá"	"2017"	1958	13	23	-10	109	79	30	21
"K_1845 Sørfold - Fuolldá"	"2018"	1979	22	21	1	91	96	-5	-4
"K_1845 Sørfold - Fuolldá"	"2019"	1975	9	30	-21	86	114	-28	-49
"K_1845 Sørfold - Fuolldá"	"2020"	1926	14	20	-6	93	100	-7	-14
"K_1845 Sørfold - Fuolldá"	"2021"	1912	15	34	-19	90	114	-24	-43
"K_1845 Sørfold - Fuolldá"	"2022"	1869	13	27	-14	93	103	-10	-24
"K_1845 Sørfold - Fuolldá"	"2023"	1845	17	19	-2	82	66	16	13
"K_1845 Sørfold - Fuolldá"	"2024"	1858	..	..	..	..	..	..	..
"K_1848 Steigen"	"1951"	2108	48	24	24	45	95	-50	-26
"K_1848 Steigen"	"1952"	2082	42	22	20	80	80	0	20
"K_1848 Steigen"	"1953"	2102	35	24	11	42	57	-15	-4
"K_1848 Steigen"	"1954"	2098	30	26	4	37	102	-65	-61
"K_1848 Steigen"	"1955"	2037	39	23	16	41	74	-33	-2
"K_1848 Steigen"	"1956"	2035	41	25	16	48	104	-56	-40
"K_1848 Steigen"	"1957"	1995	24	26	-2	57	94	-37	-39
"K_1848 Steigen"	"1958"	1956	33	23	10	53	87	-34	-24
"K_1848 Steigen"	"1959"	1932	31	31	0	53	49	4	4
"K_1848 Steigen"	"1960"	1936	26	22	4	68	112	-44	-30
"K_1848 Steigen"	"1961"	1906	36	23	13	65	75	-10	3
"K_1848 Steigen"	"1962"	1909	24	23	1	47	114	-67	-66
"K_1848 Steigen"	"1963"	1843	36	24	12	57	83	-26	-14
"K_1848 Steigen"	"1964"	4545	69	49	20	102	162	-60	-40
"K_1848 Steigen"	"1965"	4505	69	55	14	138	195	-57	-43
"K_1848 Steigen"	"1966"	4462	43	62	-19	118	202	-84	-117
"K_1848 Steigen"	"1967"	4345	50	45	5	145	229	-84	-79
"K_1848 Steigen"	"1968"	4266	57	69	-12	144	211	-67	-78
"K_1848 Steigen"	"1969"	4188	50	41	9	123	253	-130	-120
"K_1848 Steigen"	"1970"	4068	90	50	40	222	283	-61	-57
"K_1848 Steigen"	"1971"	4011	41	54	-13	146	221	-75	-92
"K_1848 Steigen"	"1972"	3919	56	70	-14	167	180	-13	-40
"K_1848 Steigen"	"1973"	3879	57	51	6	169	187	-18	-12
"K_1848 Steigen"	"1974"	3867	47	45	2	152	194	-42	-39
"K_1848 Steigen"	"1975"	3828	66	62	4	170	154	16	10
"K_1848 Steigen"	"1976"	3838	44	55	-11	113	151	-38	-49
"K_1848 Steigen"	"1977"	3789	47	52	-5	108	170	-62	-67
"K_1848 Steigen"	"1978"	3722	51	46	5	145	117	28	33
"K_1848 Steigen"	"1979"	3755	42	64	-22	110	128	-18	-44
"K_1848 Steigen"	"1980"	3711	61	49	12	136	131	5	17
"K_1848 Steigen"	"1981"	3728	51	38	13	142	107	35	48
"K_1848 Steigen"	"1982"	3776	47	58	-11	144	126	18	6
"K_1848 Steigen"	"1983"	3782	51	57	-6	110	182	-72	-78
"K_1848 Steigen"	"1984"	3704	42	50	-8	79	135	-56	-63
"K_1848 Steigen"	"1985"	3641	45	52	-7	91	202	-111	-116
"K_1848 Steigen"	"1986"	3525	39	45	-6	80	150	-70	-76
"K_1848 Steigen"	"1987"	3449	41	39	2	91	151	-60	-56
"K_1848 Steigen"	"1988"	3393	41	53	-12	114	143	-29	-42
"K_1848 Steigen"	"1989"	3351	40	52	-12	83	150	-67	-80
"K_1848 Steigen"	"1990"	3271	40	40	0	131	138	-7	-6
"K_1848 Steigen"	"1991"	3265	37	34	3	80	91	-11	-8
"K_1848 Steigen"	"1992"	3257	45	51	-6	122	131	-9	-17
"K_1848 Steigen"	"1993"	3240	38	59	-21	102	134	-32	-49
"K_1848 Steigen"	"1994"	3191	43	44	-1	101	135	-34	-37
"K_1848 Steigen"	"1995"	3154	29	55	-26	121	109	12	-18
"K_1848 Steigen"	"1996"	3136	27	48	-21	103	127	-24	-45
"K_1848 Steigen"	"1997"	3091	27	47	-20	118	114	4	-16
"K_1848 Steigen"	"1998"	3075	33	53	-20	97	130	-33	-53
"K_1848 Steigen"	"1999"	3022	28	48	-20	105	130	-25	-45
"K_1848 Steigen"	"2000"	2977	28	39	-11	95	125	-30	-41
"K_1848 Steigen"	"2001"	2936	31	49	-18	102	131	-29	-47
"K_1848 Steigen"	"2002"	2889	19	42	-23	120	104	16	-14
"K_1848 Steigen"	"2003"	2875	33	34	-1	98	109	-11	-12
"K_1848 Steigen"	"2004"	2863	20	44	-24	79	122	-43	-61
"K_1848 Steigen"	"2005"	2802	22	42	-20	85	107	-22	-42
"K_1848 Steigen"	"2006"	2760	21	37	-16	94	157	-63	-80
"K_1848 Steigen"	"2007"	2680	31	42	-11	113	110	3	-8
"K_1848 Steigen"	"2008"	2672	27	46	-19	106	94	12	-7
"K_1848 Steigen"	"2009"	2665	12	44	-32	98	112	-14	-46
"K_1848 Steigen"	"2010"	2619	25	44	-19	133	115	18	0
"K_1848 Steigen"	"2011"	2619	21	32	-11	111	110	1	-10
"K_1848 Steigen"	"2012"	2609	14	38	-24	81	113	-32	-57
"K_1848 Steigen"	"2013"	2552	19	32	-13	147	107	40	27
"K_1848 Steigen"	"2014"	2579	12	34	-22	99	149	-50	-72
"K_1848 Steigen"	"2015"	2507	22	25	-3	176	137	39	36
"K_1848 Steigen"	"2016"	2543	21	25	-4	105	100	5	0
"K_1848 Steigen"	"2017"	2543	17	30	-13	137	134	3	-9
"K_1848 Steigen"	"2018"	2534	16	42	-26	174	106	68	42
"K_1848 Steigen"	"2019"	2576	24	24	0	159	127	32	32
"K_1848 Steigen"	"2020"	2608	10	38	-28	141	132	9	-22
"K_1848 Steigen"	"2021"	2586	27	36	-9	165	152	13	5
"K_1848 Steigen"	"2022"	2591	29	45	-16	210	120	90	74
"K_1848 Steigen"	"2023"	2665	19	37	-18	161	135	26	7
"K_1848 Steigen"	"2024"	2672	..	..	..	..	..	..	..
"K_1851 Lødingen"	"1951"	3823	81	35	46	88	144	-56	-10
"K_1851 Lødingen"	"1952"	3813	72	39	33	102	126	-24	9
"K_1851 Lødingen"	"1953"	3822	96	27	69	112	156	-44	25
"K_1851 Lødingen"	"1954"	3847	86	36	50	82	124	-42	8
"K_1851 Lødingen"	"1955"	3855	66	26	40	121	157	-36	55
"K_1851 Lødingen"	"1956"	3910	98	31	67	183	169	14	81
"K_1851 Lødingen"	"1957"	3991	67	29	38	175	211	-36	2
"K_1851 Lødingen"	"1958"	3993	86	28	58	142	149	-7	51
"K_1851 Lødingen"	"1959"	4044	75	22	53	159	196	-37	16
"K_1851 Lødingen"	"1960"	4060	70	33	37	200	261	-61	-18
"K_1851 Lødingen"	"1961"	4042	80	38	42	127	194	-67	-25
"K_1851 Lødingen"	"1962"	3584	60	33	27	130	186	-56	-29
"K_1851 Lødingen"	"1963"	3555	64	46	18	169	221	-52	-34
"K_1851 Lødingen"	"1964"	3224	71	29	42	122	181	-59	-17
"K_1851 Lødingen"	"1965"	3207	52	35	17	133	182	-49	-32
"K_1851 Lødingen"	"1966"	3175	54	30	24	131	195	-64	-25
"K_1851 Lødingen"	"1967"	3150	57	35	22	159	173	-14	8
"K_1851 Lødingen"	"1968"	3158	63	38	25	192	172	20	38
"K_1851 Lødingen"	"1969"	3196	53	24	29	164	260	-96	-78
"K_1851 Lødingen"	"1970"	3118	47	26	21	174	271	-97	-70
"K_1851 Lødingen"	"1971"	3048	52	24	28	192	181	11	29
"K_1851 Lødingen"	"1972"	3077	56	23	33	206	168	38	71
"K_1851 Lødingen"	"1973"	3148	43	26	17	199	221	-22	-4
"K_1851 Lødingen"	"1974"	3144	45	32	13	192	183	9	23
"K_1851 Lødingen"	"1975"	3167	56	39	17	186	219	-33	-19
"K_1851 Lødingen"	"1976"	3148	34	43	-9	172	222	-50	-60
"K_1851 Lødingen"	"1977"	3088	26	34	-8	198	197	1	-7
"K_1851 Lødingen"	"1978"	3081	39	30	9	156	172	-16	-8
"K_1851 Lødingen"	"1979"	3073	45	19	26	195	193	2	27
"K_1851 Lødingen"	"1980"	3100	38	39	-1	193	151	42	40
"K_1851 Lødingen"	"1981"	3140	35	32	3	151	211	-60	-57
"K_1851 Lødingen"	"1982"	3083	35	30	5	149	166	-17	-12
"K_1851 Lødingen"	"1983"	3071	38	31	7	172	175	-3	4
"K_1851 Lødingen"	"1984"	3075	36	32	4	132	196	-64	-60
"K_1851 Lødingen"	"1985"	3015	43	37	6	153	201	-48	-47
"K_1851 Lødingen"	"1986"	2968	31	33	-2	165	194	-29	-31
"K_1851 Lødingen"	"1987"	2937	35	48	-13	176	183	-7	-16
"K_1851 Lødingen"	"1988"	2921	29	40	-11	136	160	-24	-37
"K_1851 Lødingen"	"1989"	2884	32	39	-7	138	175	-37	-41
"K_1851 Lødingen"	"1990"	2843	32	43	-11	145	180	-35	-44
"K_1851 Lødingen"	"1991"	2799	38	29	9	157	178	-21	-11
"K_1851 Lødingen"	"1992"	2788	39	30	9	150	186	-36	-26
"K_1851 Lødingen"	"1993"	2762	23	31	-8	131	178	-47	-57
"K_1851 Lødingen"	"1994"	2705	35	37	-2	138	171	-33	-31
"K_1851 Lødingen"	"1995"	2674	34	31	3	111	139	-28	-20
"K_1851 Lødingen"	"1996"	2654	26	28	-2	102	176	-74	-78
"K_1851 Lødingen"	"1997"	2576	36	40	-4	121	157	-36	-39
"K_1851 Lødingen"	"1998"	2537	22	35	-13	119	148	-29	-40
"K_1851 Lødingen"	"1999"	2497	24	35	-11	123	138	-15	-26
"K_1851 Lødingen"	"2000"	2471	21	43	-22	114	161	-47	-69
"K_1851 Lødingen"	"2001"	2402	19	32	-13	95	126	-31	-44
"K_1851 Lødingen"	"2002"	2358	22	25	-3	129	101	28	24
"K_1851 Lødingen"	"2003"	2382	10	26	-16	127	108	19	4
"K_1851 Lødingen"	"2004"	2386	21	25	-4	79	112	-33	-37
"K_1851 Lødingen"	"2005"	2349	16	22	-6	122	151	-29	-35
"K_1851 Lødingen"	"2006"	2314	16	28	-12	83	128	-45	-57
"K_1851 Lødingen"	"2007"	2257	21	36	-15	138	103	35	22
"K_1851 Lødingen"	"2008"	2279	12	36	-24	103	116	-13	-37
"K_1851 Lødingen"	"2009"	2242	12	33	-21	131	171	-40	-61
"K_1851 Lødingen"	"2010"	2181	24	30	-6	133	112	21	15
"K_1851 Lødingen"	"2011"	2196	15	30	-15	127	128	-1	-17
"K_1851 Lødingen"	"2012"	2179	20	31	-11	212	160	52	41
"K_1851 Lødingen"	"2013"	2220	20	33	-13	216	174	42	28
"K_1851 Lødingen"	"2014"	2248	15	23	-8	152	232	-80	-88
"K_1851 Lødingen"	"2015"	2160	11	28	-17	167	167	0	-16
"K_1851 Lødingen"	"2016"	2144	12	26	-14	185	183	2	-10
"K_1851 Lødingen"	"2017"	2134	15	17	-2	114	144	-30	-32
"K_1851 Lødingen"	"2018"	2102	8	38	-30	121	117	4	-25
"K_1851 Lødingen"	"2019"	2077	12	30	-18	102	127	-25	-43
"K_1851 Lødingen"	"2020"	2034	14	18	-4	107	133	-26	-31
"K_1851 Lødingen"	"2021"	2003	13	21	-8	104	124	-20	-27
"K_1851 Lødingen"	"2022"	1976	12	29	-17	257	231	26	9
"K_1851 Lødingen"	"2023"	1985	15	25	-10	464	378	86	75
"K_1851 Lødingen"	"2024"	2060	..	..	..	..	..	..	..
"K_1853 Evenes - Evenássi"	"1951"	2602	51	30	21	83	129	-46	-25
"K_1853 Evenes - Evenássi"	"1952"	2577	49	33	16	38	95	-57	-41
"K_1853 Evenes - Evenássi"	"1953"	2536	58	27	31	53	103	-50	-19
"K_1853 Evenes - Evenássi"	"1954"	2517	53	24	29	34	105	-71	-42
"K_1853 Evenes - Evenássi"	"1955"	2475	56	16	40	108	128	-20	79
"K_1853 Evenes - Evenássi"	"1956"	2554	52	22	30	46	140	-94	-64
"K_1853 Evenes - Evenássi"	"1957"	2490	37	23	14	85	139	-54	-40
"K_1853 Evenes - Evenássi"	"1958"	2450	35	24	11	86	128	-42	-31
"K_1853 Evenes - Evenássi"	"1959"	2419	47	18	29	61	150	-89	-60
"K_1853 Evenes - Evenássi"	"1960"	2359	31	19	12	74	154	-80	-38
"K_1853 Evenes - Evenássi"	"1961"	2321	38	24	14	77	122	-45	-31
"K_1853 Evenes - Evenássi"	"1962"	2290	38	26	12	49	185	-136	-124
"K_1853 Evenes - Evenássi"	"1963"	2166	36	28	8	101	146	-45	-37
"K_1853 Evenes - Evenássi"	"1964"	2129	28	22	6	92	123	-31	-25
"K_1853 Evenes - Evenássi"	"1965"	2104	32	37	-5	92	103	-11	-16
"K_1853 Evenes - Evenássi"	"1966"	2088	26	27	-1	72	147	-75	-95
"K_1853 Evenes - Evenássi"	"1967"	1993	35	18	17	91	135	-44	-27
"K_1853 Evenes - Evenássi"	"1968"	1966	36	25	11	96	131	-35	-29
"K_1853 Evenes - Evenássi"	"1969"	1937	32	33	-1	63	138	-75	-73
"K_1853 Evenes - Evenássi"	"1970"	1864	21	22	-1	78	170	-92	-92
"K_1853 Evenes - Evenássi"	"1971"	1772	17	25	-8	94	120	-26	-39
"K_1853 Evenes - Evenássi"	"1972"	1733	25	17	8	129	87	42	49
"K_1853 Evenes - Evenássi"	"1973"	1782	24	17	7	173	114	59	66
"K_1853 Evenes - Evenássi"	"1974"	1848	27	16	11	131	105	26	36
"K_1853 Evenes - Evenássi"	"1975"	1884	23	23	0	90	117	-27	-27
"K_1853 Evenes - Evenássi"	"1976"	1857	29	30	-1	124	86	38	38
"K_1853 Evenes - Evenássi"	"1977"	1895	30	21	9	134	149	-15	-6
"K_1853 Evenes - Evenássi"	"1978"	1889	25	33	-8	86	95	-9	-17
"K_1853 Evenes - Evenássi"	"1979"	1872	25	22	3	108	90	18	21
"K_1853 Evenes - Evenássi"	"1980"	1893	22	29	-7	90	84	6	-1
"K_1853 Evenes - Evenássi"	"1981"	1892	20	22	-2	70	78	-8	-10
"K_1853 Evenes - Evenássi"	"1982"	1882	20	30	-10	49	89	-40	-50
"K_1853 Evenes - Evenássi"	"1983"	1832	15	22	-7	84	88	-4	-11
"K_1853 Evenes - Evenássi"	"1984"	1821	31	19	12	81	78	3	15
"K_1853 Evenes - Evenássi"	"1985"	1836	12	30	-18	63	73	-10	-31
"K_1853 Evenes - Evenássi"	"1986"	1805	10	27	-17	84	81	3	-13
"K_1853 Evenes - Evenássi"	"1987"	1792	13	26	-13	97	58	39	20
"K_1853 Evenes - Evenássi"	"1988"	1812	12	25	-13	81	124	-43	-56
"K_1853 Evenes - Evenássi"	"1989"	1756	13	23	-10	79	95	-16	-26
"K_1853 Evenes - Evenássi"	"1990"	1730	14	27	-13	65	77	-12	-24
"K_1853 Evenes - Evenássi"	"1991"	1706	20	29	-9	88	100	-12	-21
"K_1853 Evenes - Evenássi"	"1992"	1685	34	24	10	78	83	-5	9
"K_1853 Evenes - Evenássi"	"1993"	1694	15	22	-7	54	101	-47	-54
"K_1853 Evenes - Evenássi"	"1994"	1640	16	33	-17	100	102	-2	-19
"K_1853 Evenes - Evenássi"	"1995"	1621	11	25	-14	110	135	-25	-38
"K_1853 Evenes - Evenássi"	"1996"	1583	18	21	-3	63	100	-37	-40
"K_1853 Evenes - Evenássi"	"1997"	1543	16	30	-14	84	92	-8	-22
"K_1853 Evenes - Evenássi"	"1998"	1521	17	26	-9	99	93	6	6
"K_1853 Evenes - Evenássi"	"1999"	1527	15	26	-11	127	120	7	-4
"K_1853 Evenes - Evenássi"	"2000"	1523	22	20	2	95	116	-21	-19
"K_1853 Evenes - Evenássi"	"2001"	1504	14	28	-14	112	97	15	4
"K_1853 Evenes - Evenássi"	"2002"	1508	14	18	-4	84	94	-10	-14
"K_1853 Evenes - Evenássi"	"2003"	1494	10	22	-12	51	88	-37	-50
"K_1853 Evenes - Evenássi"	"2004"	1444	15	22	-7	65	84	-19	-27
"K_1853 Evenes - Evenássi"	"2005"	1417	3	21	-18	63	95	-32	-52
"K_1853 Evenes - Evenássi"	"2006"	1365	17	14	3	81	88	-7	-4
"K_1853 Evenes - Evenássi"	"2007"	1361	10	24	-14	81	70	11	-3
"K_1853 Evenes - Evenássi"	"2008"	1358	9	20	-11	69	70	-1	-13
"K_1853 Evenes - Evenássi"	"2009"	1345	11	15	-4	74	58	16	12
"K_1853 Evenes - Evenássi"	"2010"	1357	17	13	4	48	67	-19	-15
"K_1853 Evenes - Evenássi"	"2011"	1342	13	20	-7	99	75	24	17
"K_1853 Evenes - Evenássi"	"2012"	1359	14	12	2	73	58	15	17
"K_1853 Evenes - Evenássi"	"2013"	1376	17	19	-2	78	61	17	15
"K_1853 Evenes - Evenássi"	"2014"	1391	5	20	-15	89	80	9	-6
"K_1853 Evenes - Evenássi"	"2015"	1385	12	18	-6	98	77	21	15
"K_1853 Evenes - Evenássi"	"2016"	1400	13	17	-4	89	83	6	2
"K_1853 Evenes - Evenássi"	"2017"	1402	10	15	-5	68	78	-10	-15
"K_1853 Evenes - Evenássi"	"2018"	1387	4	9	-5	77	72	5	0
"K_1853 Evenes - Evenássi"	"2019"	1387	13	16	-3	51	87	-36	-39
"K_1853 Evenes - Evenássi"	"2020"	1348	11	13	-2	85	107	-22	-24
"K_1853 Evenes - Evenássi"	"2021"	1324	12	17	-5	110	94	16	10
"K_1853 Evenes - Evenássi"	"2022"	1334	8	21	-13	94	105	-11	-24
"K_1853 Evenes - Evenássi"	"2023"	1310	4	21	-17	119	82	37	20
"K_1853 Evenes - Evenássi"	"2024"	1330	..	..	..	..	..	..	..
"K_1856 Røst"	"1951"	771	13	8	5	18	29	-11	-6
"K_1856 Røst"	"1952"	765	17	9	8	17	25	-8	0
"K_1856 Røst"	"1953"	765	12	4	8	30	25	5	13
"K_1856 Røst"	"1954"	778	22	8	14	13	31	-18	-4
"K_1856 Røst"	"1955"	774	13	9	4	28	26	2	-8
"K_1856 Røst"	"1956"	766	15	4	11	25	24	1	12
"K_1856 Røst"	"1957"	778	19	3	16	12	28	-16	0
"K_1856 Røst"	"1958"	778	21	6	15	20	31	-11	4
"K_1856 Røst"	"1959"	782	21	7	14	28	23	5	19
"K_1856 Røst"	"1960"	801	20	10	10	15	26	-11	13
"K_1856 Røst"	"1961"	814	18	5	13	18	25	-7	6
"K_1856 Røst"	"1962"	820	15	11	4	13	24	-11	-7
"K_1856 Røst"	"1963"	813	24	8	16	11	18	-7	9
"K_1856 Røst"	"1964"	822	16	4	12	13	27	-14	-2
"K_1856 Røst"	"1965"	820	26	6	20	35	27	8	28
"K_1856 Røst"	"1966"	848	15	6	9	32	34	-2	8
"K_1856 Røst"	"1967"	856	19	7	12	41	55	-14	-2
"K_1856 Røst"	"1968"	854	18	7	11	18	52	-34	-25
"K_1856 Røst"	"1969"	829	9	9	0	25	58	-33	-33
"K_1856 Røst"	"1970"	796	6	11	-5	24	62	-38	-42
"K_1856 Røst"	"1971"	754	16	6	10	41	49	-8	1
"K_1856 Røst"	"1972"	755	13	7	6	54	35	19	25
"K_1856 Røst"	"1973"	780	18	6	12	33	29	4	17
"K_1856 Røst"	"1974"	797	15	10	5	41	29	12	17
"K_1856 Røst"	"1975"	814	13	5	8	25	28	-3	5
"K_1856 Røst"	"1976"	819	9	10	-1	21	35	-14	-15
"K_1856 Røst"	"1977"	804	8	7	1	26	26	0	1
"K_1856 Røst"	"1978"	805	12	5	7	35	25	10	17
"K_1856 Røst"	"1979"	822	8	5	3	42	54	-12	-9
"K_1856 Røst"	"1980"	813	15	10	5	31	49	-18	-15
"K_1856 Røst"	"1981"	798	8	11	-3	41	41	0	-3
"K_1856 Røst"	"1982"	795	12	8	4	29	33	-4	0
"K_1856 Røst"	"1983"	795	11	7	4	36	49	-13	-14
"K_1856 Røst"	"1984"	781	6	11	-5	17	50	-33	-38
"K_1856 Røst"	"1985"	743	4	10	-6	26	36	-10	-17
"K_1856 Røst"	"1986"	726	11	11	0	23	49	-26	-26
"K_1856 Røst"	"1987"	700	4	8	-4	27	60	-33	-37
"K_1856 Røst"	"1988"	663	5	10	-5	41	53	-12	-17
"K_1856 Røst"	"1989"	646	9	8	1	30	46	-16	-15
"K_1856 Røst"	"1990"	631	10	16	-6	25	29	-4	-10
"K_1856 Røst"	"1991"	621	14	7	7	37	17	20	32
"K_1856 Røst"	"1992"	653	11	8	3	34	16	18	17
"K_1856 Røst"	"1993"	670	11	5	6	38	27	11	18
"K_1856 Røst"	"1994"	688	14	6	8	26	29	-3	5
"K_1856 Røst"	"1995"	693	9	4	5	25	24	1	6
"K_1856 Røst"	"1996"	699	9	8	1	19	24	-5	-4
"K_1856 Røst"	"1997"	695	9	13	-4	17	41	-24	-28
"K_1856 Røst"	"1998"	667	6	7	-1	21	33	-12	-13
"K_1856 Røst"	"1999"	654	12	9	3	24	15	9	12
"K_1856 Røst"	"2000"	666	10	11	-1	15	28	-13	-14
"K_1856 Røst"	"2001"	652	8	4	4	22	28	-6	-3
"K_1856 Røst"	"2002"	649	7	5	2	16	26	-10	-8
"K_1856 Røst"	"2003"	641	3	7	-4	21	41	-20	-24
"K_1856 Røst"	"2004"	617	4	12	-8	31	38	-7	-15
"K_1856 Røst"	"2005"	602	8	8	0	28	32	-4	-4
"K_1856 Røst"	"2006"	598	9	6	3	22	32	-10	-7
"K_1856 Røst"	"2007"	591	6	3	3	38	10	28	31
"K_1856 Røst"	"2008"	622	6	8	-2	16	30	-14	-16
"K_1856 Røst"	"2009"	606	8	6	2	23	19	4	6
"K_1856 Røst"	"2010"	612	6	8	-2	23	28	-5	-7
"K_1856 Røst"	"2011"	605	6	9	-3	31	38	-7	-10
"K_1856 Røst"	"2012"	595	5	3	2	15	47	-32	-30
"K_1856 Røst"	"2013"	565	3	7	-4	29	24	5	1
"K_1856 Røst"	"2014"	566	4	11	-7	23	38	-15	-21
"K_1856 Røst"	"2015"	545	4	6	-2	30	22	8	6
"K_1856 Røst"	"2016"	551	2	5	-3	14	27	-13	-16
"K_1856 Røst"	"2017"	535	3	9	-6	8	20	-12	-18
"K_1856 Røst"	"2018"	517	3	11	-8	15	17	-2	-9
"K_1856 Røst"	"2019"	508	6	9	-3	23	30	-7	-10
"K_1856 Røst"	"2020"	498	1	6	-5	20	24	-4	-10
"K_1856 Røst"	"2021"	488	2	9	-7	16	29	-13	-19
"K_1856 Røst"	"2022"	469	4	6	-2	35	33	2	0
"K_1856 Røst"	"2023"	469	2	6	-4	28	33	-5	-9
"K_1856 Røst"	"2024"	460	..	..	..	..	..	..	..
"K_1857 Værøy"	"1951"	1176	29	11	18	42	45	-3	15
"K_1857 Værøy"	"1952"	1191	38	8	30	16	23	-7	23
"K_1857 Værøy"	"1953"	1214	32	6	26	23	41	-18	8
"K_1857 Værøy"	"1954"	1222	25	14	11	24	32	-8	3
"K_1857 Værøy"	"1955"	1225	23	8	15	34	30	4	10
"K_1857 Værøy"	"1956"	1235	30	9	21	19	74	-55	-34
"K_1857 Værøy"	"1957"	1201	28	8	20	34	48	-14	6
"K_1857 Værøy"	"1958"	1207	24	11	13	37	34	3	16
"K_1857 Værøy"	"1959"	1223	20	8	12	27	46	-19	-7
"K_1857 Værøy"	"1960"	1216	23	8	15	54	70	-16	-1
"K_1857 Værøy"	"1961"	1215	23	7	16	41	44	-3	13
"K_1857 Værøy"	"1962"	1228	26	19	7	28	64	-36	-29
"K_1857 Værøy"	"1963"	1199	28	7	21	25	35	-10	11
"K_1857 Værøy"	"1964"	1210	31	12	19	46	79	-33	-14
"K_1857 Værøy"	"1965"	1196	32	12	20	69	69	0	20
"K_1857 Værøy"	"1966"	1216	28	16	12	56	64	-8	16
"K_1857 Værøy"	"1967"	1232	30	13	17	52	92	-40	-23
"K_1857 Værøy"	"1968"	1209	20	12	8	45	62	-17	-10
"K_1857 Værøy"	"1969"	1199	31	11	20	34	95	-61	-47
"K_1857 Værøy"	"1970"	1152	19	15	4	53	121	-68	-60
"K_1857 Værøy"	"1971"	1092	18	11	7	51	55	-4	3
"K_1857 Værøy"	"1972"	1095	21	10	11	47	41	6	17
"K_1857 Værøy"	"1973"	1112	18	6	12	49	40	9	21
"K_1857 Værøy"	"1974"	1133	19	11	8	61	67	-6	-2
"K_1857 Værøy"	"1975"	1131	18	14	4	22	79	-57	-53
"K_1857 Værøy"	"1976"	1078	13	10	3	36	58	-22	-19
"K_1857 Værøy"	"1977"	1059	10	10	0	59	56	3	3
"K_1857 Værøy"	"1978"	1062	17	16	1	56	65	-9	-8
"K_1857 Værøy"	"1979"	1054	15	7	8	44	45	-1	7
"K_1857 Værøy"	"1980"	1061	15	11	4	45	38	7	11
"K_1857 Værøy"	"1981"	1072	18	5	13	54	37	17	30
"K_1857 Værøy"	"1982"	1102	15	15	0	38	92	-54	-62
"K_1857 Værøy"	"1983"	1040	12	9	3	36	70	-34	-22
"K_1857 Værøy"	"1984"	1018	10	7	3	31	85	-54	-51
"K_1857 Værøy"	"1985"	967	10	18	-8	45	55	-10	-19
"K_1857 Værøy"	"1986"	948	10	6	4	34	50	-16	-13
"K_1857 Værøy"	"1987"	935	12	8	4	30	72	-42	-37
"K_1857 Værøy"	"1988"	898	21	9	12	42	39	3	14
"K_1857 Værøy"	"1989"	912	13	7	6	23	49	-26	-21
"K_1857 Værøy"	"1990"	891	9	8	1	20	39	-19	-18
"K_1857 Værøy"	"1991"	873	18	20	-2	47	50	-3	-5
"K_1857 Værøy"	"1992"	868	16	14	2	22	49	-27	-25
"K_1857 Værøy"	"1993"	843	6	14	-8	25	40	-15	-21
"K_1857 Værøy"	"1994"	822	19	9	10	44	41	3	12
"K_1857 Værøy"	"1995"	834	16	18	-2	39	38	1	-1
"K_1857 Værøy"	"1996"	833	11	12	-1	29	24	5	4
"K_1857 Værøy"	"1997"	837	18	13	5	51	76	-25	-20
"K_1857 Værøy"	"1998"	817	16	3	13	36	55	-19	-7
"K_1857 Værøy"	"1999"	810	6	9	-3	22	54	-32	-35
"K_1857 Værøy"	"2000"	775	10	12	-2	27	22	5	3
"K_1857 Værøy"	"2001"	778	8	11	-3	27	32	-5	-8
"K_1857 Værøy"	"2002"	770	8	10	-2	46	46	0	-1
"K_1857 Værøy"	"2003"	769	7	6	1	37	47	-10	-10
"K_1857 Værøy"	"2004"	759	5	13	-8	21	29	-8	-16
"K_1857 Værøy"	"2005"	743	9	13	-4	44	35	9	5
"K_1857 Værøy"	"2006"	748	9	8	1	36	37	-1	0
"K_1857 Værøy"	"2007"	748	6	4	2	32	40	-8	-5
"K_1857 Værøy"	"2008"	743	8	12	-4	57	58	-1	-5
"K_1857 Værøy"	"2009"	738	8	7	1	61	39	22	23
"K_1857 Værøy"	"2010"	761	7	8	-1	38	50	-12	-13
"K_1857 Værøy"	"2011"	748	5	7	-2	44	39	5	3
"K_1857 Værøy"	"2012"	751	5	13	-8	43	32	11	3
"K_1857 Værøy"	"2013"	754	9	5	4	37	18	19	23
"K_1857 Værøy"	"2014"	777	7	9	-2	36	30	6	3
"K_1857 Værøy"	"2015"	780	8	8	0	40	56	-16	-15
"K_1857 Værøy"	"2016"	765	5	8	-3	35	53	-18	-21
"K_1857 Værøy"	"2017"	744	12	9	3	38	39	-1	2
"K_1857 Værøy"	"2018"	746	3	4	-1	36	49	-13	-14
"K_1857 Værøy"	"2019"	732	6	10	-4	28	28	0	-4
"K_1857 Værøy"	"2020"	728	2	14	-12	24	42	-18	-30
"K_1857 Værøy"	"2021"	698	4	6	-2	34	52	-18	-20
"K_1857 Værøy"	"2022"	678	6	13	-7	55	38	17	10
"K_1857 Værøy"	"2023"	688	6	11	-5	32	32	0	-5
"K_1857 Værøy"	"2024"	683	..	..	..	..	..	..	..
"K_1859 Flakstad"	"1951"	1984	44	17	27	29	76	-47	-20
"K_1859 Flakstad"	"1952"	1964	59	13	46	28	40	-12	34
"K_1859 Flakstad"	"1953"	1998	41	14	27	42	69	-27	0
"K_1859 Flakstad"	"1954"	1998	37	21	16	34	53	-19	-3
"K_1859 Flakstad"	"1955"	1995	50	16	34	40	89	-49	22
"K_1859 Flakstad"	"1956"	2017	45	11	34	57	81	-24	10
"K_1859 Flakstad"	"1957"	2027	42	14	28	44	85	-41	-13
"K_1859 Flakstad"	"1958"	2014	51	8	43	62	96	-34	9
"K_1859 Flakstad"	"1959"	2023	65	22	43	56	79	-23	20
"K_1859 Flakstad"	"1960"	2043	54	19	35	69	115	-46	16
"K_1859 Flakstad"	"1961"	2059	53	17	36	71	111	-40	-4
"K_1859 Flakstad"	"1962"	2055	50	22	28	55	86	-31	-3
"K_1859 Flakstad"	"1963"	2052	44	14	30	69	84	-15	15
"K_1859 Flakstad"	"1964"	0	0	0	0	0	0	0	0
"K_1859 Flakstad"	"1965"	0	0	0	0	0	0	0	0
"K_1859 Flakstad"	"1966"	0	0	0	0	0	0	0	0
"K_1859 Flakstad"	"1967"	0	0	0	0	0	0	0	0
"K_1859 Flakstad"	"1968"	0	0	0	0	0	0	0	0
"K_1859 Flakstad"	"1969"	0	0	0	0	0	0	0	0
"K_1859 Flakstad"	"1970"	0	0	0	0	0	0	0	0
"K_1859 Flakstad"	"1971"	0	0	0	0	0	0	0	0
"K_1859 Flakstad"	"1972"	0	0	0	0	0	0	0	0
"K_1859 Flakstad"	"1973"	0	0	0	0	0	0	0	0
"K_1859 Flakstad"	"1974"	0	0	0	0	0	0	0	0
"K_1859 Flakstad"	"1975"	0	0	0	0	0	0	0	0
"K_1859 Flakstad"	"1976"	2007	25	14	11	54	101	-47	-32
"K_1859 Flakstad"	"1977"	1975	23	17	6	52	67	-15	-10
"K_1859 Flakstad"	"1978"	1965	31	15	16	57	79	-22	-6
"K_1859 Flakstad"	"1979"	1959	26	19	7	73	79	-6	1
"K_1859 Flakstad"	"1980"	1960	10	21	-11	61	109	-48	-59
"K_1859 Flakstad"	"1981"	1901	33	15	18	64	96	-32	-14
"K_1859 Flakstad"	"1982"	1887	22	19	3	61	93	-32	-29
"K_1859 Flakstad"	"1983"	1858	20	20	0	72	93	-21	-22
"K_1859 Flakstad"	"1984"	1836	23	21	2	46	120	-74	-73
"K_1859 Flakstad"	"1985"	1763	26	10	16	44	112	-68	-53
"K_1859 Flakstad"	"1986"	1710	21	18	3	54	103	-49	-47
"K_1859 Flakstad"	"1987"	1663	25	18	7	43	77	-34	-29
"K_1859 Flakstad"	"1988"	1634	25	25	0	60	71	-11	-11
"K_1859 Flakstad"	"1989"	1623	18	19	-1	52	66	-14	-19
"K_1859 Flakstad"	"1990"	1604	24	26	-2	76	61	15	14
"K_1859 Flakstad"	"1991"	1618	24	23	1	77	80	-3	-1
"K_1859 Flakstad"	"1992"	1617	21	13	8	48	56	-8	-2
"K_1859 Flakstad"	"1993"	1615	25	12	13	62	62	0	13
"K_1859 Flakstad"	"1994"	1628	31	15	16	62	73	-11	5
"K_1859 Flakstad"	"1995"	1633	24	19	5	56	52	4	6
"K_1859 Flakstad"	"1996"	1639	30	17	13	53	78	-25	-11
"K_1859 Flakstad"	"1997"	1628	28	27	1	47	59	-12	-11
"K_1859 Flakstad"	"1998"	1617	29	19	10	34	75	-41	-31
"K_1859 Flakstad"	"1999"	1586	18	14	4	61	76	-15	-11
"K_1859 Flakstad"	"2000"	1575	13	21	-8	55	68	-13	-21
"K_1859 Flakstad"	"2001"	1554	21	12	9	44	66	-22	-14
"K_1859 Flakstad"	"2002"	1540	16	21	-5	54	62	-8	-13
"K_1859 Flakstad"	"2003"	1527	14	17	-3	48	89	-41	-43
"K_1859 Flakstad"	"2004"	1484	15	16	-1	45	58	-13	-14
"K_1859 Flakstad"	"2005"	1470	11	15	-4	48	61	-13	-16
"K_1859 Flakstad"	"2006"	1454	10	19	-9	73	60	13	4
"K_1859 Flakstad"	"2007"	1458	11	15	-4	59	72	-13	-17
"K_1859 Flakstad"	"2008"	1441	11	17	-6	47	63	-16	-22
"K_1859 Flakstad"	"2009"	1419	5	12	-7	39	82	-43	-50
"K_1859 Flakstad"	"2010"	1369	9	17	-8	59	61	-2	-9
"K_1859 Flakstad"	"2011"	1360	11	12	-1	65	41	24	23
"K_1859 Flakstad"	"2012"	1383	8	26	-18	61	50	11	-7
"K_1859 Flakstad"	"2013"	1376	15	20	-5	67	69	-2	-8
"K_1859 Flakstad"	"2014"	1368	15	13	2	54	66	-12	-10
"K_1859 Flakstad"	"2015"	1358	9	19	-10	72	83	-11	-22
"K_1859 Flakstad"	"2016"	1336	13	14	-1	92	76	16	13
"K_1859 Flakstad"	"2017"	1349	9	20	-11	63	100	-37	-48
"K_1859 Flakstad"	"2018"	1301	6	10	-4	69	75	-6	-9
"K_1859 Flakstad"	"2019"	1292	11	16	-5	76	91	-15	-20
"K_1859 Flakstad"	"2020"	1272	7	9	-2	59	90	-31	-34
"K_1859 Flakstad"	"2021"	1238	8	22	-14	74	83	-9	-22
"K_1859 Flakstad"	"2022"	1216	8	15	-7	90	79	11	4
"K_1859 Flakstad"	"2023"	1220	9	26	-17	112	89	23	9
"K_1859 Flakstad"	"2024"	1229	..	..	..	..	..	..	..
"K_1860 Vestvågøy"	"1951"	13039	296	95	201	348	451	-103	98
"K_1860 Vestvågøy"	"1952"	13137	304	103	201	242	444	-202	-1
"K_1860 Vestvågøy"	"1953"	13136	267	114	153	264	525	-261	-108
"K_1860 Vestvågøy"	"1954"	13028	266	103	163	289	502	-213	-50
"K_1860 Vestvågøy"	"1955"	12978	241	101	140	345	606	-261	435
"K_1860 Vestvågøy"	"1956"	13413	273	119	154	425	631	-206	-52
"K_1860 Vestvågøy"	"1957"	13361	235	106	129	430	711	-281	-152
"K_1860 Vestvågøy"	"1958"	13209	220	86	134	452	691	-239	-105
"K_1860 Vestvågøy"	"1959"	13104	245	119	126	397	579	-182	-56
"K_1860 Vestvågøy"	"1960"	13048	202	87	115	509	771	-262	-745
"K_1860 Vestvågøy"	"1961"	12303	220	108	112	364	548	-184	-72
"K_1860 Vestvågøy"	"1962"	12231	218	104	114	476	533	-57	57
"K_1860 Vestvågøy"	"1963"	12288	203	115	88	335	508	-173	-85
"K_1860 Vestvågøy"	"1964"	12203	234	131	103	276	526	-250	-147
"K_1860 Vestvågøy"	"1965"	12056	226	103	123	364	544	-180	-57
"K_1860 Vestvågøy"	"1966"	11999	218	123	95	385	644	-259	-257
"K_1860 Vestvågøy"	"1967"	11742	208	123	85	463	533	-70	15
"K_1860 Vestvågøy"	"1968"	11757	226	107	119	357	564	-207	-84
"K_1860 Vestvågøy"	"1969"	11673	204	115	89	345	588	-243	-147
"K_1860 Vestvågøy"	"1970"	11526	196	107	89	419	741	-322	-258
"K_1860 Vestvågøy"	"1971"	11268	167	125	42	440	586	-146	-155
"K_1860 Vestvågøy"	"1972"	11113	179	128	51	505	466	39	100
"K_1860 Vestvågøy"	"1973"	11213	156	130	26	369	477	-108	-86
"K_1860 Vestvågøy"	"1974"	11127	176	119	57	406	463	-57	-19
"K_1860 Vestvågøy"	"1975"	11108	146	91	55	417	472	-55	-4
"K_1860 Vestvågøy"	"1976"	11104	132	132	0	312	504	-192	-191
"K_1860 Vestvågøy"	"1977"	10913	134	97	37	472	384	88	125
"K_1860 Vestvågøy"	"1978"	11038	126	111	15	403	436	-33	-18
"K_1860 Vestvågøy"	"1979"	11020	139	119	20	480	409	71	91
"K_1860 Vestvågøy"	"1980"	11111	163	119	44	455	453	2	46
"K_1860 Vestvågøy"	"1981"	11157	157	104	53	373	429	-56	-3
"K_1860 Vestvågøy"	"1982"	11154	138	119	19	346	442	-96	-72
"K_1860 Vestvågøy"	"1983"	11082	124	116	8	326	412	-86	-84
"K_1860 Vestvågøy"	"1984"	10998	135	113	22	306	479	-173	-152
"K_1860 Vestvågøy"	"1985"	10846	141	149	-8	321	415	-94	-101
"K_1860 Vestvågøy"	"1986"	10745	122	129	-7	346	400	-54	-55
"K_1860 Vestvågøy"	"1987"	10690	128	133	-5	382	467	-85	-91
"K_1860 Vestvågøy"	"1988"	10599	146	121	25	376	423	-47	-19
"K_1860 Vestvågøy"	"1989"	10580	133	137	-4	382	412	-30	-33
"K_1860 Vestvågøy"	"1990"	10547	140	122	18	363	360	3	22
"K_1860 Vestvågøy"	"1991"	10569	134	150	-16	384	348	36	13
"K_1860 Vestvågøy"	"1992"	10582	161	140	21	363	337	26	50
"K_1860 Vestvågøy"	"1993"	10632	156	143	13	361	344	17	30
"K_1860 Vestvågøy"	"1994"	10662	157	127	30	402	305	97	129
"K_1860 Vestvågøy"	"1995"	10791	155	120	35	365	391	-26	10
"K_1860 Vestvågøy"	"1996"	10801	152	132	20	359	442	-83	-57
"K_1860 Vestvågøy"	"1997"	10744	178	127	51	397	478	-81	-29
"K_1860 Vestvågøy"	"1998"	10715	138	143	-5	363	381	-18	-20
"K_1860 Vestvågøy"	"1999"	10695	134	125	9	440	394	46	55
"K_1860 Vestvågøy"	"2000"	10750	113	113	0	455	436	19	19
"K_1860 Vestvågøy"	"2001"	10769	128	135	-7	435	529	-94	-101
"K_1860 Vestvågøy"	"2002"	10668	129	113	16	483	416	67	83
"K_1860 Vestvågøy"	"2003"	10751	125	113	12	424	376	48	62
"K_1860 Vestvågøy"	"2004"	10813	140	107	33	336	416	-80	-49
"K_1860 Vestvågøy"	"2005"	10764	130	119	11	393	371	22	33
"K_1860 Vestvågøy"	"2006"	10797	103	94	9	371	436	-65	-52
"K_1860 Vestvågøy"	"2007"	10745	132	116	16	381	432	-51	-35
"K_1860 Vestvågøy"	"2008"	10710	113	120	-7	418	417	1	-4
"K_1860 Vestvågøy"	"2009"	10706	105	98	7	355	394	-39	-32
"K_1860 Vestvågøy"	"2010"	10674	130	118	12	466	373	93	106
"K_1860 Vestvågøy"	"2011"	10780	129	121	8	487	428	59	68
"K_1860 Vestvågøy"	"2012"	10848	114	128	-14	524	487	37	22
"K_1860 Vestvågøy"	"2013"	10870	122	127	-5	567	435	132	127
"K_1860 Vestvågøy"	"2014"	10997	130	103	27	518	400	118	143
"K_1860 Vestvågøy"	"2015"	11140	126	124	2	562	506	56	58
"K_1860 Vestvågøy"	"2016"	11198	107	113	-6	579	476	103	96
"K_1860 Vestvågøy"	"2017"	11294	124	109	15	631	543	88	103
"K_1860 Vestvågøy"	"2018"	11397	122	83	39	541	494	47	83
"K_1860 Vestvågøy"	"2019"	11480	102	102	0	455	502	-47	-47
"K_1860 Vestvågøy"	"2020"	11433	113	113	0	518	433	85	88
"K_1860 Vestvågøy"	"2021"	11521	136	106	30	569	551	18	45
"K_1860 Vestvågøy"	"2022"	11566	103	108	-5	601	610	-9	-15
"K_1860 Vestvågøy"	"2023"	11551	124	150	-26	625	530	95	68
"K_1860 Vestvågøy"	"2024"	11619	..	..	..	..	..	..	..
"K_1865 Vågan"	"1951"	10675	237	80	157	474	558	-84	73
"K_1865 Vågan"	"1952"	10748	233	88	145	277	375	-98	47
"K_1865 Vågan"	"1953"	10795	212	77	135	396	562	-166	-31
"K_1865 Vågan"	"1954"	10764	241	86	155	448	599	-151	4
"K_1865 Vågan"	"1955"	10768	232	79	153	462	656	-194	46
"K_1865 Vågan"	"1956"	10814	241	100	141	451	647	-196	-55
"K_1865 Vågan"	"1957"	10759	210	80	130	399	670	-271	-141
"K_1865 Vågan"	"1958"	10618	199	86	113	450	616	-166	-53
"K_1865 Vågan"	"1959"	10565	190	73	117	441	518	-77	40
"K_1865 Vågan"	"1960"	10605	195	99	96	559	744	-185	-55
"K_1865 Vågan"	"1961"	10550	195	84	111	337	584	-247	-136
"K_1865 Vågan"	"1962"	10414	191	98	93	485	612	-127	-34
"K_1865 Vågan"	"1963"	10380	176	93	83	563	703	-140	-57
"K_1865 Vågan"	"1964"	10323	175	112	63	322	513	-191	-128
"K_1865 Vågan"	"1965"	10195	207	95	112	349	522	-173	-61
"K_1865 Vågan"	"1966"	10134	162	119	43	434	571	-137	-132
"K_1865 Vågan"	"1967"	10002	186	95	91	418	657	-239	-148
"K_1865 Vågan"	"1968"	9854	174	96	78	428	569	-141	-66
"K_1865 Vågan"	"1969"	9788	167	100	67	410	557	-147	-73
"K_1865 Vågan"	"1970"	9715	156	113	43	449	712	-263	-225
"K_1865 Vågan"	"1971"	9490	175	104	71	494	447	47	111
"K_1865 Vågan"	"1972"	9601	178	115	63	472	516	-44	27
"K_1865 Vågan"	"1973"	9628	165	122	43	490	427	63	103
"K_1865 Vågan"	"1974"	9731	139	104	35	426	445	-19	13
"K_1865 Vågan"	"1975"	9744	127	116	11	428	491	-63	-58
"K_1865 Vågan"	"1976"	9686	143	107	36	377	428	-51	-13
"K_1865 Vågan"	"1977"	9673	148	107	41	355	429	-74	-33
"K_1865 Vågan"	"1978"	9640	127	98	29	382	356	26	53
"K_1865 Vågan"	"1979"	9693	150	104	46	419	391	28	73
"K_1865 Vågan"	"1980"	9766	137	102	35	360	421	-61	-23
"K_1865 Vågan"	"1981"	9743	101	107	-6	388	425	-37	-49
"K_1865 Vågan"	"1982"	9694	136	107	29	281	373	-92	-60
"K_1865 Vågan"	"1983"	9634	109	94	15	297	370	-73	-67
"K_1865 Vågan"	"1984"	9567	112	106	6	385	376	9	17
"K_1865 Vågan"	"1985"	9584	112	101	11	319	408	-89	-81
"K_1865 Vågan"	"1986"	9503	106	102	4	337	404	-67	-63
"K_1865 Vågan"	"1987"	9440	114	115	-1	356	465	-109	-115
"K_1865 Vågan"	"1988"	9325	134	115	19	427	418	9	22
"K_1865 Vågan"	"1989"	9347	135	99	36	351	374	-23	6
"K_1865 Vågan"	"1990"	9353	123	98	25	375	410	-35	-11
"K_1865 Vågan"	"1991"	9342	107	128	-21	403	392	11	-6
"K_1865 Vågan"	"1992"	9336	128	130	-2	385	367	18	16
"K_1865 Vågan"	"1993"	9352	122	100	22	336	379	-43	-15
"K_1865 Vågan"	"1994"	9337	118	101	17	464	402	62	77
"K_1865 Vågan"	"1995"	9414	94	99	-5	367	401	-34	-33
"K_1865 Vågan"	"1996"	9381	120	105	15	385	417	-32	-19
"K_1865 Vågan"	"1997"	9362	116	103	13	363	492	-129	-115
"K_1865 Vågan"	"1998"	9247	135	94	41	355	457	-102	-67
"K_1865 Vågan"	"1999"	9180	122	104	18	452	421	31	49
"K_1865 Vågan"	"2000"	9229	108	99	9	480	545	-65	-57
"K_1865 Vågan"	"2001"	9172	97	117	-20	423	481	-58	-78
"K_1865 Vågan"	"2002"	9094	98	104	-6	390	442	-52	-58
"K_1865 Vågan"	"2003"	9036	90	110	-20	418	382	36	16
"K_1865 Vågan"	"2004"	9052	102	125	-23	404	399	5	-18
"K_1865 Vågan"	"2005"	9034	101	90	11	365	388	-23	-13
"K_1865 Vågan"	"2006"	9021	102	81	21	356	406	-50	-29
"K_1865 Vågan"	"2007"	8992	87	97	-10	401	447	-46	-59
"K_1865 Vågan"	"2008"	8933	88	102	-14	419	362	57	43
"K_1865 Vågan"	"2009"	8976	104	89	15	430	398	32	47
"K_1865 Vågan"	"2010"	9023	78	98	-20	451	428	23	0
"K_1865 Vågan"	"2011"	9023	105	76	29	492	459	33	63
"K_1865 Vågan"	"2012"	9086	77	83	-6	511	383	128	121
"K_1865 Vågan"	"2013"	9207	93	91	2	456	443	13	16
"K_1865 Vågan"	"2014"	9223	78	92	-14	472	396	76	62
"K_1865 Vågan"	"2015"	9285	88	93	-5	559	489	70	65
"K_1865 Vågan"	"2016"	9350	111	91	20	599	526	73	94
"K_1865 Vågan"	"2017"	9444	104	87	17	661	513	148	167
"K_1865 Vågan"	"2018"	9611	82	106	-24	461	454	7	-16
"K_1865 Vågan"	"2019"	9595	93	89	4	508	497	11	13
"K_1865 Vågan"	"2020"	9608	73	83	-10	520	447	73	62
"K_1865 Vågan"	"2021"	9670	85	90	-5	636	574	62	54
"K_1865 Vågan"	"2022"	9724	95	106	-11	627	604	23	12
"K_1865 Vågan"	"2023"	9736	78	96	-18	692	618	74	57
"K_1865 Vågan"	"2024"	9793	..	..	..	..	..	..	..
"K_1866 Hadsel"	"1951"	11095	211	98	113	252	355	-103	10
"K_1866 Hadsel"	"1952"	11105	257	88	169	259	354	-95	74
"K_1866 Hadsel"	"1953"	11179	266	75	191	272	414	-142	49
"K_1866 Hadsel"	"1954"	11228	213	112	101	248	406	-158	-57
"K_1866 Hadsel"	"1955"	11171	214	84	130	272	501	-229	92
"K_1866 Hadsel"	"1956"	11263	197	108	89	238	543	-305	-216
"K_1866 Hadsel"	"1957"	11047	200	102	98	388	525	-137	-39
"K_1866 Hadsel"	"1958"	11008	166	92	74	322	463	-141	-67
"K_1866 Hadsel"	"1959"	10941	182	117	65	335	442	-107	-42
"K_1866 Hadsel"	"1960"	10899	177	91	86	361	655	-294	-480
"K_1866 Hadsel"	"1961"	10419	180	97	83	281	409	-128	-45
"K_1866 Hadsel"	"1962"	10374	170	109	61	320	491	-171	-110
"K_1866 Hadsel"	"1963"	8904	142	80	62	337	479	-142	-80
"K_1866 Hadsel"	"1964"	8824	155	83	72	316	419	-103	-31
"K_1866 Hadsel"	"1965"	8793	157	81	76	430	495	-65	11
"K_1866 Hadsel"	"1966"	8804	161	96	65	396	458	-62	30
"K_1866 Hadsel"	"1967"	8834	148	99	49	442	474	-32	17
"K_1866 Hadsel"	"1968"	8851	166	95	71	423	460	-37	28
"K_1866 Hadsel"	"1969"	8879	146	85	61	446	567	-121	-62
"K_1866 Hadsel"	"1970"	8817	134	94	40	502	651	-149	-112
"K_1866 Hadsel"	"1971"	8705	144	81	63	469	447	22	82
"K_1866 Hadsel"	"1972"	8787	143	114	29	512	522	-10	21
"K_1866 Hadsel"	"1973"	8808	121	117	4	458	457	1	2
"K_1866 Hadsel"	"1974"	8810	118	87	31	427	474	-47	-18
"K_1866 Hadsel"	"1975"	8792	106	115	-9	430	417	13	5
"K_1866 Hadsel"	"1976"	8797	124	104	20	413	405	8	28
"K_1866 Hadsel"	"1977"	8825	108	112	-4	458	443	15	12
"K_1866 Hadsel"	"1978"	8837	99	91	8	455	429	26	35
"K_1866 Hadsel"	"1979"	8872	87	103	-16	381	398	-17	-35
"K_1866 Hadsel"	"1980"	8837	103	100	3	335	380	-45	-43
"K_1866 Hadsel"	"1981"	8794	97	105	-8	401	424	-23	-32
"K_1866 Hadsel"	"1982"	8762	106	106	0	412	365	47	48
"K_1866 Hadsel"	"1983"	8810	115	98	17	353	387	-34	-18
"K_1866 Hadsel"	"1984"	8792	103	75	28	366	401	-35	-7
"K_1866 Hadsel"	"1985"	8785	94	96	-2	312	354	-42	-22
"K_1866 Hadsel"	"1986"	8763	114	86	28	389	469	-80	-54
"K_1866 Hadsel"	"1987"	8709	101	96	5	424	408	16	4
"K_1866 Hadsel"	"1988"	8713	120	103	17	467	511	-44	-27
"K_1866 Hadsel"	"1989"	8686	99	109	-10	466	434	32	20
"K_1866 Hadsel"	"1990"	8706	110	118	-8	348	437	-89	-98
"K_1866 Hadsel"	"1991"	8608	113	93	20	477	442	35	55
"K_1866 Hadsel"	"1992"	8663	111	116	-5	383	411	-28	-34
"K_1866 Hadsel"	"1993"	8629	114	119	-5	505	414	91	88
"K_1866 Hadsel"	"1994"	8717	125	78	47	375	499	-124	-78
"K_1866 Hadsel"	"1995"	8639	126	98	28	448	565	-117	-92
"K_1866 Hadsel"	"1996"	8547	102	96	6	480	494	-14	-7
"K_1866 Hadsel"	"1997"	8540	101	110	-9	341	442	-101	-107
"K_1866 Hadsel"	"1998"	8433	90	97	-7	360	444	-84	-91
"K_1866 Hadsel"	"1999"	8342	104	93	11	441	474	-33	-21
"K_1866 Hadsel"	"2000"	8321	82	92	-10	404	512	-108	-121
"K_1866 Hadsel"	"2001"	8200	77	107	-30	371	410	-39	-69
"K_1866 Hadsel"	"2002"	8131	87	90	-3	343	419	-76	-80
"K_1866 Hadsel"	"2003"	8051	84	97	-13	377	375	2	-12
"K_1866 Hadsel"	"2004"	8039	69	94	-25	401	373	28	0
"K_1866 Hadsel"	"2005"	8039	80	84	-4	378	408	-30	-38
"K_1866 Hadsel"	"2006"	8001	69	96	-27	379	447	-68	-94
"K_1866 Hadsel"	"2007"	7907	104	89	15	463	415	48	63
"K_1866 Hadsel"	"2008"	7970	64	76	-12	408	417	-9	-20
"K_1866 Hadsel"	"2009"	7950	86	82	4	426	399	27	31
"K_1866 Hadsel"	"2010"	7981	71	100	-29	373	399	-26	-57
"K_1866 Hadsel"	"2011"	7924	77	88	-11	367	346	21	13
"K_1866 Hadsel"	"2012"	7937	87	76	11	484	382	102	113
"K_1866 Hadsel"	"2013"	8050	76	87	-11	475	404	71	62
"K_1866 Hadsel"	"2014"	8112	79	81	-2	380	436	-56	-55
"K_1866 Hadsel"	"2015"	8057	76	84	-8	551	513	38	25
"K_1866 Hadsel"	"2016"	8082	69	93	-24	369	420	-51	-73
"K_1866 Hadsel"	"2017"	8009	89	86	3	482	452	30	33
"K_1866 Hadsel"	"2018"	8042	66	82	-16	458	392	66	49
"K_1866 Hadsel"	"2019"	8091	63	93	-30	426	429	-3	-30
"K_1866 Hadsel"	"2020"	8061	96	92	4	410	410	0	4
"K_1866 Hadsel"	"2021"	8065	72	75	-3	475	432	43	42
"K_1866 Hadsel"	"2022"	8107	76	69	7	495	419	76	77
"K_1866 Hadsel"	"2023"	8184	65	98	-33	594	517	77	52
"K_1866 Hadsel"	"2024"	8236	..	..	..	..	..	..	..
"K_1867 Bø"	"1951"	5857	124	39	85	134	169	-35	50
"K_1867 Bø"	"1952"	5907	112	34	78	80	160	-80	-2
"K_1867 Bø"	"1953"	5905	129	59	70	113	163	-50	20
"K_1867 Bø"	"1954"	5925	111	47	64	96	175	-79	-15
"K_1867 Bø"	"1955"	5910	143	39	104	112	231	-119	-22
"K_1867 Bø"	"1956"	5888	112	44	68	142	260	-118	-50
"K_1867 Bø"	"1957"	5838	112	40	72	140	287	-147	-75
"K_1867 Bø"	"1958"	5763	96	45	51	163	252	-89	-38
"K_1867 Bø"	"1959"	5725	96	40	56	170	254	-84	-28
"K_1867 Bø"	"1960"	5697	95	36	59	206	334	-128	-113
"K_1867 Bø"	"1961"	5584	118	46	72	142	247	-105	-33
"K_1867 Bø"	"1962"	5551	104	47	57	188	359	-171	-114
"K_1867 Bø"	"1963"	5437	88	46	42	177	344	-167	-125
"K_1867 Bø"	"1964"	5583	106	55	51	176	349	-173	-122
"K_1867 Bø"	"1965"	5461	81	63	18	189	345	-156	-138
"K_1867 Bø"	"1966"	5323	99	49	50	229	273	-44	20
"K_1867 Bø"	"1967"	5343	93	45	48	202	315	-113	-65
"K_1867 Bø"	"1968"	5278	81	53	28	157	332	-175	-162
"K_1867 Bø"	"1969"	5116	67	50	17	157	323	-166	-154
"K_1867 Bø"	"1970"	4962	63	51	12	157	329	-172	-168
"K_1867 Bø"	"1971"	4794	67	57	10	220	223	-3	9
"K_1867 Bø"	"1972"	4803	77	72	5	232	223	9	13
"K_1867 Bø"	"1973"	4816	50	48	2	193	205	-12	-11
"K_1867 Bø"	"1974"	4805	65	70	-5	147	208	-61	-68
"K_1867 Bø"	"1975"	4737	40	54	-14	152	200	-48	-61
"K_1867 Bø"	"1976"	4676	38	54	-16	108	155	-47	-63
"K_1867 Bø"	"1977"	4613	45	61	-16	135	162	-27	-42
"K_1867 Bø"	"1978"	4571	53	43	10	159	184	-25	-16
"K_1867 Bø"	"1979"	4555	36	44	-8	133	177	-44	-52
"K_1867 Bø"	"1980"	4503	43	47	-4	108	200	-92	-96
"K_1867 Bø"	"1981"	4407	34	63	-29	116	181	-65	-95
"K_1867 Bø"	"1982"	4312	45	64	-19	148	162	-14	-33
"K_1867 Bø"	"1983"	4279	37	46	-9	113	163	-50	-60
"K_1867 Bø"	"1984"	4219	49	55	-6	152	162	-10	-17
"K_1867 Bø"	"1985"	4202	33	60	-27	112	178	-66	-96
"K_1867 Bø"	"1986"	4106	45	53	-8	126	182	-56	-64
"K_1867 Bø"	"1987"	4042	49	49	0	144	174	-30	-30
"K_1867 Bø"	"1988"	4012	34	58	-24	137	197	-60	-81
"K_1867 Bø"	"1989"	3931	33	72	-39	97	172	-75	-117
"K_1867 Bø"	"1990"	3814	37	60	-23	126	154	-28	-51
"K_1867 Bø"	"1991"	3763	35	51	-16	141	223	-82	-99
"K_1867 Bø"	"1992"	3664	44	58	-14	153	161	-8	-22
"K_1867 Bø"	"1993"	3642	36	67	-31	120	183	-63	-90
"K_1867 Bø"	"1994"	3552	29	66	-37	146	127	19	-22
"K_1867 Bø"	"1995"	3530	45	57	-12	129	157	-28	-39
"K_1867 Bø"	"1996"	3491	42	52	-10	120	139	-19	-28
"K_1867 Bø"	"1997"	3463	39	50	-11	111	168	-57	-71
"K_1867 Bø"	"1998"	3392	23	60	-37	156	175	-19	-60
"K_1867 Bø"	"1999"	3332	43	52	-9	115	147	-32	-44
"K_1867 Bø"	"2000"	3288	42	62	-20	134	163	-29	-49
"K_1867 Bø"	"2001"	3239	31	62	-31	114	163	-49	-80
"K_1867 Bø"	"2002"	3159	26	68	-42	78	94	-16	-59
"K_1867 Bø"	"2003"	3100	22	49	-27	100	134	-34	-59
"K_1867 Bø"	"2004"	3041	30	52	-22	94	109	-15	-38
"K_1867 Bø"	"2005"	3003	23	56	-33	105	129	-24	-57
"K_1867 Bø"	"2006"	2946	22	44	-22	107	131	-24	-47
"K_1867 Bø"	"2007"	2899	24	43	-19	102	115	-13	-32
"K_1867 Bø"	"2008"	2867	23	44	-21	98	108	-10	-29
"K_1867 Bø"	"2009"	2838	13	54	-41	127	135	-8	-49
"K_1867 Bø"	"2010"	2789	16	38	-22	144	121	23	1
"K_1867 Bø"	"2011"	2790	17	52	-35	126	161	-35	-70
"K_1867 Bø"	"2012"	2720	13	48	-35	119	150	-31	-66
"K_1867 Bø"	"2013"	2654	12	41	-29	107	90	17	-12
"K_1867 Bø"	"2014"	2642	15	44	-29	124	95	29	0
"K_1867 Bø"	"2015"	2642	28	40	-12	140	138	2	-10
"K_1867 Bø"	"2016"	2632	21	35	-14	135	129	6	-8
"K_1867 Bø"	"2017"	2624	20	46	-26	139	113	26	-1
"K_1867 Bø"	"2018"	2623	21	42	-21	97	83	14	-7
"K_1867 Bø"	"2019"	2616	20	43	-23	114	138	-24	-47
"K_1867 Bø"	"2020"	2569	17	47	-30	147	111	36	7
"K_1867 Bø"	"2021"	2576	18	31	-13	132	130	2	-11
"K_1867 Bø"	"2022"	2565	15	28	-13	158	127	31	19
"K_1867 Bø"	"2023"	2584	13	33	-20	175	103	72	50
"K_1867 Bø"	"2024"	2634	..	..	..	..	..	..	..
"K_1868 Øksnes"	"1951"	5213	111	40	71	83	160	-77	-6
"K_1868 Øksnes"	"1952"	5207	136	36	100	93	130	-37	63
"K_1868 Øksnes"	"1953"	5270	133	30	103	69	141	-72	31
"K_1868 Øksnes"	"1954"	5301	140	41	99	57	159	-102	-3
"K_1868 Øksnes"	"1955"	5298	136	29	107	111	153	-42	244
"K_1868 Øksnes"	"1956"	5542	143	41	102	166	261	-95	7
"K_1868 Øksnes"	"1957"	5549	112	28	84	130	242	-112	-28
"K_1868 Øksnes"	"1958"	5521	127	42	85	131	181	-50	35
"K_1868 Øksnes"	"1959"	5556	125	42	83	151	182	-31	52
"K_1868 Øksnes"	"1960"	5608	120	35	85	152	241	-89	-123
"K_1868 Øksnes"	"1961"	5485	129	47	82	116	193	-77	5
"K_1868 Øksnes"	"1962"	5490	132	37	95	136	229	-93	2
"K_1868 Øksnes"	"1963"	5427	133	36	97	116	220	-104	-7
"K_1868 Øksnes"	"1964"	5149	118	40	78	130	169	-39	39
"K_1868 Øksnes"	"1965"	5188	141	52	89	152	209	-57	32
"K_1868 Øksnes"	"1966"	5220	134	39	95	212	200	12	62
"K_1868 Øksnes"	"1967"	5282	125	45	80	142	184	-42	38
"K_1868 Øksnes"	"1968"	5320	122	34	88	128	255	-127	-34
"K_1868 Øksnes"	"1969"	5286	130	38	92	209	285	-76	16
"K_1868 Øksnes"	"1970"	5302	103	40	63	247	318	-71	-26
"K_1868 Øksnes"	"1971"	5276	123	38	85	190	271	-81	4
"K_1868 Øksnes"	"1972"	5280	88	42	46	199	209	-10	37
"K_1868 Øksnes"	"1973"	5317	106	43	63	213	209	4	64
"K_1868 Øksnes"	"1974"	5381	101	54	47	202	215	-13	36
"K_1868 Øksnes"	"1975"	5417	76	38	38	193	261	-68	-34
"K_1868 Øksnes"	"1976"	5383	78	34	44	166	224	-58	-11
"K_1868 Øksnes"	"1977"	5372	67	40	27	145	235	-90	-63
"K_1868 Øksnes"	"1978"	5309	59	40	19	199	196	3	24
"K_1868 Øksnes"	"1979"	5333	70	70	0	193	250	-57	-57
"K_1868 Øksnes"	"1980"	5276	79	41	38	203	244	-41	-1
"K_1868 Øksnes"	"1981"	5275	70	36	34	163	204	-41	-6
"K_1868 Øksnes"	"1982"	5269	81	38	43	157	234	-77	-33
"K_1868 Øksnes"	"1983"	5236	63	41	22	114	177	-63	-42
"K_1868 Øksnes"	"1984"	5194	64	41	23	129	228	-99	-75
"K_1868 Øksnes"	"1985"	5119	53	42	11	183	229	-46	-37
"K_1868 Øksnes"	"1986"	5082	59	41	18	166	250	-84	-70
"K_1868 Øksnes"	"1987"	5012	61	49	12	189	187	2	15
"K_1868 Øksnes"	"1988"	5027	58	45	13	158	263	-105	-92
"K_1868 Øksnes"	"1989"	4935	83	57	26	145	235	-90	-69
"K_1868 Øksnes"	"1990"	4866	73	46	27	182	261	-79	-48
"K_1868 Øksnes"	"1991"	4818	78	49	29	131	196	-65	-37
"K_1868 Øksnes"	"1992"	4781	61	46	15	184	201	-17	-3
"K_1868 Øksnes"	"1993"	4778	62	51	11	177	199	-22	-14
"K_1868 Øksnes"	"1994"	4764	85	45	40	194	206	-12	26
"K_1868 Øksnes"	"1995"	4790	88	46	42	176	212	-36	6
"K_1868 Øksnes"	"1996"	4796	77	54	23	182	204	-22	0
"K_1868 Øksnes"	"1997"	4796	68	51	17	259	248	11	28
"K_1868 Øksnes"	"1998"	4824	72	57	15	195	278	-83	-69
"K_1868 Øksnes"	"1999"	4755	75	41	34	221	252	-31	3
"K_1868 Øksnes"	"2000"	4758	57	52	5	167	240	-73	-66
"K_1868 Øksnes"	"2001"	4692	62	52	10	188	203	-15	-5
"K_1868 Øksnes"	"2002"	4687	63	55	8	210	242	-32	-22
"K_1868 Øksnes"	"2003"	4665	54	43	11	177	218	-41	-32
"K_1868 Øksnes"	"2004"	4633	45	46	-1	130	211	-81	-83
"K_1868 Øksnes"	"2005"	4550	52	39	13	162	158	4	17
"K_1868 Øksnes"	"2006"	4567	42	48	-6	163	238	-75	-81
"K_1868 Øksnes"	"2007"	4486	43	51	-8	161	212	-51	-62
"K_1868 Øksnes"	"2008"	4424	36	41	-5	182	184	-2	-6
"K_1868 Øksnes"	"2009"	4418	44	41	3	195	180	15	20
"K_1868 Øksnes"	"2010"	4438	39	53	-14	209	202	7	-6
"K_1868 Øksnes"	"2011"	4432	40	43	-3	215	174	41	35
"K_1868 Øksnes"	"2012"	4467	40	54	-14	209	190	19	5
"K_1868 Øksnes"	"2013"	4472	45	45	0	264	175	89	90
"K_1868 Øksnes"	"2014"	4562	47	43	4	222	223	-1	1
"K_1868 Øksnes"	"2015"	4563	31	51	-20	221	236	-15	-34
"K_1868 Øksnes"	"2016"	4529	37	31	6	236	191	45	51
"K_1868 Øksnes"	"2017"	4580	48	39	9	167	215	-48	-39
"K_1868 Øksnes"	"2018"	4541	27	51	-24	190	256	-66	-92
"K_1868 Øksnes"	"2019"	4449	32	42	-10	184	213	-29	-39
"K_1868 Øksnes"	"2020"	4410	39	38	1	181	176	5	6
"K_1868 Øksnes"	"2021"	4416	34	42	-8	268	216	52	42
"K_1868 Øksnes"	"2022"	4458	41	28	13	257	193	64	75
"K_1868 Øksnes"	"2023"	4533	31	50	-19	279	224	55	36
"K_1868 Øksnes"	"2024"	4569	..	..	..	..	..	..	..
"K_1870 Sortland - Suortá"	"1951"	5499	119	43	76	131	221	-90	-14
"K_1870 Sortland - Suortá"	"1952"	5485	128	45	83	151	139	12	95
"K_1870 Sortland - Suortá"	"1953"	5580	129	41	88	174	172	2	90
"K_1870 Sortland - Suortá"	"1954"	5670	108	53	55	160	220	-60	-5
"K_1870 Sortland - Suortá"	"1955"	5665	138	40	98	207	194	13	105
"K_1870 Sortland - Suortá"	"1956"	5770	131	65	66	214	234	-20	46
"K_1870 Sortland - Suortá"	"1957"	5816	113	42	71	228	266	-38	33
"K_1870 Sortland - Suortá"	"1958"	5849	118	44	74	242	251	-9	65
"K_1870 Sortland - Suortá"	"1959"	5914	109	51	58	180	251	-71	-13
"K_1870 Sortland - Suortá"	"1960"	5901	93	56	37	241	290	-49	29
"K_1870 Sortland - Suortá"	"1961"	5930	97	48	49	188	271	-83	-34
"K_1870 Sortland - Suortá"	"1962"	5896	91	55	36	203	289	-86	-50
"K_1870 Sortland - Suortá"	"1963"	7271	144	83	61	257	277	-20	41
"K_1870 Sortland - Suortá"	"1964"	7312	127	69	58	260	373	-113	-55
"K_1870 Sortland - Suortá"	"1965"	7257	120	73	47	251	352	-101	-54
"K_1870 Sortland - Suortá"	"1966"	7203	159	69	90	357	393	-36	41
"K_1870 Sortland - Suortá"	"1967"	7244	154	67	87	318	394	-76	11
"K_1870 Sortland - Suortá"	"1968"	7255	134	82	52	315	342	-27	13
"K_1870 Sortland - Suortá"	"1969"	7268	119	78	41	342	440	-98	-59
"K_1870 Sortland - Suortá"	"1970"	7209	139	68	71	391	557	-166	-109
"K_1870 Sortland - Suortá"	"1971"	7100	129	70	59	364	378	-14	40
"K_1870 Sortland - Suortá"	"1972"	7140	122	68	54	322	293	29	81
"K_1870 Sortland - Suortá"	"1973"	7221	105	68	37	403	393	10	48
"K_1870 Sortland - Suortá"	"1974"	7269	112	77	35	485	339	146	179
"K_1870 Sortland - Suortá"	"1975"	7448	105	76	29	415	409	6	33
"K_1870 Sortland - Suortá"	"1976"	7481	106	68	38	393	299	94	127
"K_1870 Sortland - Suortá"	"1977"	7608	103	54	49	392	354	38	86
"K_1870 Sortland - Suortá"	"1978"	7694	91	76	15	406	311	95	104
"K_1870 Sortland - Suortá"	"1979"	7798	90	78	12	389	323	66	84
"K_1870 Sortland - Suortá"	"1980"	7882	107	80	27	451	349	102	126
"K_1870 Sortland - Suortá"	"1981"	8008	104	67	37	361	372	-11	27
"K_1870 Sortland - Suortá"	"1982"	8035	112	85	27	341	290	51	75
"K_1870 Sortland - Suortá"	"1983"	8110	86	65	21	373	356	17	39
"K_1870 Sortland - Suortá"	"1984"	8149	99	87	12	330	336	-6	7
"K_1870 Sortland - Suortá"	"1985"	8156	101	81	20	414	347	67	87
"K_1870 Sortland - Suortá"	"1986"	8243	83	78	5	369	437	-68	-55
"K_1870 Sortland - Suortá"	"1987"	8188	113	86	27	417	420	-3	26
"K_1870 Sortland - Suortá"	"1988"	8214	97	80	17	413	417	-4	10
"K_1870 Sortland - Suortá"	"1989"	8224	130	89	41	386	362	24	77
"K_1870 Sortland - Suortá"	"1990"	8301	136	83	53	401	422	-21	34
"K_1870 Sortland - Suortá"	"1991"	8335	138	78	60	437	428	9	73
"K_1870 Sortland - Suortá"	"1992"	8408	123	62	61	446	382	64	126
"K_1870 Sortland - Suortá"	"1993"	8534	120	88	32	487	396	91	122
"K_1870 Sortland - Suortá"	"1994"	8656	141	72	69	459	394	65	128
"K_1870 Sortland - Suortá"	"1995"	8784	117	93	24	511	463	48	71
"K_1870 Sortland - Suortá"	"1996"	8855	137	93	44	459	487	-28	7
"K_1870 Sortland - Suortá"	"1997"	8862	129	98	31	476	459	17	48
"K_1870 Sortland - Suortá"	"1998"	8910	136	86	50	567	439	128	184
"K_1870 Sortland - Suortá"	"1999"	9094	117	86	31	470	471	-1	136
"K_1870 Sortland - Suortá"	"2000"	9230	149	86	63	537	467	70	133
"K_1870 Sortland - Suortá"	"2001"	9363	116	100	16	543	511	32	45
"K_1870 Sortland - Suortá"	"2002"	9408	112	71	41	467	440	27	68
"K_1870 Sortland - Suortá"	"2003"	9476	94	85	9	471	446	25	33
"K_1870 Sortland - Suortá"	"2004"	9509	99	84	15	435	422	13	27
"K_1870 Sortland - Suortá"	"2005"	9536	104	82	22	498	416	82	103
"K_1870 Sortland - Suortá"	"2006"	9639	104	91	13	490	439	51	64
"K_1870 Sortland - Suortá"	"2007"	9703	118	82	36	441	501	-60	-25
"K_1870 Sortland - Suortá"	"2008"	9678	115	98	17	477	438	39	54
"K_1870 Sortland - Suortá"	"2009"	9732	113	90	23	518	455	63	87
"K_1870 Sortland - Suortá"	"2010"	9819	107	91	16	473	454	19	37
"K_1870 Sortland - Suortá"	"2011"	9856	111	94	17	524	414	110	127
"K_1870 Sortland - Suortá"	"2012"	9983	111	68	43	489	434	55	99
"K_1870 Sortland - Suortá"	"2013"	10082	118	93	25	469	445	24	47
"K_1870 Sortland - Suortá"	"2014"	10129	101	80	21	465	450	15	37
"K_1870 Sortland - Suortá"	"2015"	10166	100	89	11	515	479	36	48
"K_1870 Sortland - Suortá"	"2016"	10214	118	89	29	589	453	136	164
"K_1870 Sortland - Suortá"	"2017"	10378	96	60	36	433	445	-12	23
"K_1870 Sortland - Suortá"	"2018"	10401	113	92	21	526	433	93	117
"K_1870 Sortland - Suortá"	"2019"	10518	109	79	30	497	479	18	48
"K_1870 Sortland - Suortá"	"2020"	10566	93	80	13	482	548	-66	-52
"K_1870 Sortland - Suortá"	"2021"	10514	100	102	-2	518	563	-45	-46
"K_1870 Sortland - Suortá"	"2022"	10468	76	83	-7	670	571	99	93
"K_1870 Sortland - Suortá"	"2023"	10561	94	105	-11	650	584	66	57
"K_1870 Sortland - Suortá"	"2024"	10618	..	..	..	..	..	..	..
"K_1871 Andøy"	"1951"	6351	153	42	111	122	209	-87	24
"K_1871 Andøy"	"1952"	6375	158	53	105	112	163	-51	54
"K_1871 Andøy"	"1953"	6429	117	51	66	195	144	51	117
"K_1871 Andøy"	"1954"	6546	136	47	89	180	153	27	116
"K_1871 Andøy"	"1955"	6662	135	52	83	205	208	-3	118
"K_1871 Andøy"	"1956"	6780	148	60	88	178	281	-103	-15
"K_1871 Andøy"	"1957"	6765	122	43	79	254	272	-18	61
"K_1871 Andøy"	"1958"	6826	111	51	60	187	276	-89	-29
"K_1871 Andøy"	"1959"	6797	144	56	88	244	241	3	91
"K_1871 Andøy"	"1960"	6888	157	56	101	371	346	25	121
"K_1871 Andøy"	"1961"	7009	124	64	60	270	306	-36	24
"K_1871 Andøy"	"1962"	7033	114	52	62	422	375	47	109
"K_1871 Andøy"	"1963"	7142	158	67	91	432	299	133	224
"K_1871 Andøy"	"1964"	7366	155	65	90	296	289	7	97
"K_1871 Andøy"	"1965"	7463	167	70	97	389	388	1	98
"K_1871 Andøy"	"1966"	7561	201	63	138	362	389	-27	117
"K_1871 Andøy"	"1967"	7678	156	64	92	447	374	73	165
"K_1871 Andøy"	"1968"	7843	175	72	103	407	461	-54	59
"K_1871 Andøy"	"1969"	7902	161	76	85	520	484	36	113
"K_1871 Andøy"	"1970"	8015	155	65	90	528	599	-71	45
"K_1871 Andøy"	"1971"	8060	172	81	91	320	576	-256	-170
"K_1871 Andøy"	"1972"	7890	142	73	69	366	453	-87	-15
"K_1871 Andøy"	"1973"	7875	119	79	40	430	388	42	74
"K_1871 Andøy"	"1974"	7949	120	60	60	455	515	-60	-11
"K_1871 Andøy"	"1975"	7938	121	72	49	436	571	-135	-93
"K_1871 Andøy"	"1976"	7845	131	79	52	396	563	-167	-113
"K_1871 Andøy"	"1977"	7732	102	83	19	389	568	-179	-163
"K_1871 Andøy"	"1978"	7569	103	81	22	395	481	-86	-67
"K_1871 Andøy"	"1979"	7502	107	70	37	388	478	-90	-61
"K_1871 Andøy"	"1980"	7441	102	60	42	370	494	-124	-85
"K_1871 Andøy"	"1981"	7356	91	72	19	412	517	-105	-86
"K_1871 Andøy"	"1982"	7270	83	78	5	411	459	-48	-46
"K_1871 Andøy"	"1983"	7224	94	82	12	384	418	-34	-19
"K_1871 Andøy"	"1984"	7205	90	75	15	305	416	-111	-99
"K_1871 Andøy"	"1985"	7106	82	82	0	276	491	-215	-212
"K_1871 Andøy"	"1986"	6894	90	82	8	319	467	-148	-140
"K_1871 Andøy"	"1987"	6754	88	71	17	310	367	-57	-39
"K_1871 Andøy"	"1988"	6715	92	66	26	303	443	-140	-116
"K_1871 Andøy"	"1989"	6599	90	77	13	317	360	-43	-25
"K_1871 Andøy"	"1990"	6574	99	74	25	295	408	-113	-87
"K_1871 Andøy"	"1991"	6487	88	77	11	301	392	-91	-81
"K_1871 Andøy"	"1992"	6406	71	67	4	252	338	-86	-82
"K_1871 Andøy"	"1993"	6324	89	70	19	284	356	-72	-54
"K_1871 Andøy"	"1994"	6270	73	76	-3	323	381	-58	-59
"K_1871 Andøy"	"1995"	6211	95	78	17	256	397	-141	-123
"K_1871 Andøy"	"1996"	6088	67	69	-2	240	360	-120	-120
"K_1871 Andøy"	"1997"	5968	86	73	13	234	361	-127	-114
"K_1871 Andøy"	"1998"	5854	64	84	-20	276	343	-67	-89
"K_1871 Andøy"	"1999"	5765	86	71	15	313	349	-36	-21
"K_1871 Andøy"	"2000"	5744	61	74	-13	235	361	-126	-139
"K_1871 Andøy"	"2001"	5605	64	75	-11	245	290	-45	-56
"K_1871 Andøy"	"2002"	5549	67	75	-8	233	297	-64	-72
"K_1871 Andøy"	"2003"	5477	51	59	-8	217	256	-39	-47
"K_1871 Andøy"	"2004"	5430	51	67	-16	223	296	-73	-89
"K_1871 Andøy"	"2005"	5341	45	61	-16	225	305	-80	-96
"K_1871 Andøy"	"2006"	5245	61	65	-4	203	292	-89	-93
"K_1871 Andøy"	"2007"	5152	51	60	-9	245	310	-65	-74
"K_1871 Andøy"	"2008"	5078	54	79	-25	202	219	-17	-44
"K_1871 Andøy"	"2009"	5034	51	72	-21	169	182	-13	-32
"K_1871 Andøy"	"2010"	5002	36	56	-20	261	206	55	31
"K_1871 Andøy"	"2011"	5033	41	63	-22	214	198	16	-1
"K_1871 Andøy"	"2012"	5032	53	61	-8	237	237	0	-8
"K_1871 Andøy"	"2013"	5024	52	61	-9	210	237	-27	-31
"K_1871 Andøy"	"2014"	4993	38	45	-7	265	256	9	-2
"K_1871 Andøy"	"2015"	4991	53	69	-16	260	254	6	-11
"K_1871 Andøy"	"2016"	4980	33	45	-12	275	332	-57	-72
"K_1871 Andøy"	"2017"	4908	54	49	5	214	225	-11	-6
"K_1871 Andøy"	"2018"	4902	28	69	-41	191	284	-93	-131
"K_1871 Andøy"	"2019"	4771	36	52	-16	192	286	-94	-108
"K_1871 Andøy"	"2020"	4663	34	57	-23	200	254	-54	-75
"K_1871 Andøy"	"2021"	4588	46	54	-8	266	274	-8	-16
"K_1871 Andøy"	"2022"	4572	36	62	-26	285	255	30	5
"K_1871 Andøy"	"2023"	4577	37	68	-31	248	240	8	-24
"K_1871 Andøy"	"2024"	4553	..	..	..	..	..	..	..
"K_1874 Moskenes"	"1951"	0	0	0	0	0	0	0	0
"K_1874 Moskenes"	"1952"	0	0	0	0	0	0	0	0
"K_1874 Moskenes"	"1953"	0	0	0	0	0	0	0	0
"K_1874 Moskenes"	"1954"	0	0	0	0	0	0	0	0
"K_1874 Moskenes"	"1955"	0	0	0	0	0	0	0	0
"K_1874 Moskenes"	"1956"	0	0	0	0	0	0	0	0
"K_1874 Moskenes"	"1957"	0	0	0	0	0	0	0	0
"K_1874 Moskenes"	"1958"	0	0	0	0	0	0	0	0
"K_1874 Moskenes"	"1959"	0	0	0	0	0	0	0	0
"K_1874 Moskenes"	"1960"	0	0	0	0	0	0	0	0
"K_1874 Moskenes"	"1961"	0	0	0	0	0	0	0	0
"K_1874 Moskenes"	"1962"	0	0	0	0	0	0	0	0
"K_1874 Moskenes"	"1963"	0	0	0	0	0	0	0	0
"K_1874 Moskenes"	"1964"	0	0	0	0	0	0	0	0
"K_1874 Moskenes"	"1965"	0	0	0	0	0	0	0	0
"K_1874 Moskenes"	"1966"	0	0	0	0	0	0	0	0
"K_1874 Moskenes"	"1967"	0	0	0	0	0	0	0	0
"K_1874 Moskenes"	"1968"	0	0	0	0	0	0	0	0
"K_1874 Moskenes"	"1969"	0	0	0	0	0	0	0	0
"K_1874 Moskenes"	"1970"	0	0	0	0	0	0	0	0
"K_1874 Moskenes"	"1971"	0	0	0	0	0	0	0	0
"K_1874 Moskenes"	"1972"	0	0	0	0	0	0	0	0
"K_1874 Moskenes"	"1973"	0	0	0	0	0	0	0	0
"K_1874 Moskenes"	"1974"	0	0	0	0	0	0	0	0
"K_1874 Moskenes"	"1975"	0	0	0	0	0	0	0	0
"K_1874 Moskenes"	"1976"	1705	28	25	3	66	82	-16	-10
"K_1874 Moskenes"	"1977"	1695	28	26	2	53	55	-2	5
"K_1874 Moskenes"	"1978"	1700	34	15	19	60	82	-22	-7
"K_1874 Moskenes"	"1979"	1693	21	21	0	67	93	-26	-26
"K_1874 Moskenes"	"1980"	1667	25	18	7	56	72	-16	-9
"K_1874 Moskenes"	"1981"	1658	16	20	-4	44	64	-20	-24
"K_1874 Moskenes"	"1982"	1634	28	16	12	67	59	8	20
"K_1874 Moskenes"	"1983"	1654	15	13	2	43	72	-29	-27
"K_1874 Moskenes"	"1984"	1627	18	18	0	37	67	-30	-34
"K_1874 Moskenes"	"1985"	1593	22	22	0	43	102	-59	-59
"K_1874 Moskenes"	"1986"	1534	20	22	-2	43	60	-17	-22
"K_1874 Moskenes"	"1987"	1512	16	21	-5	54	61	-7	-14
"K_1874 Moskenes"	"1988"	1498	28	18	10	34	83	-49	-39
"K_1874 Moskenes"	"1989"	1459	15	19	-4	51	67	-16	-14
"K_1874 Moskenes"	"1990"	1445	25	22	3	51	55	-4	-1
"K_1874 Moskenes"	"1991"	1444	18	26	-8	48	54	-6	-10
"K_1874 Moskenes"	"1992"	1434	15	20	-5	46	61	-15	-22
"K_1874 Moskenes"	"1993"	1412	17	16	1	66	45	21	22
"K_1874 Moskenes"	"1994"	1434	15	16	-1	41	56	-15	-15
"K_1874 Moskenes"	"1995"	1419	19	14	5	39	52	-13	-9
"K_1874 Moskenes"	"1996"	1410	26	16	10	54	76	-22	-12
"K_1874 Moskenes"	"1997"	1398	17	23	-6	39	78	-39	-45
"K_1874 Moskenes"	"1998"	1353	25	14	11	75	84	-9	2
"K_1874 Moskenes"	"1999"	1355	19	11	8	51	62	-11	-3
"K_1874 Moskenes"	"2000"	1352	11	17	-6	25	67	-42	-48
"K_1874 Moskenes"	"2001"	1304	17	15	2	34	58	-24	-22
"K_1874 Moskenes"	"2002"	1282	10	21	-11	50	73	-23	-34
"K_1874 Moskenes"	"2003"	1248	14	21	-7	34	63	-29	-36
"K_1874 Moskenes"	"2004"	1212	10	23	-13	49	49	0	-11
"K_1874 Moskenes"	"2005"	1201	9	11	-2	28	45	-17	-18
"K_1874 Moskenes"	"2006"	1183	8	17	-9	33	51	-18	-27
"K_1874 Moskenes"	"2007"	1156	9	18	-9	40	59	-19	-28
"K_1874 Moskenes"	"2008"	1128	11	15	-4	35	43	-8	-12
"K_1874 Moskenes"	"2009"	1116	5	18	-13	65	38	27	14
"K_1874 Moskenes"	"2010"	1130	9	16	-7	49	52	-3	-10
"K_1874 Moskenes"	"2011"	1120	14	17	-3	73	73	0	-4
"K_1874 Moskenes"	"2012"	1116	6	20	-14	90	75	15	2
"K_1874 Moskenes"	"2013"	1118	9	16	-7	56	59	-3	-10
"K_1874 Moskenes"	"2014"	1108	5	15	-10	47	75	-28	-38
"K_1874 Moskenes"	"2015"	1070	6	17	-11	73	70	3	-8
"K_1874 Moskenes"	"2016"	1062	4	10	-6	61	44	17	11
"K_1874 Moskenes"	"2017"	1073	7	14	-7	75	73	2	-5
"K_1874 Moskenes"	"2018"	1068	6	20	-14	53	71	-18	-29
"K_1874 Moskenes"	"2019"	1039	7	15	-8	61	77	-16	-24
"K_1874 Moskenes"	"2020"	1015	4	15	-11	51	69	-18	-26
"K_1874 Moskenes"	"2021"	989	5	7	-2	85	90	-5	-7
"K_1874 Moskenes"	"2022"	982	6	18	-12	81	71	10	-3
"K_1874 Moskenes"	"2023"	979	9	13	-4	66	87	-21	-25
"K_1874 Moskenes"	"2024"	954	..	..	..	..	..	..	..
"K_1875 Hábmer - Hamarøy"	"1951"	0	0	0	0	0	0	0	0
"K_1875 Hábmer - Hamarøy"	"1952"	0	0	0	0	0	0	0	0
"K_1875 Hábmer - Hamarøy"	"1953"	0	0	0	0	0	0	0	0
"K_1875 Hábmer - Hamarøy"	"1954"	0	0	0	0	0	0	0	0
"K_1875 Hábmer - Hamarøy"	"1955"	0	0	0	0	0	0	0	0
"K_1875 Hábmer - Hamarøy"	"1956"	0	0	0	0	0	0	0	0
"K_1875 Hábmer - Hamarøy"	"1957"	0	0	0	0	0	0	0	0
"K_1875 Hábmer - Hamarøy"	"1958"	0	0	0	0	0	0	0	0
"K_1875 Hábmer - Hamarøy"	"1959"	0	0	0	0	0	0	0	0
"K_1875 Hábmer - Hamarøy"	"1960"	0	0	0	0	0	0	0	0
"K_1875 Hábmer - Hamarøy"	"1961"	0	0	0	0	0	0	0	0
"K_1875 Hábmer - Hamarøy"	"1962"	0	0	0	0	0	0	0	0
"K_1875 Hábmer - Hamarøy"	"1963"	0	0	0	0	0	0	0	0
"K_1875 Hábmer - Hamarøy"	"1964"	0	0	0	0	0	0	0	0
"K_1875 Hábmer - Hamarøy"	"1965"	0	0	0	0	0	0	0	0
"K_1875 Hábmer - Hamarøy"	"1966"	0	0	0	0	0	0	0	0
"K_1875 Hábmer - Hamarøy"	"1967"	0	0	0	0	0	0	0	0
"K_1875 Hábmer - Hamarøy"	"1968"	0	0	0	0	0	0	0	0
"K_1875 Hábmer - Hamarøy"	"1969"	0	0	0	0	0	0	0	0
"K_1875 Hábmer - Hamarøy"	"1970"	0	0	0	0	0	0	0	0
"K_1875 Hábmer - Hamarøy"	"1971"	0	0	0	0	0	0	0	0
"K_1875 Hábmer - Hamarøy"	"1972"	0	0	0	0	0	0	0	0
"K_1875 Hábmer - Hamarøy"	"1973"	0	0	0	0	0	0	0	0
"K_1875 Hábmer - Hamarøy"	"1974"	0	0	0	0	0	0	0	0
"K_1875 Hábmer - Hamarøy"	"1975"	0	0	0	0	0	0	0	0
"K_1875 Hábmer - Hamarøy"	"1976"	0	0	0	0	0	0	0	0
"K_1875 Hábmer - Hamarøy"	"1977"	0	0	0	0	0	0	0	0
"K_1875 Hábmer - Hamarøy"	"1978"	0	0	0	0	0	0	0	0
"K_1875 Hábmer - Hamarøy"	"1979"	0	0	0	0	0	0	0	0
"K_1875 Hábmer - Hamarøy"	"1980"	0	0	0	0	0	0	0	0
"K_1875 Hábmer - Hamarøy"	"1981"	0	0	0	0	0	0	0	0
"K_1875 Hábmer - Hamarøy"	"1982"	0	0	0	0	0	0	0	0
"K_1875 Hábmer - Hamarøy"	"1983"	0	0	0	0	0	0	0	0
"K_1875 Hábmer - Hamarøy"	"1984"	0	0	0	0	0	0	0	0
"K_1875 Hábmer - Hamarøy"	"1985"	0	0	0	0	0	0	0	0
"K_1875 Hábmer - Hamarøy"	"1986"	0	0	0	0	0	0	0	0
"K_1875 Hábmer - Hamarøy"	"1987"	0	0	0	0	0	0	0	0
"K_1875 Hábmer - Hamarøy"	"1988"	0	0	0	0	0	0	0	0
"K_1875 Hábmer - Hamarøy"	"1989"	0	0	0	0	0	0	0	0
"K_1875 Hábmer - Hamarøy"	"1990"	0	0	0	0	0	0	0	0
"K_1875 Hábmer - Hamarøy"	"1991"	0	0	0	0	0	0	0	0
"K_1875 Hábmer - Hamarøy"	"1992"	0	0	0	0	0	0	0	0
"K_1875 Hábmer - Hamarøy"	"1993"	0	0	0	0	0	0	0	0
"K_1875 Hábmer - Hamarøy"	"1994"	0	0	0	0	0	0	0	0
"K_1875 Hábmer - Hamarøy"	"1995"	0	0	0	0	0	0	0	0
"K_1875 Hábmer - Hamarøy"	"1996"	0	0	0	0	0	0	0	0
"K_1875 Hábmer - Hamarøy"	"1997"	0	0	0	0	0	0	0	0
"K_1875 Hábmer - Hamarøy"	"1998"	0	0	0	0	0	0	0	0
"K_1875 Hábmer - Hamarøy"	"1999"	0	0	0	0	0	0	0	0
"K_1875 Hábmer - Hamarøy"	"2000"	0	0	0	0	0	0	0	0
"K_1875 Hábmer - Hamarøy"	"2001"	0	0	0	0	0	0	0	0
"K_1875 Hábmer - Hamarøy"	"2002"	0	0	0	0	0	0	0	0
"K_1875 Hábmer - Hamarøy"	"2003"	0	0	0	0	0	0	0	0
"K_1875 Hábmer - Hamarøy"	"2004"	0	0	0	0	0	0	0	0
"K_1875 Hábmer - Hamarøy"	"2005"	0	0	0	0	0	0	0	0
"K_1875 Hábmer - Hamarøy"	"2006"	0	0	0	0	0	0	0	0
"K_1875 Hábmer - Hamarøy"	"2007"	0	0	0	0	0	0	0	0
"K_1875 Hábmer - Hamarøy"	"2008"	0	0	0	0	0	0	0	0
"K_1875 Hábmer - Hamarøy"	"2009"	0	0	0	0	0	0	0	0
"K_1875 Hábmer - Hamarøy"	"2010"	0	0	0	0	0	0	0	0
"K_1875 Hábmer - Hamarøy"	"2011"	0	0	0	0	0	0	0	0
"K_1875 Hábmer - Hamarøy"	"2012"	0	0	0	0	0	0	0	0
"K_1875 Hábmer - Hamarøy"	"2013"	0	0	0	0	0	0	0	0
"K_1875 Hábmer - Hamarøy"	"2014"	0	0	0	0	0	0	0	0
"K_1875 Hábmer - Hamarøy"	"2015"	0	0	0	0	0	0	0	0
"K_1875 Hábmer - Hamarøy"	"2016"	0	0	0	0	0	0	0	0
"K_1875 Hábmer - Hamarøy"	"2017"	0	0	0	0	0	0	0	0
"K_1875 Hábmer - Hamarøy"	"2018"	0	0	0	0	0	0	0	0
"K_1875 Hábmer - Hamarøy"	"2019"	0	0	0	0	0	0	0	0
"K_1875 Hábmer - Hamarøy"	"2020"	2766	13	24	-11	122	176	-54	-65
"K_1875 Hábmer - Hamarøy"	"2021"	2701	27	33	-6	183	170	13	7
"K_1875 Hábmer - Hamarøy"	"2022"	2708	22	43	-21	178	181	-3	-26
"K_1875 Hábmer - Hamarøy"	"2023"	2682	29	40	-11	204	148	56	47
"K_1875 Hábmer - Hamarøy"	"2024"	2729	..	..	..	..	..	..	..
"K_5501 Tromsø"	"1951"	10940	241	93	148	640	658	-18	130
"K_5501 Tromsø"	"1952"	11070	244	113	131	658	934	-276	-145
"K_5501 Tromsø"	"1953"	10925	227	109	118	648	875	-227	-109
"K_5501 Tromsø"	"1954"	10816	178	124	54	676	1032	-356	-302
"K_5501 Tromsø"	"1955"	10514	246	116	130	866	1110	-244	-149
"K_5501 Tromsø"	"1956"	11948	241	96	145	937	936	1	146
"K_5501 Tromsø"	"1957"	12094	246	118	128	902	912	-10	118
"K_5501 Tromsø"	"1958"	12212	214	130	84	849	949	-100	-16
"K_5501 Tromsø"	"1959"	12196	245	144	101	1000	1014	-14	87
"K_5501 Tromsø"	"1960"	12283	229	124	105	1098	1202	-104	60
"K_5501 Tromsø"	"1961"	12343	243	127	116	880	920	-40	76
"K_5501 Tromsø"	"1962"	12419	233	108	125	923	1037	-114	11
"K_5501 Tromsø"	"1963"	12430	265	121	144	980	952	28	172
"K_5501 Tromsø"	"1964"	32664	785	277	508	1327	1189	138	646
"K_5501 Tromsø"	"1965"	33310	828	252	576	1578	1356	222	798
"K_5501 Tromsø"	"1966"	34108	905	290	615	1769	1493	276	693
"K_5501 Tromsø"	"1967"	34801	914	278	636	2102	1419	683	1319
"K_5501 Tromsø"	"1968"	36120	949	283	666	2115	1762	353	1047
"K_5501 Tromsø"	"1969"	37167	869	300	569	2256	1903	353	927
"K_5501 Tromsø"	"1970"	38094	895	286	609	2666	2220	446	1051
"K_5501 Tromsø"	"1971"	39145	869	324	545	2074	1774	300	815
"K_5501 Tromsø"	"1972"	39960	850	268	582	2635	1869	766	1259
"K_5501 Tromsø"	"1973"	41219	824	324	500	2561	2039	522	1034
"K_5501 Tromsø"	"1974"	42253	748	313	435	2479	2259	220	653
"K_5501 Tromsø"	"1975"	42906	716	317	399	2681	2134	547	913
"K_5501 Tromsø"	"1976"	43819	683	290	393	2337	2141	196	590
"K_5501 Tromsø"	"1977"	44409	635	316	319	2603	2512	91	403
"K_5501 Tromsø"	"1978"	44812	665	314	351	2495	2300	195	548
"K_5501 Tromsø"	"1979"	45360	710	316	394	2342	2239	103	473
"K_5501 Tromsø"	"1980"	45833	734	310	424	2426	2235	191	621
"K_5501 Tromsø"	"1981"	46454	809	305	504	2443	2250	193	694
"K_5501 Tromsø"	"1982"	47148	740	353	387	2214	2436	-222	168
"K_5501 Tromsø"	"1983"	47316	661	317	344	2168	2424	-256	90
"K_5501 Tromsø"	"1984"	47406	715	323	392	2277	2326	-49	347
"K_5501 Tromsø"	"1985"	47753	770	368	402	2337	2402	-65	338
"K_5501 Tromsø"	"1986"	48091	754	337	417	2608	2280	328	747
"K_5501 Tromsø"	"1987"	48838	829	384	445	2626	2431	195	621
"K_5501 Tromsø"	"1988"	49459	832	373	459	2690	2387	303	769
"K_5501 Tromsø"	"1989"	50228	839	373	466	2351	2477	-126	320
"K_5501 Tromsø"	"1990"	50548	922	394	528	2550	2296	254	780
"K_5501 Tromsø"	"1991"	51328	939	382	557	2665	2057	608	1176
"K_5501 Tromsø"	"1992"	52504	984	365	619	2580	2240	340	952
"K_5501 Tromsø"	"1993"	53456	960	385	575	3024	2435	589	1158
"K_5501 Tromsø"	"1994"	54614	971	366	605	3059	2599	460	1062
"K_5501 Tromsø"	"1995"	55676	1012	380	632	3183	2836	347	970
"K_5501 Tromsø"	"1996"	56646	975	396	579	3383	3225	158	738
"K_5501 Tromsø"	"1997"	57384	924	442	482	3169	3549	-380	101
"K_5501 Tromsø"	"1998"	57485	913	371	542	3490	3373	117	636
"K_5501 Tromsø"	"1999"	58121	964	408	556	3468	2998	470	1024
"K_5501 Tromsø"	"2000"	59145	934	383	551	3513	3127	386	941
"K_5501 Tromsø"	"2001"	60086	896	400	496	3222	3273	-51	438
"K_5501 Tromsø"	"2002"	60524	880	356	524	3108	2976	132	658
"K_5501 Tromsø"	"2003"	61182	821	358	463	3084	2825	259	715
"K_5501 Tromsø"	"2004"	61897	874	373	501	3161	2982	179	661
"K_5501 Tromsø"	"2005"	62558	944	438	506	3324	2802	522	1038
"K_5501 Tromsø"	"2006"	63596	982	365	617	3445	3175	270	896
"K_5501 Tromsø"	"2007"	64492	955	376	579	3696	3434	262	794
"K_5501 Tromsø"	"2008"	65286	1029	368	661	3640	3064	576	1227
"K_5501 Tromsø"	"2009"	66513	951	403	548	3447	3203	244	792
"K_5501 Tromsø"	"2010"	67305	995	347	648	3686	3392	294	934
"K_5501 Tromsø"	"2011"	68239	895	368	527	3786	3448	338	877
"K_5501 Tromsø"	"2012"	69116	879	380	499	3920	3176	744	1242
"K_5501 Tromsø"	"2013"	70358	875	383	492	4055	3311	744	1232
"K_5501 Tromsø"	"2014"	71590	878	417	461	4094	3474	620	1091
"K_5501 Tromsø"	"2015"	72681	947	405	542	4058	3806	252	799
"K_5501 Tromsø"	"2016"	73480	904	405	499	4182	3620	562	1061
"K_5501 Tromsø"	"2017"	74541	863	373	490	4129	3518	611	1097
"K_5501 Tromsø"	"2018"	75638	900	407	493	4095	3587	508	1011
"K_5501 Tromsø"	"2019"	76649	831	451	380	3926	3985	-59	325
"K_5501 Tromsø"	"2020"	76974	791	465	326	3946	4150	-204	121
"K_5501 Tromsø"	"2021"	77095	924	432	492	4305	4356	-51	449
"K_5501 Tromsø"	"2022"	77544	777	483	294	4506	4353	153	448
"K_5501 Tromsø"	"2023"	77992	809	450	359	4552	4152	400	753
"K_5501 Tromsø"	"2024"	78745	..	..	..	..	..	..	..
"K_5503 Harstad - Hárstták"	"1951"	16002	321	130	191	1138	1039	99	290
"K_5503 Harstad - Hárstták"	"1952"	16292	336	148	188	874	871	3	191
"K_5503 Harstad - Hárstták"	"1953"	16483	357	133	224	1215	1137	78	302
"K_5503 Harstad - Hárstták"	"1954"	16785	404	130	274	1210	1093	117	391
"K_5503 Harstad - Hárstták"	"1955"	17176	404	131	273	1262	1176	86	310
"K_5503 Harstad - Hárstták"	"1956"	17486	411	137	274	1366	1286	80	324
"K_5503 Harstad - Hárstták"	"1957"	17840	366	140	226	1461	1322	139	365
"K_5503 Harstad - Hárstták"	"1958"	18205	350	147	203	1518	1481	37	240
"K_5503 Harstad - Hárstták"	"1959"	18445	398	128	270	1421	1414	7	277
"K_5503 Harstad - Hárstták"	"1960"	18722	368	160	208	1825	1643	182	300
"K_5503 Harstad - Hárstták"	"1961"	19022	448	146	302	1442	1587	-145	157
"K_5503 Harstad - Hárstták"	"1962"	19179	368	138	230	1660	1629	31	261
"K_5503 Harstad - Hárstták"	"1963"	19440	369	150	219	1706	1737	-31	188
"K_5503 Harstad - Hárstták"	"1964"	19148	390	160	230	1077	958	119	349
"K_5503 Harstad - Hárstták"	"1965"	19497	424	160	264	1111	1070	41	305
"K_5503 Harstad - Hárstták"	"1966"	19802	424	188	236	1278	1252	26	354
"K_5503 Harstad - Hárstták"	"1967"	20156	449	182	267	1212	1195	17	284
"K_5503 Harstad - Hárstták"	"1968"	20440	452	157	295	1294	1283	11	310
"K_5503 Harstad - Hárstták"	"1969"	20750	436	178	258	1229	1348	-119	150
"K_5503 Harstad - Hárstták"	"1970"	20900	389	183	206	1461	1544	-83	81
"K_5503 Harstad - Hárstták"	"1971"	20981	409	179	230	1196	1247	-51	163
"K_5503 Harstad - Hárstták"	"1972"	21144	396	184	212	1221	1117	104	326
"K_5503 Harstad - Hárstták"	"1973"	21470	392	181	211	1237	1165	72	277
"K_5503 Harstad - Hárstták"	"1974"	21747	404	189	215	1181	1162	19	216
"K_5503 Harstad - Hárstták"	"1975"	21963	350	196	154	1219	1289	-70	70
"K_5503 Harstad - Hárstták"	"1976"	22033	307	179	128	1091	1149	-58	72
"K_5503 Harstad - Hárstták"	"1977"	22105	327	176	151	1240	1244	-4	144
"K_5503 Harstad - Hárstták"	"1978"	22249	318	149	169	1169	1159	10	177
"K_5503 Harstad - Hárstták"	"1979"	22426	311	192	119	1072	1143	-71	44
"K_5503 Harstad - Hárstták"	"1980"	22470	327	191	136	1073	1199	-126	11
"K_5503 Harstad - Hárstták"	"1981"	22481	295	169	126	1164	1173	-9	121
"K_5503 Harstad - Hárstták"	"1982"	22602	310	227	83	1199	1246	-47	32
"K_5503 Harstad - Hárstták"	"1983"	22634	269	192	77	1099	1121	-22	60
"K_5503 Harstad - Hárstták"	"1984"	22694	277	205	72	1056	1233	-177	-114
"K_5503 Harstad - Hárstták"	"1985"	22580	285	164	121	1184	1143	41	173
"K_5503 Harstad - Hárstták"	"1986"	22753	302	190	112	1191	1174	17	138
"K_5503 Harstad - Hárstták"	"1987"	22891	338	236	102	1135	1067	68	147
"K_5503 Harstad - Hárstták"	"1988"	23038	342	215	127	1129	1200	-71	50
"K_5503 Harstad - Hárstták"	"1989"	23088	331	173	158	1037	1172	-135	19
"K_5503 Harstad - Hárstták"	"1990"	23107	361	210	151	949	1137	-188	-33
"K_5503 Harstad - Hárstták"	"1991"	23074	371	160	211	990	998	-8	214
"K_5503 Harstad - Hárstták"	"1992"	23288	351	212	139	946	1032	-86	52
"K_5503 Harstad - Hárstták"	"1993"	23340	330	205	125	1082	1121	-39	77
"K_5503 Harstad - Hárstták"	"1994"	23417	341	214	127	1192	1135	57	190
"K_5503 Harstad - Hárstták"	"1995"	23607	331	195	136	1096	1211	-115	22
"K_5503 Harstad - Hárstták"	"1996"	23629	306	233	73	1068	1156	-88	-11
"K_5503 Harstad - Hárstták"	"1997"	23618	303	194	109	1163	1315	-152	-47
"K_5503 Harstad - Hárstták"	"1998"	23571	309	212	97	1175	1209	-34	70
"K_5503 Harstad - Hárstták"	"1999"	23641	273	215	58	1065	1142	-77	-14
"K_5503 Harstad - Hárstták"	"2000"	23627	301	219	82	1098	1179	-81	-3
"K_5503 Harstad - Hárstták"	"2001"	23624	248	224	24	1196	1199	-3	22
"K_5503 Harstad - Hárstták"	"2002"	23646	251	218	33	1109	1088	21	48
"K_5503 Harstad - Hárstták"	"2003"	23694	268	225	43	1005	1041	-36	-2
"K_5503 Harstad - Hárstták"	"2004"	23692	244	186	58	1003	1110	-107	-49
"K_5503 Harstad - Hárstták"	"2005"	23643	257	185	72	1060	1003	57	122
"K_5503 Harstad - Hárstták"	"2006"	23765	251	222	29	1122	1133	-11	19
"K_5503 Harstad - Hárstták"	"2007"	23784	275	224	51	1024	1236	-212	-167
"K_5503 Harstad - Hárstták"	"2008"	23617	242	221	21	1068	1075	-7	12
"K_5503 Harstad - Hárstták"	"2009"	23629	274	191	83	1086	1066	20	110
"K_5503 Harstad - Hárstták"	"2010"	23739	268	206	62	1144	1046	98	160
"K_5503 Harstad - Hárstták"	"2011"	23899	250	208	42	1188	1032	156	196
"K_5503 Harstad - Hárstták"	"2012"	24095	268	212	56	1209	1071	138	196
"K_5503 Harstad - Hárstták"	"2013"	24291	280	168	112	1215	1177	38	150
"K_5503 Harstad - Hárstták"	"2014"	24441	266	178	88	1248	1103	145	235
"K_5503 Harstad - Hárstták"	"2015"	24676	253	197	56	1146	1179	-33	19
"K_5503 Harstad - Hárstták"	"2016"	24695	231	190	41	1258	1150	108	150
"K_5503 Harstad - Hárstták"	"2017"	24845	210	200	10	1146	1178	-32	-25
"K_5503 Harstad - Hárstták"	"2018"	24820	250	211	39	1112	1141	-29	7
"K_5503 Harstad - Hárstták"	"2019"	24827	237	217	20	1059	1202	-143	-124
"K_5503 Harstad - Hárstták"	"2020"	24703	231	189	42	1107	1116	-9	35
"K_5503 Harstad - Hárstták"	"2021"	24738	242	208	34	1184	1151	33	66
"K_5503 Harstad - Hárstták"	"2022"	24804	235	206	29	1219	1152	67	99
"K_5503 Harstad - Hárstták"	"2023"	24903	236	208	28	1259	1135	124	153
"K_5503 Harstad - Hárstták"	"2024"	25056	..	..	..	..	..	..	..
"K_5510 Kvæfjord"	"1951"	3517	55	35	20	125	151	-26	-6
"K_5510 Kvæfjord"	"1952"	3511	48	31	17	61	87	-26	-9
"K_5510 Kvæfjord"	"1953"	3502	62	25	37	64	111	-47	-10
"K_5510 Kvæfjord"	"1954"	3492	47	34	13	73	84	-11	2
"K_5510 Kvæfjord"	"1955"	3494	57	35	22	117	130	-13	2
"K_5510 Kvæfjord"	"1956"	3496	65	46	19	91	186	-95	-46
"K_5510 Kvæfjord"	"1957"	3420	50	37	13	94	158	-64	-51
"K_5510 Kvæfjord"	"1958"	3369	45	48	-3	102	116	-14	-17
"K_5510 Kvæfjord"	"1959"	3352	60	38	22	83	159	-76	-54
"K_5510 Kvæfjord"	"1960"	3298	61	41	20	124	165	-41	-5
"K_5510 Kvæfjord"	"1961"	3293	48	45	3	91	121	-30	-27
"K_5510 Kvæfjord"	"1962"	3266	56	36	20	138	155	-17	3
"K_5510 Kvæfjord"	"1963"	3269	51	35	16	114	158	-44	-28
"K_5510 Kvæfjord"	"1964"	3241	56	34	22	164	163	1	23
"K_5510 Kvæfjord"	"1965"	3264	62	42	20	135	149	-14	6
"K_5510 Kvæfjord"	"1966"	3270	59	46	13	227	241	-14	-32
"K_5510 Kvæfjord"	"1967"	3238	72	29	43	234	221	13	56
"K_5510 Kvæfjord"	"1968"	3294	62	28	34	256	284	-28	6
"K_5510 Kvæfjord"	"1969"	3300	70	34	36	185	217	-32	0
"K_5510 Kvæfjord"	"1970"	3300	59	52	7	643	278	365	372
"K_5510 Kvæfjord"	"1971"	3672	65	35	30	251	217	34	62
"K_5510 Kvæfjord"	"1972"	3734	59	48	11	263	268	-5	10
"K_5510 Kvæfjord"	"1973"	3744	62	41	21	265	238	27	50
"K_5510 Kvæfjord"	"1974"	3794	44	34	10	235	223	12	24
"K_5510 Kvæfjord"	"1975"	3818	59	31	28	198	260	-62	-38
"K_5510 Kvæfjord"	"1976"	3780	54	33	21	166	249	-83	-62
"K_5510 Kvæfjord"	"1977"	3718	47	35	12	200	214	-14	0
"K_5510 Kvæfjord"	"1978"	3718	37	44	-7	220	223	-3	-13
"K_5510 Kvæfjord"	"1979"	3705	44	45	-1	197	212	-15	-17
"K_5510 Kvæfjord"	"1980"	3688	45	27	18	186	211	-25	-9
"K_5510 Kvæfjord"	"1981"	3679	48	33	15	242	201	41	54
"K_5510 Kvæfjord"	"1982"	3733	38	51	-13	256	187	69	56
"K_5510 Kvæfjord"	"1983"	3789	51	51	0	205	253	-48	-48
"K_5510 Kvæfjord"	"1984"	3741	48	24	24	224	209	15	38
"K_5510 Kvæfjord"	"1985"	3779	43	50	-7	154	203	-49	-56
"K_5510 Kvæfjord"	"1986"	3723	47	36	11	161	201	-40	-32
"K_5510 Kvæfjord"	"1987"	3691	37	47	-10	161	213	-52	-61
"K_5510 Kvæfjord"	"1988"	3630	45	39	6	155	185	-30	-29
"K_5510 Kvæfjord"	"1989"	3601	48	33	15	104	199	-95	-74
"K_5510 Kvæfjord"	"1990"	3527	47	41	6	147	181	-34	-27
"K_5510 Kvæfjord"	"1991"	3500	55	41	14	143	180	-37	-23
"K_5510 Kvæfjord"	"1992"	3477	38	45	-7	159	209	-50	-53
"K_5510 Kvæfjord"	"1993"	3424	51	41	10	257	187	70	82
"K_5510 Kvæfjord"	"1994"	3506	53	50	3	146	237	-91	-90
"K_5510 Kvæfjord"	"1995"	3416	46	31	15	185	235	-50	-35
"K_5510 Kvæfjord"	"1996"	3381	45	35	10	145	160	-15	-4
"K_5510 Kvæfjord"	"1997"	3377	42	31	11	145	181	-36	-25
"K_5510 Kvæfjord"	"1998"	3352	37	57	-20	152	169	-17	-38
"K_5510 Kvæfjord"	"1999"	3314	33	37	-4	256	177	79	-27
"K_5510 Kvæfjord"	"2000"	3287	29	40	-11	210	259	-49	-62
"K_5510 Kvæfjord"	"2001"	3225	29	39	-10	145	205	-60	-74
"K_5510 Kvæfjord"	"2002"	3151	23	46	-23	176	203	-27	-49
"K_5510 Kvæfjord"	"2003"	3102	25	30	-5	125	156	-31	-30
"K_5510 Kvæfjord"	"2004"	3072	38	28	10	179	190	-11	0
"K_5510 Kvæfjord"	"2005"	3072	20	30	-10	156	151	5	-5
"K_5510 Kvæfjord"	"2006"	3067	31	41	-10	165	172	-7	-19
"K_5510 Kvæfjord"	"2007"	3048	29	42	-13	165	164	1	-12
"K_5510 Kvæfjord"	"2008"	3036	30	39	-9	192	188	4	-4
"K_5510 Kvæfjord"	"2009"	3032	31	26	5	209	200	9	17
"K_5510 Kvæfjord"	"2010"	3049	28	26	2	232	233	-1	1
"K_5510 Kvæfjord"	"2011"	3050	22	28	-6	178	195	-17	-25
"K_5510 Kvæfjord"	"2012"	3025	37	19	18	238	199	39	57
"K_5510 Kvæfjord"	"2013"	3082	26	25	1	244	221	23	25
"K_5510 Kvæfjord"	"2014"	3107	22	29	-7	232	256	-24	-31
"K_5510 Kvæfjord"	"2015"	3076	21	38	-17	247	275	-28	-47
"K_5510 Kvæfjord"	"2016"	3029	29	44	-15	251	280	-29	-43
"K_5510 Kvæfjord"	"2017"	2986	23	37	-14	237	281	-44	-58
"K_5510 Kvæfjord"	"2018"	2928	20	28	-8	164	226	-62	-70
"K_5510 Kvæfjord"	"2019"	2858	32	36	-4	159	174	-15	-19
"K_5510 Kvæfjord"	"2020"	2839	20	24	-4	182	194	-12	-17
"K_5510 Kvæfjord"	"2021"	2822	21	26	-5	166	196	-30	-33
"K_5510 Kvæfjord"	"2022"	2789	27	34	-7	415	329	86	77
"K_5510 Kvæfjord"	"2023"	2866	25	31	-6	503	521	-18	-21
"K_5510 Kvæfjord"	"2024"	2845	..	..	..	..	..	..	..
"K_5512 Dielddanuorri - Tjeldsund"	"1951"	5503	119	57	62	169	215	-46	16
"K_5512 Dielddanuorri - Tjeldsund"	"1952"	5519	122	46	76	109	142	-33	43
"K_5512 Dielddanuorri - Tjeldsund"	"1953"	5562	121	50	71	167	208	-41	30
"K_5512 Dielddanuorri - Tjeldsund"	"1954"	5592	124	38	86	122	200	-78	8
"K_5512 Dielddanuorri - Tjeldsund"	"1955"	5600	104	56	48	112	224	-112	-43
"K_5512 Dielddanuorri - Tjeldsund"	"1956"	5557	122	51	71	158	265	-107	-36
"K_5512 Dielddanuorri - Tjeldsund"	"1957"	5521	109	43	66	168	293	-125	-59
"K_5512 Dielddanuorri - Tjeldsund"	"1958"	5462	104	59	45	119	188	-69	-24
"K_5512 Dielddanuorri - Tjeldsund"	"1959"	5438	88	47	41	154	192	-38	3
"K_5512 Dielddanuorri - Tjeldsund"	"1960"	5441	98	43	55	222	355	-133	-18
"K_5512 Dielddanuorri - Tjeldsund"	"1961"	5423	79	59	20	185	225	-40	-20
"K_5512 Dielddanuorri - Tjeldsund"	"1962"	5403	88	43	45	173	268	-95	-50
"K_5512 Dielddanuorri - Tjeldsund"	"1963"	5353	86	51	35	211	282	-71	-36
"K_5512 Dielddanuorri - Tjeldsund"	"1964"	5471	88	54	34	198	287	-89	-55
"K_5512 Dielddanuorri - Tjeldsund"	"1965"	5416	87	55	32	222	286	-64	-32
"K_5512 Dielddanuorri - Tjeldsund"	"1966"	5384	105	53	52	228	353	-125	-162
"K_5512 Dielddanuorri - Tjeldsund"	"1967"	5222	93	61	32	273	306	-33	-1
"K_5512 Dielddanuorri - Tjeldsund"	"1968"	5221	77	73	4	276	345	-69	-66
"K_5512 Dielddanuorri - Tjeldsund"	"1969"	5155	64	66	-2	241	328	-87	-96
"K_5512 Dielddanuorri - Tjeldsund"	"1970"	5059	71	51	20	327	424	-97	-85
"K_5512 Dielddanuorri - Tjeldsund"	"1971"	4974	62	56	6	235	299	-64	-59
"K_5512 Dielddanuorri - Tjeldsund"	"1972"	4915	67	63	4	283	318	-35	-31
"K_5512 Dielddanuorri - Tjeldsund"	"1973"	4884	66	68	-2	329	259	70	68
"K_5512 Dielddanuorri - Tjeldsund"	"1974"	4952	81	52	29	319	272	47	71
"K_5512 Dielddanuorri - Tjeldsund"	"1975"	5023	67	71	-4	307	303	4	-3
"K_5512 Dielddanuorri - Tjeldsund"	"1976"	5020	82	59	23	304	301	3	26
"K_5512 Dielddanuorri - Tjeldsund"	"1977"	5046	64	48	16	272	278	-6	10
"K_5512 Dielddanuorri - Tjeldsund"	"1978"	5056	69	54	15	298	231	67	83
"K_5512 Dielddanuorri - Tjeldsund"	"1979"	5139	53	41	12	269	283	-14	-1
"K_5512 Dielddanuorri - Tjeldsund"	"1980"	5138	60	41	19	324	230	94	114
"K_5512 Dielddanuorri - Tjeldsund"	"1981"	5252	54	69	-15	356	295	61	45
"K_5512 Dielddanuorri - Tjeldsund"	"1982"	5297	90	50	40	363	286	77	116
"K_5512 Dielddanuorri - Tjeldsund"	"1983"	5413	79	51	28	370	271	99	128
"K_5512 Dielddanuorri - Tjeldsund"	"1984"	5541	59	48	11	275	298	-23	-13
"K_5512 Dielddanuorri - Tjeldsund"	"1985"	5528	62	57	5	266	341	-75	-73
"K_5512 Dielddanuorri - Tjeldsund"	"1986"	5455	71	63	8	281	362	-81	-79
"K_5512 Dielddanuorri - Tjeldsund"	"1987"	5376	49	85	-36	277	278	-1	-29
"K_5512 Dielddanuorri - Tjeldsund"	"1988"	5347	62	58	4	223	387	-164	-162
"K_5512 Dielddanuorri - Tjeldsund"	"1989"	5185	61	81	-20	266	320	-54	-65
"K_5512 Dielddanuorri - Tjeldsund"	"1990"	5120	59	58	1	192	275	-83	-81
"K_5512 Dielddanuorri - Tjeldsund"	"1991"	5039	41	65	-24	217	255	-38	-61
"K_5512 Dielddanuorri - Tjeldsund"	"1992"	4978	45	64	-19	226	236	-10	-34
"K_5512 Dielddanuorri - Tjeldsund"	"1993"	4944	48	75	-27	299	244	55	30
"K_5512 Dielddanuorri - Tjeldsund"	"1994"	4974	54	60	-6	222	281	-59	-67
"K_5512 Dielddanuorri - Tjeldsund"	"1995"	4907	48	51	-3	239	297	-58	-62
"K_5512 Dielddanuorri - Tjeldsund"	"1996"	4845	50	55	-5	196	254	-58	-65
"K_5512 Dielddanuorri - Tjeldsund"	"1997"	4780	42	46	-4	194	312	-118	-121
"K_5512 Dielddanuorri - Tjeldsund"	"1998"	4659	42	57	-15	248	228	20	6
"K_5512 Dielddanuorri - Tjeldsund"	"1999"	4665	52	62	-10	228	247	-19	-29
"K_5512 Dielddanuorri - Tjeldsund"	"2000"	4636	43	52	-9	200	270	-70	-79
"K_5512 Dielddanuorri - Tjeldsund"	"2001"	4557	43	49	-6	270	281	-11	-16
"K_5512 Dielddanuorri - Tjeldsund"	"2002"	4541	45	58	-13	197	241	-44	-57
"K_5512 Dielddanuorri - Tjeldsund"	"2003"	4484	44	43	1	208	240	-32	-31
"K_5512 Dielddanuorri - Tjeldsund"	"2004"	4453	36	55	-19	190	248	-58	-78
"K_5512 Dielddanuorri - Tjeldsund"	"2005"	4375	41	46	-5	202	258	-56	-61
"K_5512 Dielddanuorri - Tjeldsund"	"2006"	4314	30	37	-7	179	251	-72	-79
"K_5512 Dielddanuorri - Tjeldsund"	"2007"	4235	50	52	-2	207	239	-32	-35
"K_5512 Dielddanuorri - Tjeldsund"	"2008"	4200	30	53	-23	242	240	2	-26
"K_5512 Dielddanuorri - Tjeldsund"	"2009"	4174	41	44	-3	255	226	29	26
"K_5512 Dielddanuorri - Tjeldsund"	"2010"	4200	48	45	3	266	248	18	21
"K_5512 Dielddanuorri - Tjeldsund"	"2011"	4221	44	61	-17	314	262	52	35
"K_5512 Dielddanuorri - Tjeldsund"	"2012"	4256	34	67	-33	282	287	-5	-38
"K_5512 Dielddanuorri - Tjeldsund"	"2013"	4218	38	43	-5	272	278	-6	-11
"K_5512 Dielddanuorri - Tjeldsund"	"2014"	4207	41	36	5	295	237	58	61
"K_5512 Dielddanuorri - Tjeldsund"	"2015"	4268	27	53	-26	299	217	82	56
"K_5512 Dielddanuorri - Tjeldsund"	"2016"	4324	26	45	-19	267	272	-5	-24
"K_5512 Dielddanuorri - Tjeldsund"	"2017"	4300	25	42	-17	210	240	-30	-47
"K_5512 Dielddanuorri - Tjeldsund"	"2018"	4253	29	49	-20	266	231	35	15
"K_5512 Dielddanuorri - Tjeldsund"	"2019"	4268	31	56	-25	236	263	-27	-52
"K_5512 Dielddanuorri - Tjeldsund"	"2020"	4216	34	55	-21	215	199	16	-7
"K_5512 Dielddanuorri - Tjeldsund"	"2021"	4209	31	54	-23	261	247	14	-8
"K_5512 Dielddanuorri - Tjeldsund"	"2022"	4201	24	50	-26	265	234	31	5
"K_5512 Dielddanuorri - Tjeldsund"	"2023"	4206	30	41	-11	450	364	86	75
"K_5512 Dielddanuorri - Tjeldsund"	"2024"	4281	..	..	..	..	..	..	..
"K_5514 Ibestad"	"1951"	3240	73	32	41	47	106	-59	-18
"K_5514 Ibestad"	"1952"	3222	70	24	46	59	88	-29	17
"K_5514 Ibestad"	"1953"	3239	64	32	32	75	107	-32	0
"K_5514 Ibestad"	"1954"	3239	66	27	39	57	112	-55	-16
"K_5514 Ibestad"	"1955"	3223	74	21	53	80	113	-33	66
"K_5514 Ibestad"	"1956"	3289	60	24	36	46	92	-46	-10
"K_5514 Ibestad"	"1957"	3279	66	31	35	61	115	-54	-19
"K_5514 Ibestad"	"1958"	3260	55	28	27	67	83	-16	11
"K_5514 Ibestad"	"1959"	3271	68	30	38	73	93	-20	18
"K_5514 Ibestad"	"1960"	3289	63	39	24	82	152	-70	-72
"K_5514 Ibestad"	"1961"	3217	55	33	22	53	111	-58	-36
"K_5514 Ibestad"	"1962"	3181	64	39	25	97	111	-14	11
"K_5514 Ibestad"	"1963"	3192	53	34	19	57	117	-60	-41
"K_5514 Ibestad"	"1964"	3294	53	50	3	69	128	-59	-56
"K_5514 Ibestad"	"1965"	3238	55	36	19	68	147	-79	-60
"K_5514 Ibestad"	"1966"	3178	68	34	34	88	153	-65	-17
"K_5514 Ibestad"	"1967"	3161	53	39	14	118	124	-6	8
"K_5514 Ibestad"	"1968"	3169	44	33	11	69	128	-59	-65
"K_5514 Ibestad"	"1969"	3104	41	30	11	74	150	-76	-68
"K_5514 Ibestad"	"1970"	3036	46	37	9	74	196	-122	-124
"K_5514 Ibestad"	"1971"	2912	43	39	4	96	111	-15	-9
"K_5514 Ibestad"	"1972"	2903	37	41	-4	92	125	-33	-31
"K_5514 Ibestad"	"1973"	2872	45	27	18	150	148	2	20
"K_5514 Ibestad"	"1974"	2892	34	38	-4	108	152	-44	-49
"K_5514 Ibestad"	"1975"	2843	33	26	7	110	122	-12	-10
"K_5514 Ibestad"	"1976"	2833	37	36	1	87	102	-15	-15
"K_5514 Ibestad"	"1977"	2818	29	35	-6	84	150	-66	-72
"K_5514 Ibestad"	"1978"	2746	29	32	-3	118	120	-2	-4
"K_5514 Ibestad"	"1979"	2742	25	36	-11	107	133	-26	-37
"K_5514 Ibestad"	"1980"	2705	36	36	0	88	115	-27	-27
"K_5514 Ibestad"	"1981"	2678	32	36	-4	93	118	-25	-29
"K_5514 Ibestad"	"1982"	2649	31	37	-6	79	139	-60	-66
"K_5514 Ibestad"	"1983"	2583	28	26	2	68	88	-20	-18
"K_5514 Ibestad"	"1984"	2565	27	22	5	47	89	-42	-37
"K_5514 Ibestad"	"1985"	2528	28	32	-4	61	140	-79	-83
"K_5514 Ibestad"	"1986"	2445	24	24	0	81	139	-58	-61
"K_5514 Ibestad"	"1987"	2384	20	37	-17	82	119	-37	-56
"K_5514 Ibestad"	"1988"	2328	21	31	-10	74	122	-48	-58
"K_5514 Ibestad"	"1989"	2270	21	26	-5	77	112	-35	-41
"K_5514 Ibestad"	"1990"	2229	22	37	-15	82	100	-18	-33
"K_5514 Ibestad"	"1991"	2196	27	33	-6	53	93	-40	-50
"K_5514 Ibestad"	"1992"	2146	23	28	-5	93	93	0	-2
"K_5514 Ibestad"	"1993"	2144	14	29	-15	74	98	-24	-38
"K_5514 Ibestad"	"1994"	2106	18	35	-17	81	114	-33	-50
"K_5514 Ibestad"	"1995"	2056	25	36	-11	103	110	-7	-17
"K_5514 Ibestad"	"1996"	2039	17	42	-25	57	115	-58	-83
"K_5514 Ibestad"	"1997"	1956	18	26	-8	54	103	-49	-57
"K_5514 Ibestad"	"1998"	1899	13	47	-34	59	119	-60	-91
"K_5514 Ibestad"	"1999"	1808	16	27	-11	51	85	-34	-45
"K_5514 Ibestad"	"2000"	1763	13	40	-27	81	93	-12	-39
"K_5514 Ibestad"	"2001"	1724	15	34	-19	81	70	11	-9
"K_5514 Ibestad"	"2002"	1715	12	34	-22	69	73	-4	-26
"K_5514 Ibestad"	"2003"	1689	15	35	-20	106	79	27	7
"K_5514 Ibestad"	"2004"	1696	7	31	-24	49	72	-23	-47
"K_5514 Ibestad"	"2005"	1649	8	27	-19	59	59	0	-19
"K_5514 Ibestad"	"2006"	1630	10	28	-18	52	90	-38	-56
"K_5514 Ibestad"	"2007"	1574	10	33	-23	50	90	-40	-63
"K_5514 Ibestad"	"2008"	1511	7	34	-27	35	78	-43	-71
"K_5514 Ibestad"	"2009"	1440	9	38	-29	48	51	-3	-32
"K_5514 Ibestad"	"2010"	1408	7	25	-18	96	67	29	11
"K_5514 Ibestad"	"2011"	1419	10	27	-17	77	69	8	-9
"K_5514 Ibestad"	"2012"	1410	6	19	-13	71	46	25	11
"K_5514 Ibestad"	"2013"	1421	14	24	-10	81	56	25	15
"K_5514 Ibestad"	"2014"	1436	7	32	-25	65	66	-1	-26
"K_5514 Ibestad"	"2015"	1410	5	23	-18	73	62	11	-7
"K_5514 Ibestad"	"2016"	1403	10	17	-7	72	74	-2	-9
"K_5514 Ibestad"	"2017"	1394	9	20	-11	81	84	-3	-14
"K_5514 Ibestad"	"2018"	1380	7	20	-13	79	71	8	-5
"K_5514 Ibestad"	"2019"	1375	6	21	-15	65	65	0	-14
"K_5514 Ibestad"	"2020"	1361	3	16	-13	44	72	-28	-41
"K_5514 Ibestad"	"2021"	1320	3	20	-17	57	70	-13	-31
"K_5514 Ibestad"	"2022"	1289	6	24	-18	75	67	8	-10
"K_5514 Ibestad"	"2023"	1279	5	21	-16	103	55	48	32
"K_5514 Ibestad"	"2024"	1311	..	..	..	..	..	..	..
"K_5516 Gratangen - Rivtták"	"1951"	2200	56	21	35	43	84	-41	-6
"K_5516 Gratangen - Rivtták"	"1952"	2194	45	23	22	58	52	6	28
"K_5516 Gratangen - Rivtták"	"1953"	2222	52	17	35	32	74	-42	-7
"K_5516 Gratangen - Rivtták"	"1954"	2215	41	18	23	38	56	-18	5
"K_5516 Gratangen - Rivtták"	"1955"	2220	40	18	22	45	57	-12	-13
"K_5516 Gratangen - Rivtták"	"1956"	2207	41	19	22	18	85	-67	-45
"K_5516 Gratangen - Rivtták"	"1957"	2162	40	13	27	47	96	-49	-22
"K_5516 Gratangen - Rivtták"	"1958"	2140	38	24	14	49	57	-8	6
"K_5516 Gratangen - Rivtták"	"1959"	2146	46	21	25	37	74	-37	-12
"K_5516 Gratangen - Rivtták"	"1960"	2134	45	17	28	59	139	-80	-31
"K_5516 Gratangen - Rivtták"	"1961"	2103	37	23	14	29	74	-45	-31
"K_5516 Gratangen - Rivtták"	"1962"	2072	40	16	24	63	82	-19	5
"K_5516 Gratangen - Rivtták"	"1963"	2077	43	16	27	42	89	-47	-20
"K_5516 Gratangen - Rivtták"	"1964"	2057	46	28	18	46	70	-24	-6
"K_5516 Gratangen - Rivtták"	"1965"	2051	36	18	18	62	69	-7	11
"K_5516 Gratangen - Rivtták"	"1966"	2062	28	20	8	86	133	-47	-84
"K_5516 Gratangen - Rivtták"	"1967"	1978	31	6	25	69	100	-31	-6
"K_5516 Gratangen - Rivtták"	"1968"	1972	33	21	12	52	88	-36	-14
"K_5516 Gratangen - Rivtták"	"1969"	1958	30	17	13	66	100	-34	-15
"K_5516 Gratangen - Rivtták"	"1970"	1943	21	23	-2	68	134	-66	-65
"K_5516 Gratangen - Rivtták"	"1971"	1878	33	25	8	54	116	-62	-42
"K_5516 Gratangen - Rivtták"	"1972"	1836	24	25	-1	46	64	-18	-22
"K_5516 Gratangen - Rivtták"	"1973"	1814	24	28	-4	86	86	0	-4
"K_5516 Gratangen - Rivtták"	"1974"	1810	21	28	-7	66	99	-33	-37
"K_5516 Gratangen - Rivtták"	"1975"	1773	8	26	-18	70	63	7	-15
"K_5516 Gratangen - Rivtták"	"1976"	1758	19	18	1	58	65	-7	-6
"K_5516 Gratangen - Rivtták"	"1977"	1752	18	21	-3	74	73	1	-1
"K_5516 Gratangen - Rivtták"	"1978"	1751	17	24	-7	62	80	-18	-25
"K_5516 Gratangen - Rivtták"	"1979"	1726	12	24	-12	68	70	-2	-14
"K_5516 Gratangen - Rivtták"	"1980"	1712	13	14	-1	46	62	-16	-17
"K_5516 Gratangen - Rivtták"	"1981"	1695	21	21	0	54	63	-9	-9
"K_5516 Gratangen - Rivtták"	"1982"	1686	20	25	-5	69	75	-6	-12
"K_5516 Gratangen - Rivtták"	"1983"	1674	25	21	4	57	53	4	7
"K_5516 Gratangen - Rivtták"	"1984"	1681	17	32	-15	41	65	-24	-36
"K_5516 Gratangen - Rivtták"	"1985"	1645	14	22	-8	36	61	-25	-33
"K_5516 Gratangen - Rivtták"	"1986"	1612	24	7	17	9	89	-80	-63
"K_5516 Gratangen - Rivtták"	"1987"	1549	11	26	-15	54	65	-11	-9
"K_5516 Gratangen - Rivtták"	"1988"	1540	19	25	-6	45	95	-50	-49
"K_5516 Gratangen - Rivtták"	"1989"	1491	24	30	-6	64	54	10	-8
"K_5516 Gratangen - Rivtták"	"1990"	1483	22	19	3	71	86	-15	-13
"K_5516 Gratangen - Rivtták"	"1991"	1470	19	23	-4	81	79	2	-2
"K_5516 Gratangen - Rivtták"	"1992"	1468	12	18	-6	70	85	-15	-20
"K_5516 Gratangen - Rivtták"	"1993"	1448	18	27	-9	165	124	41	29
"K_5516 Gratangen - Rivtták"	"1994"	1477	16	26	-10	58	110	-52	-61
"K_5516 Gratangen - Rivtták"	"1995"	1416	21	22	-1	60	71	-11	-13
"K_5516 Gratangen - Rivtták"	"1996"	1403	6	21	-15	58	66	-8	-23
"K_5516 Gratangen - Rivtták"	"1997"	1380	12	21	-9	61	92	-31	-40
"K_5516 Gratangen - Rivtták"	"1998"	1340	15	26	-11	87	91	-4	-11
"K_5516 Gratangen - Rivtták"	"1999"	1329	14	26	-12	119	90	29	16
"K_5516 Gratangen - Rivtták"	"2000"	1345	11	22	-11	93	119	-26	-38
"K_5516 Gratangen - Rivtták"	"2001"	1307	15	28	-13	91	71	20	9
"K_5516 Gratangen - Rivtták"	"2002"	1316	17	23	-6	59	68	-9	-14
"K_5516 Gratangen - Rivtták"	"2003"	1302	7	18	-11	51	60	-9	-20
"K_5516 Gratangen - Rivtták"	"2004"	1282	20	13	7	46	67	-21	-14
"K_5516 Gratangen - Rivtták"	"2005"	1268	10	24	-14	71	80	-9	-23
"K_5516 Gratangen - Rivtták"	"2006"	1245	10	27	-17	67	69	-2	-19
"K_5516 Gratangen - Rivtták"	"2007"	1226	12	19	-7	45	96	-51	-58
"K_5516 Gratangen - Rivtták"	"2008"	1168	7	8	-1	56	71	-15	-17
"K_5516 Gratangen - Rivtták"	"2009"	1151	7	19	-12	87	76	11	-1
"K_5516 Gratangen - Rivtták"	"2010"	1150	6	21	-15	49	69	-20	-35
"K_5516 Gratangen - Rivtták"	"2011"	1115	7	11	-4	76	51	25	21
"K_5516 Gratangen - Rivtták"	"2012"	1136	13	15	-2	60	77	-17	-17
"K_5516 Gratangen - Rivtták"	"2013"	1119	4	16	-12	70	44	26	16
"K_5516 Gratangen - Rivtták"	"2014"	1135	17	13	4	61	63	-2	2
"K_5516 Gratangen - Rivtták"	"2015"	1137	10	13	-3	60	58	2	0
"K_5516 Gratangen - Rivtták"	"2016"	1137	9	19	-10	61	67	-6	-16
"K_5516 Gratangen - Rivtták"	"2017"	1121	6	17	-11	78	71	7	-4
"K_5516 Gratangen - Rivtták"	"2018"	1117	5	11	-6	70	77	-7	-12
"K_5516 Gratangen - Rivtták"	"2019"	1105	10	13	-3	70	81	-11	-14
"K_5516 Gratangen - Rivtták"	"2020"	1091	8	16	-8	76	66	10	1
"K_5516 Gratangen - Rivtták"	"2021"	1092	5	18	-13	76	86	-10	-22
"K_5516 Gratangen - Rivtták"	"2022"	1070	7	12	-5	74	60	14	9
"K_5516 Gratangen - Rivtták"	"2023"	1079	5	12	-7	68	70	-2	-9
"K_5516 Gratangen - Rivtták"	"2024"	1070	..	..	..	..	..	..	..
"K_5518 Loabák - Lavangen"	"1951"	1780	28	13	15	26	71	-45	-30
"K_5518 Loabák - Lavangen"	"1952"	1750	37	10	27	27	46	-19	8
"K_5518 Loabák - Lavangen"	"1953"	1758	29	13	16	46	36	10	26
"K_5518 Loabák - Lavangen"	"1954"	1784	42	18	24	22	58	-36	-12
"K_5518 Loabák - Lavangen"	"1955"	1772	27	16	11	31	62	-31	-10
"K_5518 Loabák - Lavangen"	"1956"	1762	48	11	37	32	49	-17	20
"K_5518 Loabák - Lavangen"	"1957"	1782	34	12	22	41	86	-45	-23
"K_5518 Loabák - Lavangen"	"1958"	1759	22	17	5	33	59	-26	-21
"K_5518 Loabák - Lavangen"	"1959"	1738	26	12	14	16	65	-49	-35
"K_5518 Loabák - Lavangen"	"1960"	1703	37	19	18	52	93	-41	-5
"K_5518 Loabák - Lavangen"	"1961"	1698	31	14	17	41	38	3	20
"K_5518 Loabák - Lavangen"	"1962"	1718	28	13	15	19	73	-54	-39
"K_5518 Loabák - Lavangen"	"1963"	1679	35	9	26	37	65	-28	-2
"K_5518 Loabák - Lavangen"	"1964"	0	0	0	0	0	0	0	0
"K_5518 Loabák - Lavangen"	"1965"	0	0	0	0	0	0	0	0
"K_5518 Loabák - Lavangen"	"1966"	0	0	0	0	0	0	0	0
"K_5518 Loabák - Lavangen"	"1967"	0	0	0	0	0	0	0	0
"K_5518 Loabák - Lavangen"	"1968"	0	0	0	0	0	0	0	0
"K_5518 Loabák - Lavangen"	"1969"	0	0	0	0	0	0	0	0
"K_5518 Loabák - Lavangen"	"1970"	0	0	0	0	0	0	0	0
"K_5518 Loabák - Lavangen"	"1971"	0	0	0	0	0	0	0	0
"K_5518 Loabák - Lavangen"	"1972"	0	0	0	0	0	0	0	0
"K_5518 Loabák - Lavangen"	"1973"	0	0	0	0	0	0	0	0
"K_5518 Loabák - Lavangen"	"1974"	0	0	0	0	0	0	0	0
"K_5518 Loabák - Lavangen"	"1975"	0	0	0	0	0	0	0	0
"K_5518 Loabák - Lavangen"	"1976"	0	0	0	0	0	0	0	0
"K_5518 Loabák - Lavangen"	"1977"	1285	12	14	-2	47	49	-2	-4
"K_5518 Loabák - Lavangen"	"1978"	1281	15	10	5	80	52	28	32
"K_5518 Loabák - Lavangen"	"1979"	1313	13	9	4	39	61	-22	-18
"K_5518 Loabák - Lavangen"	"1980"	1295	9	21	-12	36	39	-3	-15
"K_5518 Loabák - Lavangen"	"1981"	1280	11	18	-7	48	67	-19	-26
"K_5518 Loabák - Lavangen"	"1982"	1254	15	21	-6	33	45	-12	-18
"K_5518 Loabák - Lavangen"	"1983"	1236	20	17	3	43	63	-20	-18
"K_5518 Loabák - Lavangen"	"1984"	1218	13	9	4	52	46	6	10
"K_5518 Loabák - Lavangen"	"1985"	1228	10	15	-5	24	57	-33	-36
"K_5518 Loabák - Lavangen"	"1986"	1192	10	12	-2	37	63	-26	-31
"K_5518 Loabák - Lavangen"	"1987"	1161	14	13	1	66	52	14	12
"K_5518 Loabák - Lavangen"	"1988"	1173	13	17	-4	58	72	-14	-22
"K_5518 Loabák - Lavangen"	"1989"	1151	11	16	-5	66	64	2	-2
"K_5518 Loabák - Lavangen"	"1990"	1149	9	8	1	40	45	-5	-4
"K_5518 Loabák - Lavangen"	"1991"	1145	17	11	6	37	60	-23	-13
"K_5518 Loabák - Lavangen"	"1992"	1132	9	14	-5	50	39	11	1
"K_5518 Loabák - Lavangen"	"1993"	1133	17	25	-8	33	37	-4	-10
"K_5518 Loabák - Lavangen"	"1994"	1123	11	21	-10	51	45	6	-6
"K_5518 Loabák - Lavangen"	"1995"	1117	15	10	5	56	56	0	6
"K_5518 Loabák - Lavangen"	"1996"	1123	15	14	1	26	60	-34	-33
"K_5518 Loabák - Lavangen"	"1997"	1090	4	12	-8	35	57	-22	-30
"K_5518 Loabák - Lavangen"	"1998"	1060	15	21	-6	73	57	16	10
"K_5518 Loabák - Lavangen"	"1999"	1070	6	18	-12	48	54	-6	-18
"K_5518 Loabák - Lavangen"	"2000"	1052	13	19	-6	40	55	-15	-21
"K_5518 Loabák - Lavangen"	"2001"	1031	11	14	-3	69	47	22	19
"K_5518 Loabák - Lavangen"	"2002"	1050	7	12	-5	56	32	24	19
"K_5518 Loabák - Lavangen"	"2003"	1069	17	15	2	38	46	-8	-6
"K_5518 Loabák - Lavangen"	"2004"	1063	9	14	-5	31	60	-29	-34
"K_5518 Loabák - Lavangen"	"2005"	1029	13	14	-1	48	41	7	6
"K_5518 Loabák - Lavangen"	"2006"	1035	12	11	1	31	56	-25	-24
"K_5518 Loabák - Lavangen"	"2007"	1011	8	10	-2	38	37	1	-1
"K_5518 Loabák - Lavangen"	"2008"	1010	14	15	-1	44	30	14	13
"K_5518 Loabák - Lavangen"	"2009"	1023	13	14	-1	28	32	-4	-11
"K_5518 Loabák - Lavangen"	"2010"	1012	12	15	-3	39	45	-6	-9
"K_5518 Loabák - Lavangen"	"2011"	1003	14	20	-6	52	33	19	13
"K_5518 Loabák - Lavangen"	"2012"	1016	11	19	-8	37	33	4	-4
"K_5518 Loabák - Lavangen"	"2013"	1012	12	16	-4	51	45	6	2
"K_5518 Loabák - Lavangen"	"2014"	1014	9	10	-1	38	42	-4	-6
"K_5518 Loabák - Lavangen"	"2015"	1008	5	12	-7	95	46	49	43
"K_5518 Loabák - Lavangen"	"2016"	1051	11	9	2	58	34	24	25
"K_5518 Loabák - Lavangen"	"2017"	1076	8	13	-5	43	56	-13	-15
"K_5518 Loabák - Lavangen"	"2018"	1061	5	16	-11	31	37	-6	-19
"K_5518 Loabák - Lavangen"	"2019"	1042	7	8	-1	26	33	-7	-8
"K_5518 Loabák - Lavangen"	"2020"	1034	7	10	-3	20	31	-11	-14
"K_5518 Loabák - Lavangen"	"2021"	1020	4	20	-16	28	62	-34	-50
"K_5518 Loabák - Lavangen"	"2022"	970	8	14	-6	52	33	19	13
"K_5518 Loabák - Lavangen"	"2023"	983	8	12	-4	59	52	7	3
"K_5518 Loabák - Lavangen"	"2024"	986	..	..	..	..	..	..	..
"K_5520 Bardu"	"1951"	2509	74	17	57	73	91	-18	39
"K_5520 Bardu"	"1952"	2548	76	23	53	60	70	-10	43
"K_5520 Bardu"	"1953"	2591	78	19	59	88	66	22	81
"K_5520 Bardu"	"1954"	2672	62	14	48	138	97	41	89
"K_5520 Bardu"	"1955"	2761	83	20	63	195	96	99	184
"K_5520 Bardu"	"1956"	2945	81	22	59	285	102	183	242
"K_5520 Bardu"	"1957"	3187	89	29	60	396	225	171	231
"K_5520 Bardu"	"1958"	3418	81	15	66	303	294	9	75
"K_5520 Bardu"	"1959"	3493	80	18	62	309	249	60	122
"K_5520 Bardu"	"1960"	3615	94	17	77	357	354	3	37
"K_5520 Bardu"	"1961"	3652	69	17	52	214	291	-77	-25
"K_5520 Bardu"	"1962"	3627	86	20	66	363	348	15	81
"K_5520 Bardu"	"1963"	3708	104	26	78	399	320	79	157
"K_5520 Bardu"	"1964"	3865	105	24	81	338	341	-3	78
"K_5520 Bardu"	"1965"	3943	106	27	79	319	395	-76	3
"K_5520 Bardu"	"1966"	3946	103	22	81	366	446	-80	-3
"K_5520 Bardu"	"1967"	3943	98	22	76	372	465	-93	-17
"K_5520 Bardu"	"1968"	3926	91	24	67	396	500	-104	-39
"K_5520 Bardu"	"1969"	3887	102	27	75	375	421	-46	34
"K_5520 Bardu"	"1970"	3921	84	24	60	500	556	-56	2
"K_5520 Bardu"	"1971"	3923	98	28	70	408	435	-27	44
"K_5520 Bardu"	"1972"	3967	91	31	60	406	473	-67	-9
"K_5520 Bardu"	"1973"	3958	74	37	37	455	464	-9	29
"K_5520 Bardu"	"1974"	3987	81	29	52	404	436	-32	20
"K_5520 Bardu"	"1975"	4007	69	36	33	427	454	-27	3
"K_5520 Bardu"	"1976"	4010	77	27	50	395	466	-71	-24
"K_5520 Bardu"	"1977"	3986	77	30	47	504	462	42	88
"K_5520 Bardu"	"1978"	4074	58	21	37	349	448	-99	-62
"K_5520 Bardu"	"1979"	4012	66	34	32	341	340	1	31
"K_5520 Bardu"	"1980"	4043	70	22	48	356	389	-33	15
"K_5520 Bardu"	"1981"	4058	69	25	44	316	373	-57	-12
"K_5520 Bardu"	"1982"	4046	54	19	35	370	381	-11	22
"K_5520 Bardu"	"1983"	4068	61	24	37	384	335	49	87
"K_5520 Bardu"	"1984"	4155	57	29	28	311	431	-120	-92
"K_5520 Bardu"	"1985"	4063	56	34	22	355	391	-36	-15
"K_5520 Bardu"	"1986"	4048	51	27	24	299	402	-103	-79
"K_5520 Bardu"	"1987"	3969	48	34	14	334	424	-90	-75
"K_5520 Bardu"	"1988"	3894	58	36	22	283	343	-60	-40
"K_5520 Bardu"	"1989"	3854	56	28	28	356	348	8	36
"K_5520 Bardu"	"1990"	3890	61	31	30	301	392	-91	-62
"K_5520 Bardu"	"1991"	3828	47	37	10	283	266	17	32
"K_5520 Bardu"	"1992"	3860	70	21	49	247	309	-62	-18
"K_5520 Bardu"	"1993"	3842	51	41	10	267	316	-49	-38
"K_5520 Bardu"	"1994"	3804	59	29	30	254	259	-5	28
"K_5520 Bardu"	"1995"	3832	70	36	34	309	279	30	58
"K_5520 Bardu"	"1996"	3890	67	38	29	277	317	-40	-11
"K_5520 Bardu"	"1997"	3879	45	30	15	213	337	-124	-109
"K_5520 Bardu"	"1998"	3770	56	29	27	287	292	-5	24
"K_5520 Bardu"	"1999"	3794	60	30	30	385	321	64	95
"K_5520 Bardu"	"2000"	3889	52	36	16	308	367	-59	-44
"K_5520 Bardu"	"2001"	3845	59	29	30	315	389	-74	-46
"K_5520 Bardu"	"2002"	3799	49	31	18	367	343	24	42
"K_5520 Bardu"	"2003"	3841	39	33	6	327	318	9	14
"K_5520 Bardu"	"2004"	3855	45	24	21	305	307	-2	19
"K_5520 Bardu"	"2005"	3874	53	35	18	220	305	-85	-75
"K_5520 Bardu"	"2006"	3799	67	33	34	358	271	87	121
"K_5520 Bardu"	"2007"	3920	55	20	35	348	309	39	74
"K_5520 Bardu"	"2008"	3994	52	33	19	313	344	-31	-13
"K_5520 Bardu"	"2009"	3981	61	26	35	265	332	-67	-32
"K_5520 Bardu"	"2010"	3949	38	30	8	296	315	-19	-7
"K_5520 Bardu"	"2011"	3942	70	40	30	216	311	-95	-67
"K_5520 Bardu"	"2012"	3875	45	28	17	335	290	45	58
"K_5520 Bardu"	"2013"	3933	54	36	18	356	322	34	52
"K_5520 Bardu"	"2014"	3985	39	35	4	455	365	90	93
"K_5520 Bardu"	"2015"	4078	41	44	-3	339	397	-58	-59
"K_5520 Bardu"	"2016"	4019	45	37	8	372	405	-33	-25
"K_5520 Bardu"	"2017"	3994	41	41	0	355	369	-14	-15
"K_5520 Bardu"	"2018"	3979	40	30	10	389	348	41	51
"K_5520 Bardu"	"2019"	4030	33	31	2	316	343	-27	-25
"K_5520 Bardu"	"2020"	4005	39	37	2	324	369	-45	-46
"K_5520 Bardu"	"2021"	3959	41	34	7	402	378	24	34
"K_5520 Bardu"	"2022"	3993	30	37	-7	407	445	-38	-44
"K_5520 Bardu"	"2023"	3949	39	35	4	508	475	33	37
"K_5520 Bardu"	"2024"	3986	..	..	..	..	..	..	..
"K_5522 Salangen"	"1951"	0	0	0	0	0	0	0	0
"K_5522 Salangen"	"1952"	0	0	0	0	0	0	0	0
"K_5522 Salangen"	"1953"	0	0	0	0	0	0	0	0
"K_5522 Salangen"	"1954"	0	0	0	0	0	0	0	0
"K_5522 Salangen"	"1955"	0	0	0	0	0	0	0	0
"K_5522 Salangen"	"1956"	0	0	0	0	0	0	0	0
"K_5522 Salangen"	"1957"	0	0	0	0	0	0	0	0
"K_5522 Salangen"	"1958"	0	0	0	0	0	0	0	0
"K_5522 Salangen"	"1959"	0	0	0	0	0	0	0	0
"K_5522 Salangen"	"1960"	0	0	0	0	0	0	0	0
"K_5522 Salangen"	"1961"	0	0	0	0	0	0	0	0
"K_5522 Salangen"	"1962"	0	0	0	0	0	0	0	0
"K_5522 Salangen"	"1963"	0	0	0	0	0	0	0	0
"K_5522 Salangen"	"1964"	0	0	0	0	0	0	0	0
"K_5522 Salangen"	"1965"	0	0	0	0	0	0	0	0
"K_5522 Salangen"	"1966"	0	0	0	0	0	0	0	0
"K_5522 Salangen"	"1967"	0	0	0	0	0	0	0	0
"K_5522 Salangen"	"1968"	0	0	0	0	0	0	0	0
"K_5522 Salangen"	"1969"	0	0	0	0	0	0	0	0
"K_5522 Salangen"	"1970"	0	0	0	0	0	0	0	0
"K_5522 Salangen"	"1971"	0	0	0	0	0	0	0	0
"K_5522 Salangen"	"1972"	0	0	0	0	0	0	0	0
"K_5522 Salangen"	"1973"	0	0	0	0	0	0	0	0
"K_5522 Salangen"	"1974"	0	0	0	0	0	0	0	0
"K_5522 Salangen"	"1975"	0	0	0	0	0	0	0	0
"K_5522 Salangen"	"1976"	0	0	0	0	0	0	0	0
"K_5522 Salangen"	"1977"	2460	21	37	-16	112	95	17	0
"K_5522 Salangen"	"1978"	2460	28	49	-21	145	134	11	-9
"K_5522 Salangen"	"1979"	2451	31	29	2	93	85	8	11
"K_5522 Salangen"	"1980"	2462	29	31	-2	127	80	47	45
"K_5522 Salangen"	"1981"	2507	30	31	-1	123	107	16	16
"K_5522 Salangen"	"1982"	2523	35	34	1	119	115	4	5
"K_5522 Salangen"	"1983"	2528	41	33	8	107	96	11	19
"K_5522 Salangen"	"1984"	2547	30	29	1	87	89	-2	1
"K_5522 Salangen"	"1985"	2548	28	43	-15	99	104	-5	-22
"K_5522 Salangen"	"1986"	2526	26	29	-3	91	90	1	-2
"K_5522 Salangen"	"1987"	2524	28	34	-6	122	94	28	18
"K_5522 Salangen"	"1988"	2542	19	39	-20	112	133	-21	-40
"K_5522 Salangen"	"1989"	2502	29	31	-2	229	147	82	84
"K_5522 Salangen"	"1990"	2586	30	39	-9	163	191	-28	-37
"K_5522 Salangen"	"1991"	2549	26	38	-12	247	151	96	82
"K_5522 Salangen"	"1992"	2631	36	32	4	177	278	-101	-95
"K_5522 Salangen"	"1993"	2536	30	33	-3	217	175	42	39
"K_5522 Salangen"	"1994"	2575	34	36	-2	115	186	-71	-70
"K_5522 Salangen"	"1995"	2505	33	37	-4	123	165	-42	-44
"K_5522 Salangen"	"1996"	2461	36	33	3	170	186	-16	-11
"K_5522 Salangen"	"1997"	2450	23	22	1	102	167	-65	-65
"K_5522 Salangen"	"1998"	2385	30	30	0	131	138	-7	-1
"K_5522 Salangen"	"1999"	2384	30	33	-3	116	150	-34	-38
"K_5522 Salangen"	"2000"	2346	30	26	4	158	150	8	12
"K_5522 Salangen"	"2001"	2358	30	43	-13	109	150	-41	-55
"K_5522 Salangen"	"2002"	2303	15	34	-19	111	137	-26	-43
"K_5522 Salangen"	"2003"	2260	24	28	-4	146	138	8	5
"K_5522 Salangen"	"2004"	2265	17	26	-9	115	126	-11	-21
"K_5522 Salangen"	"2005"	2244	17	20	-3	136	114	22	19
"K_5522 Salangen"	"2006"	2263	27	25	2	117	150	-33	-31
"K_5522 Salangen"	"2007"	2232	19	30	-11	129	182	-53	-63
"K_5522 Salangen"	"2008"	2169	21	20	1	176	141	35	34
"K_5522 Salangen"	"2009"	2203	18	30	-12	146	126	20	8
"K_5522 Salangen"	"2010"	2211	23	30	-7	148	173	-25	-32
"K_5522 Salangen"	"2011"	2179	22	14	8	160	133	27	35
"K_5522 Salangen"	"2012"	2214	12	32	-20	163	137	26	6
"K_5522 Salangen"	"2013"	2220	17	23	-6	182	173	9	3
"K_5522 Salangen"	"2014"	2223	11	20	-9	174	169	5	-4
"K_5522 Salangen"	"2015"	2219	16	19	-3	219	207	12	11
"K_5522 Salangen"	"2016"	2230	22	19	3	172	185	-13	-10
"K_5522 Salangen"	"2017"	2220	10	23	-13	200	180	20	6
"K_5522 Salangen"	"2018"	2226	12	18	-6	150	190	-40	-43
"K_5522 Salangen"	"2019"	2183	19	21	-2	192	227	-35	-37
"K_5522 Salangen"	"2020"	2146	9	21	-12	154	198	-44	-57
"K_5522 Salangen"	"2021"	2089	19	17	2	152	157	-5	-2
"K_5522 Salangen"	"2022"	2087	12	32	-20	142	157	-15	-39
"K_5522 Salangen"	"2023"	2048	19	26	-7	120	92	28	21
"K_5522 Salangen"	"2024"	2069	..	..	..	..	..	..	..
"K_5524 Målselv"	"1951"	5533	108	41	67	213	186	27	94
"K_5524 Målselv"	"1952"	5627	134	38	96	304	214	90	186
"K_5524 Målselv"	"1953"	5813	142	39	103	183	286	-103	0
"K_5524 Målselv"	"1954"	5813	140	52	88	256	255	1	89
"K_5524 Målselv"	"1955"	5902	163	47	116	316	298	18	128
"K_5524 Målselv"	"1956"	6030	151	47	104	327	309	18	122
"K_5524 Målselv"	"1957"	6152	168	47	121	430	400	30	151
"K_5524 Målselv"	"1958"	6303	164	49	115	403	418	-15	100
"K_5524 Målselv"	"1959"	6403	145	47	98	447	411	36	134
"K_5524 Målselv"	"1960"	6537	173	45	128	671	639	32	181
"K_5524 Målselv"	"1961"	6718	146	49	97	376	488	-112	-15
"K_5524 Målselv"	"1962"	6703	145	54	91	529	534	-5	86
"K_5524 Målselv"	"1963"	6789	172	62	110	521	604	-83	27
"K_5524 Målselv"	"1964"	6936	167	46	121	532	530	2	123
"K_5524 Målselv"	"1965"	7059	175	58	117	783	563	220	337
"K_5524 Målselv"	"1966"	7527	153	51	102	717	756	-39	98
"K_5524 Målselv"	"1967"	7625	171	60	111	767	660	107	218
"K_5524 Målselv"	"1968"	7843	192	55	137	810	897	-87	49
"K_5524 Målselv"	"1969"	7892	167	57	110	820	891	-71	38
"K_5524 Målselv"	"1970"	7930	181	59	122	882	888	-6	95
"K_5524 Målselv"	"1971"	8025	161	49	112	685	811	-126	-22
"K_5524 Målselv"	"1972"	7940	166	53	113	861	808	53	151
"K_5524 Målselv"	"1973"	8091	164	72	92	796	871	-75	15
"K_5524 Målselv"	"1974"	8106	135	50	85	705	771	-66	12
"K_5524 Målselv"	"1975"	8118	116	52	64	762	881	-119	-52
"K_5524 Målselv"	"1976"	8066	118	60	58	691	840	-149	-92
"K_5524 Målselv"	"1977"	7974	94	65	29	774	906	-132	-101
"K_5524 Målselv"	"1978"	7873	117	63	54	604	817	-213	-161
"K_5524 Målselv"	"1979"	7712	116	51	65	644	755	-111	-44
"K_5524 Målselv"	"1980"	7668	114	53	61	756	705	51	109
"K_5524 Målselv"	"1981"	7777	113	72	41	702	767	-65	-21
"K_5524 Målselv"	"1982"	7756	106	72	34	790	766	24	57
"K_5524 Målselv"	"1983"	7813	130	59	71	686	757	-71	1
"K_5524 Målselv"	"1984"	7814	120	67	53	681	868	-187	-135
"K_5524 Målselv"	"1985"	7679	110	69	41	611	833	-222	-180
"K_5524 Målselv"	"1986"	7499	115	68	47	689	838	-149	-105
"K_5524 Målselv"	"1987"	7394	120	67	53	760	798	-38	19
"K_5524 Målselv"	"1988"	7413	133	68	65	651	698	-47	15
"K_5524 Målselv"	"1989"	7428	120	68	52	687	749	-62	-8
"K_5524 Målselv"	"1990"	7420	125	74	51	687	775	-88	-41
"K_5524 Målselv"	"1991"	7379	123	65	58	682	723	-41	28
"K_5524 Målselv"	"1992"	7407	129	61	68	569	690	-121	-65
"K_5524 Målselv"	"1993"	7342	117	69	48	502	685	-183	-128
"K_5524 Målselv"	"1994"	7214	117	64	53	420	492	-72	-12
"K_5524 Målselv"	"1995"	7202	122	79	43	546	604	-58	-29
"K_5524 Målselv"	"1996"	7173	102	54	48	591	624	-33	-3
"K_5524 Målselv"	"1997"	7170	128	69	59	464	618	-154	-97
"K_5524 Målselv"	"1998"	7073	123	63	60	494	590	-96	-36
"K_5524 Målselv"	"1999"	7037	96	62	34	537	558	-21	17
"K_5524 Målselv"	"2000"	7054	87	53	34	537	609	-72	-43
"K_5524 Målselv"	"2001"	7011	104	83	21	473	650	-177	-155
"K_5524 Målselv"	"2002"	6856	100	70	30	512	549	-37	-11
"K_5524 Målselv"	"2003"	6845	91	66	25	437	568	-131	-106
"K_5524 Målselv"	"2004"	6739	83	62	21	436	534	-98	-81
"K_5524 Målselv"	"2005"	6658	83	64	19	348	447	-99	-80
"K_5524 Målselv"	"2006"	6578	74	66	8	431	427	4	12
"K_5524 Målselv"	"2007"	6590	85	44	41	409	435	-26	13
"K_5524 Målselv"	"2008"	6603	66	59	7	342	462	-120	-113
"K_5524 Målselv"	"2009"	6490	70	60	10	418	408	10	20
"K_5524 Målselv"	"2010"	6510	80	57	23	473	442	31	53
"K_5524 Målselv"	"2011"	6563	62	70	-8	494	450	44	36
"K_5524 Målselv"	"2012"	6599	70	62	8	493	470	23	31
"K_5524 Målselv"	"2013"	6630	71	51	20	488	503	-15	4
"K_5524 Målselv"	"2014"	6634	72	64	8	489	441	48	59
"K_5524 Målselv"	"2015"	6693	76	50	26	497	477	20	48
"K_5524 Målselv"	"2016"	6741	67	64	3	498	461	37	40
"K_5524 Målselv"	"2017"	6781	73	56	17	525	525	0	17
"K_5524 Målselv"	"2018"	6798	87	52	35	412	436	-24	7
"K_5524 Målselv"	"2019"	6805	60	68	-8	383	540	-157	-165
"K_5524 Målselv"	"2020"	6640	56	66	-10	461	480	-19	-31
"K_5524 Målselv"	"2021"	6609	56	58	-2	549	562	-13	-10
"K_5524 Målselv"	"2022"	6599	66	77	-11	921	728	193	183
"K_5524 Målselv"	"2023"	6782	54	60	-6	1058	1121	-63	-68
"K_5524 Målselv"	"2024"	6714	..	..	..	..	..	..	..
"K_5526 Sørreisa"	"1951"	2876	53	31	22	87	83	4	26
"K_5526 Sørreisa"	"1952"	2902	55	18	37	50	63	-13	24
"K_5526 Sørreisa"	"1953"	2926	53	16	37	65	73	-8	29
"K_5526 Sørreisa"	"1954"	2955	64	29	35	52	70	-18	17
"K_5526 Sørreisa"	"1955"	2972	68	21	47	51	69	-18	5
"K_5526 Sørreisa"	"1956"	2977	64	23	41	72	123	-51	-10
"K_5526 Sørreisa"	"1957"	2967	60	38	22	115	108	7	29
"K_5526 Sørreisa"	"1958"	2996	59	27	32	74	129	-55	-23
"K_5526 Sørreisa"	"1959"	2973	53	24	29	75	125	-50	-21
"K_5526 Sørreisa"	"1960"	2952	54	33	21	180	175	5	43
"K_5526 Sørreisa"	"1961"	2995	66	22	44	100	108	-8	36
"K_5526 Sørreisa"	"1962"	3031	55	25	30	152	111	41	71
"K_5526 Sørreisa"	"1963"	3102	60	25	35	162	139	23	58
"K_5526 Sørreisa"	"1964"	3031	68	24	44	146	162	-16	28
"K_5526 Sørreisa"	"1965"	3059	61	31	30	147	199	-52	-22
"K_5526 Sørreisa"	"1966"	3037	72	24	48	149	129	20	62
"K_5526 Sørreisa"	"1967"	3099	64	32	32	145	142	3	35
"K_5526 Sørreisa"	"1968"	3134	69	31	38	173	186	-13	28
"K_5526 Sørreisa"	"1969"	3162	67	29	38	128	153	-25	17
"K_5526 Sørreisa"	"1970"	3179	44	22	22	195	256	-61	-48
"K_5526 Sørreisa"	"1971"	3131	64	34	30	222	167	55	92
"K_5526 Sørreisa"	"1972"	3223	65	30	35	226	136	90	125
"K_5526 Sørreisa"	"1973"	3348	61	37	24	182	171	11	33
"K_5526 Sørreisa"	"1974"	3381	55	25	30	176	170	6	34
"K_5526 Sørreisa"	"1975"	3415	56	32	24	192	189	3	29
"K_5526 Sørreisa"	"1976"	3444	47	22	25	182	204	-22	2
"K_5526 Sørreisa"	"1977"	3446	37	27	10	197	216	-19	-12
"K_5526 Sørreisa"	"1978"	3434	50	26	24	225	222	3	30
"K_5526 Sørreisa"	"1979"	3464	47	27	20	160	181	-21	0
"K_5526 Sørreisa"	"1980"	3464	44	27	17	185	158	27	44
"K_5526 Sørreisa"	"1981"	3508	32	35	-3	198	178	20	18
"K_5526 Sørreisa"	"1982"	3526	56	33	23	175	199	-24	0
"K_5526 Sørreisa"	"1983"	3526	41	37	4	183	200	-17	-14
"K_5526 Sørreisa"	"1984"	3512	49	44	5	203	197	6	11
"K_5526 Sørreisa"	"1985"	3523	44	37	7	129	186	-57	-51
"K_5526 Sørreisa"	"1986"	3472	35	34	1	187	240	-53	-58
"K_5526 Sørreisa"	"1987"	3414	44	33	11	166	188	-22	-3
"K_5526 Sørreisa"	"1988"	3411	42	36	6	196	161	35	36
"K_5526 Sørreisa"	"1989"	3447	41	35	6	198	215	-17	-9
"K_5526 Sørreisa"	"1990"	3438	43	36	7	166	229	-63	-54
"K_5526 Sørreisa"	"1991"	3384	45	33	12	192	197	-5	10
"K_5526 Sørreisa"	"1992"	3394	50	27	23	181	153	28	48
"K_5526 Sørreisa"	"1993"	3442	54	22	32	170	165	5	36
"K_5526 Sørreisa"	"1994"	3478	52	30	22	184	213	-29	-5
"K_5526 Sørreisa"	"1995"	3473	57	40	17	188	241	-53	-35
"K_5526 Sørreisa"	"1996"	3438	43	31	12	168	229	-61	-47
"K_5526 Sørreisa"	"1997"	3391	40	35	5	172	215	-43	-38
"K_5526 Sørreisa"	"1998"	3353	41	42	-1	188	235	-47	-52
"K_5526 Sørreisa"	"1999"	3301	43	41	2	212	221	-9	-7
"K_5526 Sørreisa"	"2000"	3294	45	28	17	192	226	-34	-17
"K_5526 Sørreisa"	"2001"	3277	33	35	-2	217	194	23	21
"K_5526 Sørreisa"	"2002"	3298	42	38	4	200	191	9	14
"K_5526 Sørreisa"	"2003"	3312	31	34	-3	190	174	16	14
"K_5526 Sørreisa"	"2004"	3326	47	40	7	198	200	-2	4
"K_5526 Sørreisa"	"2005"	3330	38	26	12	142	163	-21	-8
"K_5526 Sørreisa"	"2006"	3322	29	22	7	173	189	-16	-7
"K_5526 Sørreisa"	"2007"	3315	33	36	-3	205	205	0	-3
"K_5526 Sørreisa"	"2008"	3312	36	26	10	186	148	38	48
"K_5526 Sørreisa"	"2009"	3360	34	37	-3	158	149	9	6
"K_5526 Sørreisa"	"2010"	3366	34	31	3	156	153	3	5
"K_5526 Sørreisa"	"2011"	3371	33	41	-8	163	144	19	10
"K_5526 Sørreisa"	"2012"	3381	42	32	10	203	189	14	26
"K_5526 Sørreisa"	"2013"	3407	28	24	4	199	160	39	43
"K_5526 Sørreisa"	"2014"	3450	40	23	17	192	208	-16	1
"K_5526 Sørreisa"	"2015"	3451	26	30	-4	182	175	7	1
"K_5526 Sørreisa"	"2016"	3452	31	33	-2	193	146	47	44
"K_5526 Sørreisa"	"2017"	3496	31	35	-4	198	197	1	-2
"K_5526 Sørreisa"	"2018"	3494	31	19	12	178	194	-16	-5
"K_5526 Sørreisa"	"2019"	3489	24	26	-2	169	193	-24	-25
"K_5526 Sørreisa"	"2020"	3464	29	34	-5	217	211	6	1
"K_5526 Sørreisa"	"2021"	3465	27	32	-5	214	259	-45	-51
"K_5526 Sørreisa"	"2022"	3414	24	34	-10	246	220	26	14
"K_5526 Sørreisa"	"2023"	3428	34	21	13	266	225	41	57
"K_5526 Sørreisa"	"2024"	3485	..	..	..	..	..	..	..
"K_5528 Dyrøy"	"1951"	2120	30	15	15	40	73	-33	-18
"K_5528 Dyrøy"	"1952"	2102	45	15	30	34	45	-11	19
"K_5528 Dyrøy"	"1953"	2121	48	21	27	30	75	-45	-18
"K_5528 Dyrøy"	"1954"	2103	49	22	27	29	80	-51	-24
"K_5528 Dyrøy"	"1955"	2079	35	27	8	27	100	-73	-45
"K_5528 Dyrøy"	"1956"	2034	29	22	7	61	95	-34	-27
"K_5528 Dyrøy"	"1957"	2007	36	16	20	68	83	-15	5
"K_5528 Dyrøy"	"1958"	2012	29	27	2	46	59	-13	-11
"K_5528 Dyrøy"	"1959"	2001	72	12	60	46	58	-12	48
"K_5528 Dyrøy"	"1960"	2049	32	24	8	51	97	-46	-70
"K_5528 Dyrøy"	"1961"	1979	28	23	5	50	73	-23	-18
"K_5528 Dyrøy"	"1962"	1961	36	20	16	47	107	-60	-44
"K_5528 Dyrøy"	"1963"	1917	35	21	14	54	89	-35	-21
"K_5528 Dyrøy"	"1964"	2278	37	18	19	96	112	-16	3
"K_5528 Dyrøy"	"1965"	2281	37	23	14	52	117	-65	-51
"K_5528 Dyrøy"	"1966"	2230	39	25	14	74	144	-70	-51
"K_5528 Dyrøy"	"1967"	2179	34	25	9	74	88	-14	-5
"K_5528 Dyrøy"	"1968"	2174	32	32	0	76	118	-42	-41
"K_5528 Dyrøy"	"1969"	2133	29	25	4	61	138	-77	-80
"K_5528 Dyrøy"	"1970"	2053	29	23	6	113	213	-100	-102
"K_5528 Dyrøy"	"1971"	1951	39	21	18	106	101	5	21
"K_5528 Dyrøy"	"1972"	1972	30	28	2	90	116	-26	-20
"K_5528 Dyrøy"	"1973"	1952	27	25	2	87	127	-40	-37
"K_5528 Dyrøy"	"1974"	1915	29	20	9	75	97	-22	-14
"K_5528 Dyrøy"	"1975"	1901	26	22	4	74	118	-44	-43
"K_5528 Dyrøy"	"1976"	1858	16	23	-7	40	70	-30	-37
"K_5528 Dyrøy"	"1977"	1821	20	25	-5	44	79	-35	-37
"K_5528 Dyrøy"	"1978"	1784	23	25	-2	82	80	2	0
"K_5528 Dyrøy"	"1979"	1784	11	26	-15	58	68	-10	-25
"K_5528 Dyrøy"	"1980"	1759	16	16	0	49	69	-20	-20
"K_5528 Dyrøy"	"1981"	1739	11	21	-10	67	57	10	1
"K_5528 Dyrøy"	"1982"	1740	19	22	-3	54	66	-12	-14
"K_5528 Dyrøy"	"1983"	1726	22	23	-1	59	33	26	25
"K_5528 Dyrøy"	"1984"	1751	15	21	-6	60	66	-6	-12
"K_5528 Dyrøy"	"1985"	1739	19	22	-3	51	80	-29	-33
"K_5528 Dyrøy"	"1986"	1706	15	20	-5	56	71	-15	-20
"K_5528 Dyrøy"	"1987"	1686	16	24	-8	49	70	-21	-30
"K_5528 Dyrøy"	"1988"	1656	14	13	1	54	94	-40	-40
"K_5528 Dyrøy"	"1989"	1616	13	21	-8	68	89	-21	-29
"K_5528 Dyrøy"	"1990"	1587	13	13	0	48	54	-6	-6
"K_5528 Dyrøy"	"1991"	1581	13	27	-14	43	70	-27	-45
"K_5528 Dyrøy"	"1992"	1536	18	31	-13	58	74	-16	-24
"K_5528 Dyrøy"	"1993"	1512	15	36	-21	52	50	2	-18
"K_5528 Dyrøy"	"1994"	1494	15	30	-15	63	73	-10	-26
"K_5528 Dyrøy"	"1995"	1468	19	30	-11	65	86	-21	-31
"K_5528 Dyrøy"	"1996"	1437	17	30	-13	61	60	1	-10
"K_5528 Dyrøy"	"1997"	1427	10	22	-12	53	67	-14	-26
"K_5528 Dyrøy"	"1998"	1401	12	26	-14	45	67	-22	-36
"K_5528 Dyrøy"	"1999"	1365	11	24	-13	47	61	-14	-28
"K_5528 Dyrøy"	"2000"	1337	14	16	-2	46	63	-17	-19
"K_5528 Dyrøy"	"2001"	1318	12	17	-5	45	51	-6	-9
"K_5528 Dyrøy"	"2002"	1309	8	17	-9	58	41	17	8
"K_5528 Dyrøy"	"2003"	1317	8	19	-11	45	48	-3	-14
"K_5528 Dyrøy"	"2004"	1303	10	25	-15	48	48	0	-15
"K_5528 Dyrøy"	"2005"	1288	16	21	-5	64	53	11	7
"K_5528 Dyrøy"	"2006"	1295	13	26	-13	44	61	-17	-30
"K_5528 Dyrøy"	"2007"	1265	11	22	-11	43	65	-22	-33
"K_5528 Dyrøy"	"2008"	1232	10	21	-11	46	51	-5	-16
"K_5528 Dyrøy"	"2009"	1216	14	11	3	54	40	14	17
"K_5528 Dyrøy"	"2010"	1233	9	25	-16	39	51	-12	-28
"K_5528 Dyrøy"	"2011"	1205	6	18	-12	54	59	-5	-17
"K_5528 Dyrøy"	"2012"	1188	13	21	-8	54	44	10	2
"K_5528 Dyrøy"	"2013"	1190	7	20	-13	40	46	-6	-19
"K_5528 Dyrøy"	"2014"	1171	7	22	-15	52	54	-2	-17
"K_5528 Dyrøy"	"2015"	1154	7	13	-6	74	64	10	4
"K_5528 Dyrøy"	"2016"	1158	7	20	-13	61	68	-7	-20
"K_5528 Dyrøy"	"2017"	1138	6	16	-10	74	37	37	27
"K_5528 Dyrøy"	"2018"	1165	7	16	-9	45	74	-29	-36
"K_5528 Dyrøy"	"2019"	1129	5	17	-12	41	75	-34	-46
"K_5528 Dyrøy"	"2020"	1083	8	21	-13	54	61	-7	-20
"K_5528 Dyrøy"	"2021"	1063	4	13	-9	68	54	14	5
"K_5528 Dyrøy"	"2022"	1068	6	18	-12	66	63	3	-12
"K_5528 Dyrøy"	"2023"	1056	10	15	-5	74	54	20	17
"K_5528 Dyrøy"	"2024"	1073	..	..	..	..	..	..	..
"K_5530 Senja"	"1951"	14339	304	102	202	261	470	-209	-7
"K_5530 Senja"	"1952"	14332	345	108	237	348	441	-93	144
"K_5530 Senja"	"1953"	14476	308	106	202	313	454	-141	61
"K_5530 Senja"	"1954"	14537	304	120	184	256	439	-183	1
"K_5530 Senja"	"1955"	14538	326	107	219	401	505	-104	236
"K_5530 Senja"	"1956"	14774	316	98	218	359	510	-151	67
"K_5530 Senja"	"1957"	14841	321	97	224	424	580	-156	68
"K_5530 Senja"	"1958"	14909	271	108	163	347	567	-220	-57
"K_5530 Senja"	"1959"	14852	242	127	115	431	490	-59	56
"K_5530 Senja"	"1960"	14908	299	109	190	594	808	-214	-24
"K_5530 Senja"	"1961"	14884	274	143	131	302	535	-233	-102
"K_5530 Senja"	"1962"	14782	304	126	178	485	578	-93	85
"K_5530 Senja"	"1963"	14867	304	128	176	542	709	-167	9
"K_5530 Senja"	"1964"	16262	339	165	174	460	663	-203	-29
"K_5530 Senja"	"1965"	16233	337	146	191	529	662	-133	58
"K_5530 Senja"	"1966"	16291	314	148	166	663	807	-144	28
"K_5530 Senja"	"1967"	16319	343	164	179	557	754	-197	-18
"K_5530 Senja"	"1968"	16301	322	140	182	634	831	-197	14
"K_5530 Senja"	"1969"	16315	332	186	146	671	893	-222	-47
"K_5530 Senja"	"1970"	16268	279	170	109	901	1123	-222	-242
"K_5530 Senja"	"1971"	16026	291	158	133	816	815	1	133
"K_5530 Senja"	"1972"	16222	293	160	133	715	782	-67	82
"K_5530 Senja"	"1973"	16304	275	193	82	781	695	86	168
"K_5530 Senja"	"1974"	16472	274	163	111	705	797	-92	10
"K_5530 Senja"	"1975"	16482	228	176	52	715	860	-145	-92
"K_5530 Senja"	"1976"	16390	241	157	84	676	807	-131	-46
"K_5530 Senja"	"1977"	16344	206	125	81	641	729	-88	-7
"K_5530 Senja"	"1978"	16337	215	172	43	702	747	-45	-3
"K_5530 Senja"	"1979"	16334	192	161	31	776	666	110	138
"K_5530 Senja"	"1980"	16472	215	162	53	730	607	123	178
"K_5530 Senja"	"1981"	16650	206	175	31	626	640	-14	15
"K_5530 Senja"	"1982"	16665	196	159	37	568	726	-158	-127
"K_5530 Senja"	"1983"	16538	193	141	52	600	760	-160	-104
"K_5530 Senja"	"1984"	16434	176	159	17	587	849	-262	-241
"K_5530 Senja"	"1985"	16193	220	168	52	552	724	-172	-125
"K_5530 Senja"	"1986"	16068	203	164	39	617	803	-186	-148
"K_5530 Senja"	"1987"	15920	197	196	1	605	784	-179	-186
"K_5530 Senja"	"1988"	15734	182	171	11	639	777	-138	-126
"K_5530 Senja"	"1989"	15608	206	180	26	598	798	-200	-183
"K_5530 Senja"	"1990"	15425	191	191	0	561	694	-133	-130
"K_5530 Senja"	"1991"	15295	219	188	31	584	723	-139	-111
"K_5530 Senja"	"1992"	15184	205	166	39	622	626	-4	40
"K_5530 Senja"	"1993"	15224	212	165	47	609	689	-80	-42
"K_5530 Senja"	"1994"	15182	192	185	7	728	731	-3	4
"K_5530 Senja"	"1995"	15186	211	182	29	679	756	-77	-38
"K_5530 Senja"	"1996"	15148	216	187	29	743	748	-5	25
"K_5530 Senja"	"1997"	15173	214	194	20	662	767	-105	-86
"K_5530 Senja"	"1998"	15087	172	166	6	682	829	-147	-141
"K_5530 Senja"	"1999"	14946	206	173	33	777	744	33	65
"K_5530 Senja"	"2000"	15011	210	161	49	757	748	9	58
"K_5530 Senja"	"2001"	15069	173	149	24	702	841	-139	-115
"K_5530 Senja"	"2002"	14954	166	133	33	684	756	-72	-40
"K_5530 Senja"	"2003"	14914	177	175	2	718	732	-14	-15
"K_5530 Senja"	"2004"	14899	161	156	5	650	837	-187	-185
"K_5530 Senja"	"2005"	14714	154	151	3	669	734	-65	-64
"K_5530 Senja"	"2006"	14650	158	163	-5	663	773	-110	-113
"K_5530 Senja"	"2007"	14537	169	146	23	800	749	51	76
"K_5530 Senja"	"2008"	14613	183	149	34	748	788	-40	-11
"K_5530 Senja"	"2009"	14602	171	169	2	774	753	21	18
"K_5530 Senja"	"2010"	14620	170	158	12	788	777	11	30
"K_5530 Senja"	"2011"	14650	149	152	-3	782	781	1	-2
"K_5530 Senja"	"2012"	14648	160	129	31	863	762	101	125
"K_5530 Senja"	"2013"	14773	158	162	-4	884	792	92	90
"K_5530 Senja"	"2014"	14863	136	159	-23	872	852	20	5
"K_5530 Senja"	"2015"	14868	143	143	0	973	844	129	121
"K_5530 Senja"	"2016"	14989	147	148	-1	860	785	75	83
"K_5530 Senja"	"2017"	15072	149	147	2	815	861	-46	-47
"K_5530 Senja"	"2018"	15025	117	144	-27	768	754	14	-14
"K_5530 Senja"	"2019"	15011	119	151	-32	688	816	-128	-160
"K_5530 Senja"	"2020"	14851	140	146	-6	595	716	-121	-126
"K_5530 Senja"	"2021"	14725	141	139	2	776	758	18	13
"K_5530 Senja"	"2022"	14738	140	145	-5	860	742	118	113
"K_5530 Senja"	"2023"	14851	109	130	-21	838	769	69	43
"K_5530 Senja"	"2024"	14894	..	..	..	..	..	..	..
"K_5532 Balsfjord"	"1951"	7485	148	59	89	106	213	-107	-18
"K_5532 Balsfjord"	"1952"	7467	157	68	89	97	199	-102	-13
"K_5532 Balsfjord"	"1953"	7454	146	54	92	125	222	-97	-5
"K_5532 Balsfjord"	"1954"	7449	172	53	119	85	206	-121	-2
"K_5532 Balsfjord"	"1955"	7447	134	50	84	113	261	-148	-42
"K_5532 Balsfjord"	"1956"	7405	146	74	72	139	299	-160	-88
"K_5532 Balsfjord"	"1957"	7317	135	49	86	190	267	-77	9
"K_5532 Balsfjord"	"1958"	7326	142	56	86	146	222	-76	10
"K_5532 Balsfjord"	"1959"	7336	142	52	90	147	251	-104	-14
"K_5532 Balsfjord"	"1960"	7322	137	62	75	247	382	-135	-47
"K_5532 Balsfjord"	"1961"	7275	131	71	60	150	280	-130	-70
"K_5532 Balsfjord"	"1962"	7205	132	53	79	181	298	-117	-38
"K_5532 Balsfjord"	"1963"	7167	121	72	49	154	257	-103	-54
"K_5532 Balsfjord"	"1964"	6993	169	80	89	204	196	8	97
"K_5532 Balsfjord"	"1965"	7090	134	64	70	205	272	-67	3
"K_5532 Balsfjord"	"1966"	6962	134	86	48	204	326	-122	-65
"K_5532 Balsfjord"	"1967"	6897	165	63	102	244	299	-55	47
"K_5532 Balsfjord"	"1968"	6944	130	76	54	204	290	-86	-41
"K_5532 Balsfjord"	"1969"	6903	145	57	88	185	296	-111	-29
"K_5532 Balsfjord"	"1970"	6874	112	64	48	266	428	-162	-140
"K_5532 Balsfjord"	"1971"	6734	120	89	31	231	242	-11	13
"K_5532 Balsfjord"	"1972"	6747	110	51	59	315	253	62	124
"K_5532 Balsfjord"	"1973"	6871	103	73	30	265	259	6	34
"K_5532 Balsfjord"	"1974"	6905	113	54	59	321	263	58	118
"K_5532 Balsfjord"	"1975"	7023	109	67	42	285	253	32	71
"K_5532 Balsfjord"	"1976"	7094	83	89	-6	209	289	-80	-86
"K_5532 Balsfjord"	"1977"	7008	72	72	0	247	223	24	25
"K_5532 Balsfjord"	"1978"	7033	89	72	17	270	258	12	27
"K_5532 Balsfjord"	"1979"	7060	61	77	-16	239	215	24	-4
"K_5532 Balsfjord"	"1980"	7056	55	93	-38	211	256	-45	-83
"K_5532 Balsfjord"	"1981"	6973	78	72	6	210	238	-28	-23
"K_5532 Balsfjord"	"1982"	6950	82	89	-7	216	270	-54	-61
"K_5532 Balsfjord"	"1983"	6889	71	82	-11	224	228	-4	-16
"K_5532 Balsfjord"	"1984"	6873	78	62	16	182	296	-114	-97
"K_5532 Balsfjord"	"1985"	6776	54	62	-8	220	270	-50	-59
"K_5532 Balsfjord"	"1986"	6717	71	74	-3	242	296	-54	-60
"K_5532 Balsfjord"	"1987"	6657	77	84	-7	226	346	-120	-125
"K_5532 Balsfjord"	"1988"	6532	64	81	-17	278	346	-68	-82
"K_5532 Balsfjord"	"1989"	6450	74	81	-7	216	276	-60	-72
"K_5532 Balsfjord"	"1990"	6378	82	84	-2	235	296	-61	-59
"K_5532 Balsfjord"	"1991"	6319	72	98	-26	208	255	-47	-71
"K_5532 Balsfjord"	"1992"	6248	76	74	2	182	250	-68	-67
"K_5532 Balsfjord"	"1993"	6181	69	80	-11	225	280	-55	-63
"K_5532 Balsfjord"	"1994"	6118	84	84	0	249	278	-29	-33
"K_5532 Balsfjord"	"1995"	6085	70	86	-16	218	319	-101	-109
"K_5532 Balsfjord"	"1996"	5976	64	97	-33	274	309	-35	-66
"K_5532 Balsfjord"	"1997"	5910	71	81	-10	279	332	-53	-62
"K_5532 Balsfjord"	"1998"	5848	84	62	22	209	264	-55	-34
"K_5532 Balsfjord"	"1999"	5814	74	82	-8	193	249	-56	-65
"K_5532 Balsfjord"	"2000"	5749	69	78	-9	278	276	2	-7
"K_5532 Balsfjord"	"2001"	5742	53	62	-9	215	305	-90	-100
"K_5532 Balsfjord"	"2002"	5642	52	74	-22	244	227	17	-4
"K_5532 Balsfjord"	"2003"	5638	48	86	-38	232	228	4	-27
"K_5532 Balsfjord"	"2004"	5611	52	60	-8	171	213	-42	-51
"K_5532 Balsfjord"	"2005"	5560	46	56	-10	214	195	19	9
"K_5532 Balsfjord"	"2006"	5569	70	73	-3	240	239	1	0
"K_5532 Balsfjord"	"2007"	5569	52	74	-22	208	227	-19	-40
"K_5532 Balsfjord"	"2008"	5529	49	62	-13	189	208	-19	-32
"K_5532 Balsfjord"	"2009"	5497	58	59	-1	239	220	19	18
"K_5532 Balsfjord"	"2010"	5515	34	58	-24	249	224	25	2
"K_5532 Balsfjord"	"2011"	5517	41	58	-17	223	226	-3	-15
"K_5532 Balsfjord"	"2012"	5502	43	57	-14	239	165	74	60
"K_5532 Balsfjord"	"2013"	5562	37	78	-41	280	208	72	31
"K_5532 Balsfjord"	"2014"	5593	53	46	7	352	231	121	127
"K_5532 Balsfjord"	"2015"	5720	43	65	-22	275	271	4	-19
"K_5532 Balsfjord"	"2016"	5701	54	73	-19	258	256	2	-16
"K_5532 Balsfjord"	"2017"	5685	39	77	-38	251	246	5	-32
"K_5532 Balsfjord"	"2018"	5653	44	73	-29	250	249	1	-28
"K_5532 Balsfjord"	"2019"	5625	43	79	-36	273	304	-31	-66
"K_5532 Balsfjord"	"2020"	5559	43	65	-22	267	245	22	0
"K_5532 Balsfjord"	"2021"	5559	60	66	-6	289	266	23	17
"K_5532 Balsfjord"	"2022"	5576	36	68	-32	286	313	-27	-59
"K_5532 Balsfjord"	"2023"	5517	44	76	-32	365	281	84	54
"K_5532 Balsfjord"	"2024"	5571	..	..	..	..	..	..	..
"K_5534 Karlsøy"	"1951"	3080	71	36	35	35	83	-48	-13
"K_5534 Karlsøy"	"1952"	3067	64	32	32	37	73	-36	-4
"K_5534 Karlsøy"	"1953"	3063	82	22	60	44	92	-48	12
"K_5534 Karlsøy"	"1954"	3075	62	22	40	37	131	-94	-54
"K_5534 Karlsøy"	"1955"	3021	75	21	54	39	150	-111	-59
"K_5534 Karlsøy"	"1956"	2962	74	20	54	60	140	-80	-26
"K_5534 Karlsøy"	"1957"	2936	57	24	33	67	114	-47	-14
"K_5534 Karlsøy"	"1958"	2922	61	20	41	52	108	-56	-15
"K_5534 Karlsøy"	"1959"	2907	57	19	38	66	101	-35	3
"K_5534 Karlsøy"	"1960"	2910	60	23	37	133	176	-43	13
"K_5534 Karlsøy"	"1961"	2923	62	17	45	53	112	-59	-14
"K_5534 Karlsøy"	"1962"	2909	63	22	41	103	134	-31	10
"K_5534 Karlsøy"	"1963"	2919	62	23	39	66	104	-38	1
"K_5534 Karlsøy"	"1964"	3414	65	30	35	61	131	-70	-35
"K_5534 Karlsøy"	"1965"	3379	74	33	41	82	169	-87	-46
"K_5534 Karlsøy"	"1966"	3333	78	25	53	73	168	-95	-115
"K_5534 Karlsøy"	"1967"	3218	55	24	31	106	155	-49	-18
"K_5534 Karlsøy"	"1968"	3200	72	27	45	99	176	-77	-33
"K_5534 Karlsøy"	"1969"	3167	70	19	51	111	128	-17	32
"K_5534 Karlsøy"	"1970"	3199	61	35	26	154	312	-158	-139
"K_5534 Karlsøy"	"1971"	3060	57	24	33	114	152	-38	-6
"K_5534 Karlsøy"	"1972"	3054	64	28	36	134	148	-14	25
"K_5534 Karlsøy"	"1973"	3079	58	23	35	133	126	7	43
"K_5534 Karlsøy"	"1974"	3122	64	17	47	102	133	-31	12
"K_5534 Karlsøy"	"1975"	3134	50	34	16	150	152	-2	13
"K_5534 Karlsøy"	"1976"	3147	40	17	23	103	168	-65	-42
"K_5534 Karlsøy"	"1977"	3105	45	25	20	130	157	-27	-8
"K_5534 Karlsøy"	"1978"	3097	25	23	2	118	132	-14	-12
"K_5534 Karlsøy"	"1979"	3085	29	26	3	138	138	0	0
"K_5534 Karlsøy"	"1980"	3085	42	38	4	128	140	-12	-12
"K_5534 Karlsøy"	"1981"	3073	44	24	20	121	115	6	26
"K_5534 Karlsøy"	"1982"	3099	38	32	6	140	111	29	33
"K_5534 Karlsøy"	"1983"	3132	32	33	-1	96	145	-49	-48
"K_5534 Karlsøy"	"1984"	3084	47	26	21	90	166	-76	-57
"K_5534 Karlsøy"	"1985"	3027	40	26	14	117	192	-75	-62
"K_5534 Karlsøy"	"1986"	2965	36	31	5	99	187	-88	-84
"K_5534 Karlsøy"	"1987"	2881	38	27	11	89	145	-56	-45
"K_5534 Karlsøy"	"1988"	2836	40	33	7	128	151	-23	-16
"K_5534 Karlsøy"	"1989"	2820	36	50	-14	123	155	-32	-46
"K_5534 Karlsøy"	"1990"	2774	42	27	15	88	160	-72	-57
"K_5534 Karlsøy"	"1991"	2717	32	32	0	121	147	-26	-23
"K_5534 Karlsøy"	"1992"	2694	27	22	5	111	112	-1	7
"K_5534 Karlsøy"	"1993"	2701	29	27	2	79	175	-96	-100
"K_5534 Karlsøy"	"1994"	2601	30	26	4	142	137	5	10
"K_5534 Karlsøy"	"1995"	2611	31	22	9	127	149	-22	-12
"K_5534 Karlsøy"	"1996"	2599	35	23	12	117	175	-58	-46
"K_5534 Karlsøy"	"1997"	2553	34	22	12	150	183	-33	-22
"K_5534 Karlsøy"	"1998"	2531	30	20	10	105	182	-77	-69
"K_5534 Karlsøy"	"1999"	2462	28	37	-9	154	111	43	34
"K_5534 Karlsøy"	"2000"	2496	30	29	1	158	190	-32	-31
"K_5534 Karlsøy"	"2001"	2465	31	33	-2	120	121	-1	-1
"K_5534 Karlsøy"	"2002"	2464	22	24	-2	161	157	4	-1
"K_5534 Karlsøy"	"2003"	2463	15	26	-11	136	181	-45	-57
"K_5534 Karlsøy"	"2004"	2406	13	26	-13	121	142	-21	-34
"K_5534 Karlsøy"	"2005"	2372	17	18	-1	119	121	-2	-3
"K_5534 Karlsøy"	"2006"	2369	21	25	-4	110	132	-22	-25
"K_5534 Karlsøy"	"2007"	2344	20	28	-8	149	132	17	60
"K_5534 Karlsøy"	"2008"	2404	18	28	-10	123	134	-11	-21
"K_5534 Karlsøy"	"2009"	2383	24	30	-6	127	134	-7	-12
"K_5534 Karlsøy"	"2010"	2371	14	21	-7	137	145	-8	-14
"K_5534 Karlsøy"	"2011"	2357	17	23	-6	158	154	4	-2
"K_5534 Karlsøy"	"2012"	2355	13	24	-11	110	136	-26	-38
"K_5534 Karlsøy"	"2013"	2317	20	30	-10	129	102	27	17
"K_5534 Karlsøy"	"2014"	2334	20	29	-9	123	159	-36	-45
"K_5534 Karlsøy"	"2015"	2289	17	23	-6	133	134	-1	-7
"K_5534 Karlsøy"	"2016"	2282	9	24	-15	142	135	7	-9
"K_5534 Karlsøy"	"2017"	2273	26	33	-7	142	145	-3	-10
"K_5534 Karlsøy"	"2018"	2263	17	24	-7	138	142	-4	-11
"K_5534 Karlsøy"	"2019"	2252	18	29	-11	101	142	-41	-52
"K_5534 Karlsøy"	"2020"	2200	7	38	-31	108	106	2	-28
"K_5534 Karlsøy"	"2021"	2172	9	28	-19	158	131	27	7
"K_5534 Karlsøy"	"2022"	2179	19	29	-10	137	136	1	-8
"K_5534 Karlsøy"	"2023"	2171	15	22	-7	190	118	72	66
"K_5534 Karlsøy"	"2024"	2237	..	..	..	..	..	..	..
"K_5536 Lyngen"	"1951"	2702	58	17	41	26	47	-21	20
"K_5536 Lyngen"	"1952"	2722	69	26	43	39	52	-13	30
"K_5536 Lyngen"	"1953"	2752	49	28	21	38	67	-29	-8
"K_5536 Lyngen"	"1954"	2744	54	24	30	55	83	-28	2
"K_5536 Lyngen"	"1955"	2746	55	21	34	56	71	-15	42
"K_5536 Lyngen"	"1956"	2788	65	25	40	22	72	-50	-10
"K_5536 Lyngen"	"1957"	2778	58	22	36	58	76	-18	18
"K_5536 Lyngen"	"1958"	2796	61	26	35	59	92	-33	2
"K_5536 Lyngen"	"1959"	2798	53	22	31	58	85	-27	4
"K_5536 Lyngen"	"1960"	2802	39	24	15	119	125	-6	-15
"K_5536 Lyngen"	"1961"	2787	57	21	36	43	91	-48	-12
"K_5536 Lyngen"	"1962"	2775	56	17	39	81	99	-18	21
"K_5536 Lyngen"	"1963"	2796	38	18	20	64	119	-55	-35
"K_5536 Lyngen"	"1964"	3933	76	43	33	123	130	-7	26
"K_5536 Lyngen"	"1965"	3959	79	33	46	126	127	-1	45
"K_5536 Lyngen"	"1966"	4004	81	51	30	129	176	-47	20
"K_5536 Lyngen"	"1967"	4024	89	46	43	116	170	-54	-11
"K_5536 Lyngen"	"1968"	4013	78	28	50	142	159	-17	27
"K_5536 Lyngen"	"1969"	4040	87	41	46	117	191	-74	-44
"K_5536 Lyngen"	"1970"	3996	76	48	28	145	264	-119	-103
"K_5536 Lyngen"	"1971"	3893	86	39	47	146	164	-18	23
"K_5536 Lyngen"	"1972"	3916	66	40	26	165	147	18	48
"K_5536 Lyngen"	"1973"	3964	83	44	39	165	132	33	70
"K_5536 Lyngen"	"1974"	4034	69	42	27	183	175	8	32
"K_5536 Lyngen"	"1975"	4066	52	45	7	168	178	-10	-2
"K_5536 Lyngen"	"1976"	4064	56	45	11	109	202	-93	-80
"K_5536 Lyngen"	"1977"	3984	57	44	13	153	232	-79	-68
"K_5536 Lyngen"	"1978"	3916	55	47	8	131	177	-46	-38
"K_5536 Lyngen"	"1979"	3878	49	42	7	142	149	-7	3
"K_5536 Lyngen"	"1980"	3881	59	49	10	175	159	16	26
"K_5536 Lyngen"	"1981"	3907	48	57	-9	137	176	-39	-48
"K_5536 Lyngen"	"1982"	3859	56	45	11	123	168	-45	-33
"K_5536 Lyngen"	"1983"	3826	49	44	5	109	137	-28	-25
"K_5536 Lyngen"	"1984"	3801	62	48	14	132	150	-18	-2
"K_5536 Lyngen"	"1985"	3799	51	48	3	96	164	-68	-64
"K_5536 Lyngen"	"1986"	3735	44	47	-3	98	154	-56	-60
"K_5536 Lyngen"	"1987"	3675	48	51	-3	110	182	-72	-75
"K_5536 Lyngen"	"1988"	3600	45	45	0	129	153	-24	-27
"K_5536 Lyngen"	"1989"	3573	38	41	-3	152	130	22	22
"K_5536 Lyngen"	"1990"	3595	46	42	4	118	113	5	7
"K_5536 Lyngen"	"1991"	3602	39	35	4	108	147	-39	-75
"K_5536 Lyngen"	"1992"	3527	48	37	11	100	136	-36	-22
"K_5536 Lyngen"	"1993"	3505	48	31	17	121	144	-23	-6
"K_5536 Lyngen"	"1994"	3499	56	42	14	119	152	-33	-20
"K_5536 Lyngen"	"1995"	3479	46	37	9	121	175	-54	-44
"K_5536 Lyngen"	"1996"	3435	45	33	12	126	181	-55	-40
"K_5536 Lyngen"	"1997"	3395	46	44	2	135	190	-55	-53
"K_5536 Lyngen"	"1998"	3342	34	32	2	100	195	-95	-97
"K_5536 Lyngen"	"1999"	3245	52	44	8	100	128	-28	-20
"K_5536 Lyngen"	"2000"	3225	47	45	2	92	126	-34	-32
"K_5536 Lyngen"	"2001"	3193	38	32	6	112	130	-18	-10
"K_5536 Lyngen"	"2002"	3183	27	51	-24	138	118	20	-7
"K_5536 Lyngen"	"2003"	3176	38	40	-2	104	111	-7	-9
"K_5536 Lyngen"	"2004"	3167	22	31	-9	102	101	1	-9
"K_5536 Lyngen"	"2005"	3158	28	29	-1	117	114	3	3
"K_5536 Lyngen"	"2006"	3161	29	27	2	144	108	36	38
"K_5536 Lyngen"	"2007"	3199	38	44	-6	182	165	17	9
"K_5536 Lyngen"	"2008"	3208	40	34	6	86	134	-48	-42
"K_5536 Lyngen"	"2009"	3166	26	38	-12	120	123	-3	-14
"K_5536 Lyngen"	"2010"	3152	26	36	-10	91	146	-55	-66
"K_5536 Lyngen"	"2011"	3086	20	30	-10	96	144	-48	-58
"K_5536 Lyngen"	"2012"	3028	30	31	-1	119	133	-14	-15
"K_5536 Lyngen"	"2013"	3013	16	35	-19	122	130	-8	-21
"K_5536 Lyngen"	"2014"	2992	10	43	-33	102	139	-37	-70
"K_5536 Lyngen"	"2015"	2922	23	32	-9	99	151	-52	-61
"K_5536 Lyngen"	"2016"	2861	20	35	-15	140	110	30	15
"K_5536 Lyngen"	"2017"	2876	20	32	-12	133	120	13	1
"K_5536 Lyngen"	"2018"	2877	23	32	-9	97	118	-21	-30
"K_5536 Lyngen"	"2019"	2847	18	33	-15	100	138	-38	-53
"K_5536 Lyngen"	"2020"	2794	12	33	-21	122	123	-1	-21
"K_5536 Lyngen"	"2021"	2773	16	34	-18	132	156	-24	-44
"K_5536 Lyngen"	"2022"	2729	11	36	-25	132	120	12	-15
"K_5536 Lyngen"	"2023"	2714	23	37	-14	157	115	42	29
"K_5536 Lyngen"	"2024"	2743	..	..	..	..	..	..	..
"K_5538 Storfjord - Omasvuotna - Omasvuono"	"1951"	1847	47	19	28	15	40	-25	3
"K_5538 Storfjord - Omasvuotna - Omasvuono"	"1952"	1850	43	12	31	5	28	-23	8
"K_5538 Storfjord - Omasvuotna - Omasvuono"	"1953"	1858	51	12	39	11	38	-27	12
"K_5538 Storfjord - Omasvuotna - Omasvuono"	"1954"	1870	57	16	41	17	29	-12	29
"K_5538 Storfjord - Omasvuotna - Omasvuono"	"1955"	1899	43	15	28	29	46	-17	33
"K_5538 Storfjord - Omasvuotna - Omasvuono"	"1956"	1932	37	18	19	28	41	-13	6
"K_5538 Storfjord - Omasvuotna - Omasvuono"	"1957"	1938	40	12	28	42	66	-24	4
"K_5538 Storfjord - Omasvuotna - Omasvuono"	"1958"	1942	30	9	21	24	88	-64	-43
"K_5538 Storfjord - Omasvuotna - Omasvuono"	"1959"	1899	28	16	12	28	61	-33	-21
"K_5538 Storfjord - Omasvuotna - Omasvuono"	"1960"	1878	25	17	8	36	69	-33	-10
"K_5538 Storfjord - Omasvuotna - Omasvuono"	"1961"	1868	28	16	12	19	61	-42	-30
"K_5538 Storfjord - Omasvuotna - Omasvuono"	"1962"	1838	32	16	16	56	72	-16	0
"K_5538 Storfjord - Omasvuotna - Omasvuono"	"1963"	1838	26	10	16	48	56	-8	8
"K_5538 Storfjord - Omasvuotna - Omasvuono"	"1964"	1846	30	8	22	51	68	-17	5
"K_5538 Storfjord - Omasvuotna - Omasvuono"	"1965"	1851	35	16	19	36	83	-47	-28
"K_5538 Storfjord - Omasvuotna - Omasvuono"	"1966"	1823	28	17	11	73	62	11	67
"K_5538 Storfjord - Omasvuotna - Omasvuono"	"1967"	1890	30	15	15	47	100	-53	-38
"K_5538 Storfjord - Omasvuotna - Omasvuono"	"1968"	1852	32	22	10	83	80	3	-20
"K_5538 Storfjord - Omasvuotna - Omasvuono"	"1969"	1832	34	19	15	65	101	-36	-28
"K_5538 Storfjord - Omasvuotna - Omasvuono"	"1970"	1804	31	23	8	94	155	-61	-61
"K_5538 Storfjord - Omasvuotna - Omasvuono"	"1971"	1743	32	22	10	56	86	-30	-17
"K_5538 Storfjord - Omasvuotna - Omasvuono"	"1972"	1726	28	22	6	84	77	7	13
"K_5538 Storfjord - Omasvuotna - Omasvuono"	"1973"	1739	32	22	10	81	74	7	17
"K_5538 Storfjord - Omasvuotna - Omasvuono"	"1974"	1756	36	17	19	94	100	-6	13
"K_5538 Storfjord - Omasvuotna - Omasvuono"	"1975"	1769	26	22	4	68	72	-4	-1
"K_5538 Storfjord - Omasvuotna - Omasvuono"	"1976"	1768	31	12	19	110	60	50	69
"K_5538 Storfjord - Omasvuotna - Omasvuono"	"1977"	1837	32	16	16	103	83	20	36
"K_5538 Storfjord - Omasvuotna - Omasvuono"	"1978"	1873	30	12	18	85	73	12	29
"K_5538 Storfjord - Omasvuotna - Omasvuono"	"1979"	1902	21	16	5	100	103	-3	2
"K_5538 Storfjord - Omasvuotna - Omasvuono"	"1980"	1904	29	20	9	74	101	-27	-17
"K_5538 Storfjord - Omasvuotna - Omasvuono"	"1981"	1887	23	17	6	88	97	-9	-4
"K_5538 Storfjord - Omasvuotna - Omasvuono"	"1982"	1883	16	17	-1	81	68	13	13
"K_5538 Storfjord - Omasvuotna - Omasvuono"	"1983"	1896	28	18	10	78	49	29	38
"K_5538 Storfjord - Omasvuotna - Omasvuono"	"1984"	1934	28	21	7	38	64	-26	-19
"K_5538 Storfjord - Omasvuotna - Omasvuono"	"1985"	1915	23	26	-3	68	62	6	2
"K_5538 Storfjord - Omasvuotna - Omasvuono"	"1986"	1917	19	21	-2	46	111	-65	-67
"K_5538 Storfjord - Omasvuotna - Omasvuono"	"1987"	1850	27	20	7	70	75	-5	5
"K_5538 Storfjord - Omasvuotna - Omasvuono"	"1988"	1855	14	14	0	91	98	-7	-5
"K_5538 Storfjord - Omasvuotna - Omasvuono"	"1989"	1850	13	25	-12	91	98	-7	-14
"K_5538 Storfjord - Omasvuotna - Omasvuono"	"1990"	1836	23	22	1	124	72	52	53
"K_5538 Storfjord - Omasvuotna - Omasvuono"	"1991"	1889	30	24	6	77	93	-16	-10
"K_5538 Storfjord - Omasvuotna - Omasvuono"	"1992"	1879	22	15	7	99	79	20	26
"K_5538 Storfjord - Omasvuotna - Omasvuono"	"1993"	1905	25	19	6	103	95	8	13
"K_5538 Storfjord - Omasvuotna - Omasvuono"	"1994"	1918	31	25	6	116	102	14	21
"K_5538 Storfjord - Omasvuotna - Omasvuono"	"1995"	1939	29	21	8	109	140	-31	-21
"K_5538 Storfjord - Omasvuotna - Omasvuono"	"1996"	1918	31	22	9	117	135	-18	-6
"K_5538 Storfjord - Omasvuotna - Omasvuono"	"1997"	1912	36	24	12	93	151	-58	-46
"K_5538 Storfjord - Omasvuotna - Omasvuono"	"1998"	1866	21	20	1	117	121	-4	-3
"K_5538 Storfjord - Omasvuotna - Omasvuono"	"1999"	1863	19	21	-2	122	111	11	9
"K_5538 Storfjord - Omasvuotna - Omasvuono"	"2000"	1872	27	19	8	104	128	-24	-16
"K_5538 Storfjord - Omasvuotna - Omasvuono"	"2001"	1856	20	21	-1	107	102	5	4
"K_5538 Storfjord - Omasvuotna - Omasvuono"	"2002"	1860	27	21	6	85	72	13	19
"K_5538 Storfjord - Omasvuotna - Omasvuono"	"2003"	1879	19	20	-1	117	83	34	33
"K_5538 Storfjord - Omasvuotna - Omasvuono"	"2004"	1912	19	19	0	107	81	26	22
"K_5538 Storfjord - Omasvuotna - Omasvuono"	"2005"	1934	25	21	4	105	112	-7	-2
"K_5538 Storfjord - Omasvuotna - Omasvuono"	"2006"	1932	25	22	3	99	123	-24	-21
"K_5538 Storfjord - Omasvuotna - Omasvuono"	"2007"	1911	17	19	-2	96	113	-17	-18
"K_5538 Storfjord - Omasvuotna - Omasvuono"	"2008"	1893	15	17	-2	75	98	-23	-24
"K_5538 Storfjord - Omasvuotna - Omasvuono"	"2009"	1869	16	21	-5	126	102	24	19
"K_5538 Storfjord - Omasvuotna - Omasvuono"	"2010"	1888	20	18	2	118	116	2	6
"K_5538 Storfjord - Omasvuotna - Omasvuono"	"2011"	1894	21	19	2	133	119	14	15
"K_5538 Storfjord - Omasvuotna - Omasvuono"	"2012"	1909	15	18	-3	134	98	36	33
"K_5538 Storfjord - Omasvuotna - Omasvuono"	"2013"	1942	17	22	-5	117	113	4	-1
"K_5538 Storfjord - Omasvuotna - Omasvuono"	"2014"	1941	16	26	-10	113	146	-33	-43
"K_5538 Storfjord - Omasvuotna - Omasvuono"	"2015"	1898	14	12	2	124	159	-35	-33
"K_5538 Storfjord - Omasvuotna - Omasvuono"	"2016"	1865	16	18	-2	139	112	27	25
"K_5538 Storfjord - Omasvuotna - Omasvuono"	"2017"	1890	13	17	-4	79	109	-30	-34
"K_5538 Storfjord - Omasvuotna - Omasvuono"	"2018"	1856	6	24	-18	109	108	1	-15
"K_5538 Storfjord - Omasvuotna - Omasvuono"	"2019"	1841	14	19	-5	101	108	-7	-12
"K_5538 Storfjord - Omasvuotna - Omasvuono"	"2020"	1829	12	12	0	79	77	2	2
"K_5538 Storfjord - Omasvuotna - Omasvuono"	"2021"	1831	14	16	-2	122	114	8	5
"K_5538 Storfjord - Omasvuotna - Omasvuono"	"2022"	1836	9	23	-14	93	78	15	0
"K_5538 Storfjord - Omasvuotna - Omasvuono"	"2023"	1836	14	20	-6	80	86	-6	-11
"K_5538 Storfjord - Omasvuotna - Omasvuono"	"2024"	1825	..	..	..	..	..	..	..
"K_5540 Gáivuotna - Kåfjord - Kaivuono"	"1951"	3079	93	28	65	47	71	-24	41
"K_5540 Gáivuotna - Kåfjord - Kaivuono"	"1952"	3120	87	20	67	49	56	-7	60
"K_5540 Gáivuotna - Kåfjord - Kaivuono"	"1953"	3180	85	28	57	30	61	-31	26
"K_5540 Gáivuotna - Kåfjord - Kaivuono"	"1954"	3206	91	27	64	37	93	-56	8
"K_5540 Gáivuotna - Kåfjord - Kaivuono"	"1955"	3214	69	28	41	32	71	-39	-7
"K_5540 Gáivuotna - Kåfjord - Kaivuono"	"1956"	3207	72	25	47	59	74	-15	32
"K_5540 Gáivuotna - Kåfjord - Kaivuono"	"1957"	3239	84	26	58	42	110	-68	-10
"K_5540 Gáivuotna - Kåfjord - Kaivuono"	"1958"	3229	58	28	30	52	81	-29	1
"K_5540 Gáivuotna - Kåfjord - Kaivuono"	"1959"	3230	78	25	53	50	65	-15	38
"K_5540 Gáivuotna - Kåfjord - Kaivuono"	"1960"	3268	71	26	45	79	111	-32	2
"K_5540 Gáivuotna - Kåfjord - Kaivuono"	"1961"	3270	62	29	33	56	116	-60	-27
"K_5540 Gáivuotna - Kåfjord - Kaivuono"	"1962"	3243	68	33	35	97	93	4	39
"K_5540 Gáivuotna - Kåfjord - Kaivuono"	"1963"	3282	51	26	25	54	110	-56	-31
"K_5540 Gáivuotna - Kåfjord - Kaivuono"	"1964"	3251	85	33	52	81	95	-14	38
"K_5540 Gáivuotna - Kåfjord - Kaivuono"	"1965"	3289	61	27	34	86	130	-44	-10
"K_5540 Gáivuotna - Kåfjord - Kaivuono"	"1966"	3279	73	30	43	112	126	-14	22
"K_5540 Gáivuotna - Kåfjord - Kaivuono"	"1967"	3301	65	22	43	129	150	-21	22
"K_5540 Gáivuotna - Kåfjord - Kaivuono"	"1968"	3323	73	34	39	174	168	6	32
"K_5540 Gáivuotna - Kåfjord - Kaivuono"	"1969"	3355	82	27	55	130	179	-49	7
"K_5540 Gáivuotna - Kåfjord - Kaivuono"	"1970"	3362	70	45	25	163	268	-105	-83
"K_5540 Gáivuotna - Kåfjord - Kaivuono"	"1971"	3279	93	41	52	99	196	-97	-42
"K_5540 Gáivuotna - Kåfjord - Kaivuono"	"1972"	3237	58	32	26	124	158	-34	-10
"K_5540 Gáivuotna - Kåfjord - Kaivuono"	"1973"	3227	62	43	19	75	135	-60	-44
"K_5540 Gáivuotna - Kåfjord - Kaivuono"	"1974"	3183	51	32	19	114	104	10	27
"K_5540 Gáivuotna - Kåfjord - Kaivuono"	"1975"	3210	37	34	3	135	192	-57	-55
"K_5540 Gáivuotna - Kåfjord - Kaivuono"	"1976"	3155	43	36	7	105	170	-65	-57
"K_5540 Gáivuotna - Kåfjord - Kaivuono"	"1977"	3098	40	36	4	126	125	1	4
"K_5540 Gáivuotna - Kåfjord - Kaivuono"	"1978"	3102	34	31	3	100	149	-49	-45
"K_5540 Gáivuotna - Kåfjord - Kaivuono"	"1979"	3057	29	29	0	160	113	47	50
"K_5540 Gáivuotna - Kåfjord - Kaivuono"	"1980"	3107	47	27	20	100	131	-31	-13
"K_5540 Gáivuotna - Kåfjord - Kaivuono"	"1981"	3094	28	28	0	108	121	-13	-13
"K_5540 Gáivuotna - Kåfjord - Kaivuono"	"1982"	3081	40	42	-2	86	127	-41	-40
"K_5540 Gáivuotna - Kåfjord - Kaivuono"	"1983"	3041	29	35	-6	80	116	-36	-46
"K_5540 Gáivuotna - Kåfjord - Kaivuono"	"1984"	2995	44	35	9	87	119	-32	-24
"K_5540 Gáivuotna - Kåfjord - Kaivuono"	"1985"	2971	33	35	-2	76	100	-24	-27
"K_5540 Gáivuotna - Kåfjord - Kaivuono"	"1986"	2944	46	31	15	90	143	-53	-40
"K_5540 Gáivuotna - Kåfjord - Kaivuono"	"1987"	2904	35	40	-5	105	137	-32	-37
"K_5540 Gáivuotna - Kåfjord - Kaivuono"	"1988"	2867	50	25	25	90	150	-60	-35
"K_5540 Gáivuotna - Kåfjord - Kaivuono"	"1989"	2832	42	27	15	88	111	-23	-13
"K_5540 Gáivuotna - Kåfjord - Kaivuono"	"1990"	2819	43	40	3	100	163	-63	-60
"K_5540 Gáivuotna - Kåfjord - Kaivuono"	"1991"	2759	33	35	-2	99	119	-20	14
"K_5540 Gáivuotna - Kåfjord - Kaivuono"	"1992"	2773	44	38	6	94	131	-37	-27
"K_5540 Gáivuotna - Kåfjord - Kaivuono"	"1993"	2746	27	29	-2	77	113	-36	-38
"K_5540 Gáivuotna - Kåfjord - Kaivuono"	"1994"	2708	49	40	9	93	131	-38	-31
"K_5540 Gáivuotna - Kåfjord - Kaivuono"	"1995"	2677	44	42	2	99	155	-56	-54
"K_5540 Gáivuotna - Kåfjord - Kaivuono"	"1996"	2623	32	48	-16	62	133	-71	-87
"K_5540 Gáivuotna - Kåfjord - Kaivuono"	"1997"	2536	30	42	-12	96	136	-40	-52
"K_5540 Gáivuotna - Kåfjord - Kaivuono"	"1998"	2484	28	45	-17	69	105	-36	-55
"K_5540 Gáivuotna - Kåfjord - Kaivuono"	"1999"	2429	14	24	-10	61	111	-50	-60
"K_5540 Gáivuotna - Kåfjord - Kaivuono"	"2000"	2369	27	25	2	89	149	-60	-58
"K_5540 Gáivuotna - Kåfjord - Kaivuono"	"2001"	2311	26	26	0	111	78	33	33
"K_5540 Gáivuotna - Kåfjord - Kaivuono"	"2002"	2344	19	21	-2	94	77	17	15
"K_5540 Gáivuotna - Kåfjord - Kaivuono"	"2003"	2359	15	32	-17	67	77	-10	-27
"K_5540 Gáivuotna - Kåfjord - Kaivuono"	"2004"	2332	26	37	-11	72	105	-33	-44
"K_5540 Gáivuotna - Kåfjord - Kaivuono"	"2005"	2288	25	29	-4	72	95	-23	-27
"K_5540 Gáivuotna - Kåfjord - Kaivuono"	"2006"	2261	19	21	-2	64	104	-40	-41
"K_5540 Gáivuotna - Kåfjord - Kaivuono"	"2007"	2220	27	25	2	106	82	24	28
"K_5540 Gáivuotna - Kåfjord - Kaivuono"	"2008"	2248	20	26	-6	66	72	-6	-12
"K_5540 Gáivuotna - Kåfjord - Kaivuono"	"2009"	2236	15	35	-20	78	87	-9	-29
"K_5540 Gáivuotna - Kåfjord - Kaivuono"	"2010"	2207	28	17	11	76	109	-33	-22
"K_5540 Gáivuotna - Kåfjord - Kaivuono"	"2011"	2185	15	32	-17	109	65	44	25
"K_5540 Gáivuotna - Kåfjord - Kaivuono"	"2012"	2210	19	20	-1	143	144	-1	-2
"K_5540 Gáivuotna - Kåfjord - Kaivuono"	"2013"	2208	21	21	0	127	114	13	13
"K_5540 Gáivuotna - Kåfjord - Kaivuono"	"2014"	2221	17	29	-12	106	137	-31	-39
"K_5540 Gáivuotna - Kåfjord - Kaivuono"	"2015"	2182	25	33	-8	128	152	-24	-32
"K_5540 Gáivuotna - Kåfjord - Kaivuono"	"2016"	2150	14	33	-19	150	150	0	-18
"K_5540 Gáivuotna - Kåfjord - Kaivuono"	"2017"	2132	14	24	-10	123	113	10	0
"K_5540 Gáivuotna - Kåfjord - Kaivuono"	"2018"	2132	15	31	-16	85	104	-19	-35
"K_5540 Gáivuotna - Kåfjord - Kaivuono"	"2019"	2097	15	22	-7	65	84	-19	-26
"K_5540 Gáivuotna - Kåfjord - Kaivuono"	"2020"	2071	11	23	-12	103	91	12	1
"K_5540 Gáivuotna - Kåfjord - Kaivuono"	"2021"	2072	17	40	-23	76	113	-37	-60
"K_5540 Gáivuotna - Kåfjord - Kaivuono"	"2022"	2012	12	31	-19	80	73	7	-12
"K_5540 Gáivuotna - Kåfjord - Kaivuono"	"2023"	2000	13	35	-22	71	76	-5	-26
"K_5540 Gáivuotna - Kåfjord - Kaivuono"	"2024"	1974	..	..	..	..	..	..	..
"K_5542 Skjervøy"	"1951"	4771	122	37	85	134	157	-23	62
"K_5542 Skjervøy"	"1952"	4833	112	38	74	99	101	-2	72
"K_5542 Skjervøy"	"1953"	4905	129	33	96	151	171	-20	76
"K_5542 Skjervøy"	"1954"	4981	121	30	91	107	155	-48	43
"K_5542 Skjervøy"	"1955"	5024	126	30	96	144	138	6	79
"K_5542 Skjervøy"	"1956"	5103	123	36	87	133	205	-72	15
"K_5542 Skjervøy"	"1957"	5118	126	31	95	116	201	-85	10
"K_5542 Skjervøy"	"1958"	5128	104	43	61	206	198	8	69
"K_5542 Skjervøy"	"1959"	5197	125	25	100	93	212	-119	-19
"K_5542 Skjervøy"	"1960"	5178	102	38	64	157	271	-114	-109
"K_5542 Skjervøy"	"1961"	5069	102	49	53	108	166	-58	-5
"K_5542 Skjervøy"	"1962"	5064	100	38	62	153	186	-33	29
"K_5542 Skjervøy"	"1963"	5093	99	36	63	124	244	-120	-57
"K_5542 Skjervøy"	"1964"	5036	101	41	60	111	195	-84	-24
"K_5542 Skjervøy"	"1965"	5000	107	50	57	134	243	-109	-52
"K_5542 Skjervøy"	"1966"	4948	108	43	65	194	186	8	74
"K_5542 Skjervøy"	"1967"	5022	106	35	71	133	239	-106	-35
"K_5542 Skjervøy"	"1968"	4987	117	57	60	225	229	-4	58
"K_5542 Skjervøy"	"1969"	5045	103	38	65	134	290	-156	-94
"K_5542 Skjervøy"	"1970"	4951	98	52	46	264	349	-85	-3
"K_5542 Skjervøy"	"1971"	4948	90	55	35	192	233	-41	-12
"K_5542 Skjervøy"	"1972"	3380	70	28	42	189	141	48	85
"K_5542 Skjervøy"	"1973"	3465	70	27	43	191	155	36	66
"K_5542 Skjervøy"	"1974"	3531	79	24	55	233	159	74	152
"K_5542 Skjervøy"	"1975"	3683	66	37	29	139	170	-31	-6
"K_5542 Skjervøy"	"1976"	3677	42	28	14	132	187	-55	-41
"K_5542 Skjervøy"	"1977"	3636	47	30	17	184	172	12	29
"K_5542 Skjervøy"	"1978"	3665	53	26	27	125	164	-39	-10
"K_5542 Skjervøy"	"1979"	3655	55	37	18	138	127	11	31
"K_5542 Skjervøy"	"1980"	3686	52	33	19	131	182	-51	-31
"K_5542 Skjervøy"	"1981"	3655	42	37	5	121	181	-60	-56
"K_5542 Skjervøy"	"1982"	3599	48	27	21	89	129	-40	-146
"K_5542 Skjervøy"	"1983"	3453	43	31	12	140	169	-29	-18
"K_5542 Skjervøy"	"1984"	3435	40	21	19	95	228	-133	-114
"K_5542 Skjervøy"	"1985"	3321	48	32	16	144	159	-15	-1
"K_5542 Skjervøy"	"1986"	3320	38	37	1	80	204	-124	-123
"K_5542 Skjervøy"	"1987"	3197	37	32	5	96	163	-67	-63
"K_5542 Skjervøy"	"1988"	3134	52	26	26	125	167	-42	-18
"K_5542 Skjervøy"	"1989"	3116	36	35	1	122	158	-36	-34
"K_5542 Skjervøy"	"1990"	3082	38	38	0	122	173	-51	-51
"K_5542 Skjervøy"	"1991"	3031	63	34	29	117	122	-5	24
"K_5542 Skjervøy"	"1992"	3055	34	26	8	137	114	23	32
"K_5542 Skjervøy"	"1993"	3087	39	42	-3	108	144	-36	-41
"K_5542 Skjervøy"	"1994"	3046	61	32	29	136	132	4	35
"K_5542 Skjervøy"	"1995"	3081	45	25	20	147	168	-21	-2
"K_5542 Skjervøy"	"1996"	3079	49	38	11	106	165	-59	-49
"K_5542 Skjervøy"	"1997"	3030	35	45	-10	134	182	-48	-57
"K_5542 Skjervøy"	"1998"	2973	38	25	13	134	208	-74	-59
"K_5542 Skjervøy"	"1999"	2914	41	25	16	123	119	4	20
"K_5542 Skjervøy"	"2000"	2934	38	26	12	204	153	51	62
"K_5542 Skjervøy"	"2001"	2996	42	25	17	130	129	1	18
"K_5542 Skjervøy"	"2002"	3014	39	27	12	123	128	-5	7
"K_5542 Skjervøy"	"2003"	3021	26	28	-2	114	132	-18	-19
"K_5542 Skjervøy"	"2004"	3002	30	29	1	127	126	1	1
"K_5542 Skjervøy"	"2005"	3003	26	26	0	123	155	-32	-32
"K_5542 Skjervøy"	"2006"	2971	39	33	6	129	140	-11	-5
"K_5542 Skjervøy"	"2007"	2966	28	34	-6	152	175	-23	-32
"K_5542 Skjervøy"	"2008"	2934	25	31	-6	116	144	-28	-37
"K_5542 Skjervøy"	"2009"	2897	20	33	-13	118	124	-6	-16
"K_5542 Skjervøy"	"2010"	2881	39	26	13	131	140	-9	4
"K_5542 Skjervøy"	"2011"	2885	23	28	-5	137	135	2	-5
"K_5542 Skjervøy"	"2012"	2880	26	19	7	123	105	18	25
"K_5542 Skjervøy"	"2013"	2905	28	30	-2	124	147	-23	-24
"K_5542 Skjervøy"	"2014"	2881	27	23	4	139	126	13	14
"K_5542 Skjervøy"	"2015"	2895	32	32	0	148	123	25	25
"K_5542 Skjervøy"	"2016"	2920	36	25	11	127	146	-19	-8
"K_5542 Skjervøy"	"2017"	2912	21	38	-17	142	112	30	13
"K_5542 Skjervøy"	"2018"	2925	27	35	-8	125	125	0	-8
"K_5542 Skjervøy"	"2019"	2917	19	24	-5	121	106	15	10
"K_5542 Skjervøy"	"2020"	2927	25	36	-11	123	146	-23	-34
"K_5542 Skjervøy"	"2021"	2893	21	38	-17	139	209	-70	-89
"K_5542 Skjervøy"	"2022"	2804	16	41	-25	190	177	13	-14
"K_5542 Skjervøy"	"2023"	2790	22	25	-3	183	183	0	4
"K_5542 Skjervøy"	"2024"	2794	..	..	..	..	..	..	..
"K_5544 Nordreisa - Ráisa - Raisi"	"1951"	2459	77	21	56	46	67	-21	35
"K_5544 Nordreisa - Ráisa - Raisi"	"1952"	2494	57	22	35	54	76	-22	13
"K_5544 Nordreisa - Ráisa - Raisi"	"1953"	2507	65	20	45	51	66	-15	30
"K_5544 Nordreisa - Ráisa - Raisi"	"1954"	2537	55	26	29	63	54	9	38
"K_5544 Nordreisa - Ráisa - Raisi"	"1955"	2575	69	21	48	41	95	-54	11
"K_5544 Nordreisa - Ráisa - Raisi"	"1956"	2586	55	23	32	48	109	-61	-29
"K_5544 Nordreisa - Ráisa - Raisi"	"1957"	2557	49	22	27	72	109	-37	-10
"K_5544 Nordreisa - Ráisa - Raisi"	"1958"	2547	45	18	27	68	87	-19	8
"K_5544 Nordreisa - Ráisa - Raisi"	"1959"	2555	60	31	29	60	77	-17	12
"K_5544 Nordreisa - Ráisa - Raisi"	"1960"	2567	51	27	24	95	98	-3	51
"K_5544 Nordreisa - Ráisa - Raisi"	"1961"	2618	58	27	31	66	87	-21	10
"K_5544 Nordreisa - Ráisa - Raisi"	"1962"	2628	51	21	30	70	100	-30	0
"K_5544 Nordreisa - Ráisa - Raisi"	"1963"	2628	38	23	15	89	132	-43	-28
"K_5544 Nordreisa - Ráisa - Raisi"	"1964"	2600	50	25	25	58	100	-42	-17
"K_5544 Nordreisa - Ráisa - Raisi"	"1965"	2583	38	17	21	84	107	-23	-2
"K_5544 Nordreisa - Ráisa - Raisi"	"1966"	2581	47	23	24	124	125	-1	0
"K_5544 Nordreisa - Ráisa - Raisi"	"1967"	2581	61	17	44	126	161	-35	9
"K_5544 Nordreisa - Ráisa - Raisi"	"1968"	2590	58	23	35	117	105	12	51
"K_5544 Nordreisa - Ráisa - Raisi"	"1969"	2641	45	31	14	157	152	5	29
"K_5544 Nordreisa - Ráisa - Raisi"	"1970"	2670	59	22	37	175	156	19	41
"K_5544 Nordreisa - Ráisa - Raisi"	"1971"	2711	55	33	22	101	113	-12	7
"K_5544 Nordreisa - Ráisa - Raisi"	"1972"	4274	99	52	47	233	223	10	67
"K_5544 Nordreisa - Ráisa - Raisi"	"1973"	4341	55	46	9	194	208	-14	8
"K_5544 Nordreisa - Ráisa - Raisi"	"1974"	4349	64	37	27	241	209	32	45
"K_5544 Nordreisa - Ráisa - Raisi"	"1975"	4394	59	40	19	203	180	23	41
"K_5544 Nordreisa - Ráisa - Raisi"	"1976"	4435	59	51	8	197	188	9	17
"K_5544 Nordreisa - Ráisa - Raisi"	"1977"	4452	50	50	0	195	235	-40	-41
"K_5544 Nordreisa - Ráisa - Raisi"	"1978"	4411	57	40	17	267	169	98	114
"K_5544 Nordreisa - Ráisa - Raisi"	"1979"	4525	66	39	27	237	193	44	70
"K_5544 Nordreisa - Ráisa - Raisi"	"1980"	4595	70	46	24	225	209	16	41
"K_5544 Nordreisa - Ráisa - Raisi"	"1981"	4636	50	47	3	185	190	-5	0
"K_5544 Nordreisa - Ráisa - Raisi"	"1982"	4636	57	47	10	173	168	5	146
"K_5544 Nordreisa - Ráisa - Raisi"	"1983"	4782	60	51	9	180	199	-19	-14
"K_5544 Nordreisa - Ráisa - Raisi"	"1984"	4768	63	53	10	191	181	10	20
"K_5544 Nordreisa - Ráisa - Raisi"	"1985"	4788	50	54	-4	177	195	-18	-20
"K_5544 Nordreisa - Ráisa - Raisi"	"1986"	4768	66	60	6	151	220	-69	-65
"K_5544 Nordreisa - Ráisa - Raisi"	"1987"	4703	54	41	13	202	219	-17	-5
"K_5544 Nordreisa - Ráisa - Raisi"	"1988"	4698	60	67	-7	190	199	-9	-16
"K_5544 Nordreisa - Ráisa - Raisi"	"1989"	4682	73	58	15	196	196	0	15
"K_5544 Nordreisa - Ráisa - Raisi"	"1990"	4697	63	42	21	228	191	37	56
"K_5544 Nordreisa - Ráisa - Raisi"	"1991"	4753	74	48	26	183	174	9	35
"K_5544 Nordreisa - Ráisa - Raisi"	"1992"	4788	66	50	16	219	195	24	45
"K_5544 Nordreisa - Ráisa - Raisi"	"1993"	4833	73	41	32	172	173	-1	31
"K_5544 Nordreisa - Ráisa - Raisi"	"1994"	4864	88	43	45	197	200	-3	41
"K_5544 Nordreisa - Ráisa - Raisi"	"1995"	4905	66	41	25	215	231	-16	9
"K_5544 Nordreisa - Ráisa - Raisi"	"1996"	4914	62	56	6	180	248	-68	-59
"K_5544 Nordreisa - Ráisa - Raisi"	"1997"	4855	61	38	23	192	254	-62	-39
"K_5544 Nordreisa - Ráisa - Raisi"	"1998"	4816	53	50	3	203	258	-55	-51
"K_5544 Nordreisa - Ráisa - Raisi"	"1999"	4765	53	63	-10	281	215	66	56
"K_5544 Nordreisa - Ráisa - Raisi"	"2000"	4821	74	54	20	235	260	-25	-5
"K_5544 Nordreisa - Ráisa - Raisi"	"2001"	4816	34	51	-17	208	266	-58	-77
"K_5544 Nordreisa - Ráisa - Raisi"	"2002"	4739	48	61	-13	218	219	-1	-13
"K_5544 Nordreisa - Ráisa - Raisi"	"2003"	4726	49	57	-8	226	236	-10	-16
"K_5544 Nordreisa - Ráisa - Raisi"	"2004"	4710	59	43	16	239	222	17	34
"K_5544 Nordreisa - Ráisa - Raisi"	"2005"	4744	54	50	4	221	197	24	28
"K_5544 Nordreisa - Ráisa - Raisi"	"2006"	4772	39	53	-14	164	223	-59	-73
"K_5544 Nordreisa - Ráisa - Raisi"	"2007"	4699	55	43	12	206	252	-46	-34
"K_5544 Nordreisa - Ráisa - Raisi"	"2008"	4665	45	48	-3	203	178	25	29
"K_5544 Nordreisa - Ráisa - Raisi"	"2009"	4694	50	52	-2	239	174	65	63
"K_5544 Nordreisa - Ráisa - Raisi"	"2010"	4757	63	50	13	215	180	35	48
"K_5544 Nordreisa - Ráisa - Raisi"	"2011"	4805	45	34	11	216	226	-10	2
"K_5544 Nordreisa - Ráisa - Raisi"	"2012"	4807	50	49	1	241	201	40	43
"K_5544 Nordreisa - Ráisa - Raisi"	"2013"	4850	41	64	-23	222	194	28	4
"K_5544 Nordreisa - Ráisa - Raisi"	"2014"	4854	51	56	-5	221	190	31	28
"K_5544 Nordreisa - Ráisa - Raisi"	"2015"	4882	39	51	-12	249	225	24	13
"K_5544 Nordreisa - Ráisa - Raisi"	"2016"	4895	46	49	-3	284	258	26	24
"K_5544 Nordreisa - Ráisa - Raisi"	"2017"	4919	42	47	-5	244	213	31	25
"K_5544 Nordreisa - Ráisa - Raisi"	"2018"	4944	39	43	-4	232	263	-31	-35
"K_5544 Nordreisa - Ráisa - Raisi"	"2019"	4909	41	49	-8	228	268	-40	-48
"K_5544 Nordreisa - Ráisa - Raisi"	"2020"	4861	37	44	-7	173	215	-42	-49
"K_5544 Nordreisa - Ráisa - Raisi"	"2021"	4812	34	59	-25	198	239	-41	-66
"K_5544 Nordreisa - Ráisa - Raisi"	"2022"	4746	31	65	-34	395	336	59	26
"K_5544 Nordreisa - Ráisa - Raisi"	"2023"	4772	38	47	-9	615	586	29	22
"K_5544 Nordreisa - Ráisa - Raisi"	"2024"	4794	..	..	..	..	..	..	..
"K_5546 Kvænangen"	"1951"	2511	60	21	39	28	47	-19	20
"K_5546 Kvænangen"	"1952"	2531	44	14	30	30	47	-17	13
"K_5546 Kvænangen"	"1953"	2544	48	20	28	13	77	-64	-36
"K_5546 Kvænangen"	"1954"	2508	42	17	25	32	60	-28	-3
"K_5546 Kvænangen"	"1955"	2505	40	16	24	30	73	-43	7
"K_5546 Kvænangen"	"1956"	2512	48	14	34	34	72	-38	-4
"K_5546 Kvænangen"	"1957"	2508	42	24	18	33	103	-70	-52
"K_5546 Kvænangen"	"1958"	2456	33	14	19	44	98	-54	-35
"K_5546 Kvænangen"	"1959"	2421	36	24	12	52	78	-26	-14
"K_5546 Kvænangen"	"1960"	2407	30	14	16	56	105	-49	-25
"K_5546 Kvænangen"	"1961"	2382	38	20	18	39	79	-40	-22
"K_5546 Kvænangen"	"1962"	2360	36	25	11	52	103	-51	-40
"K_5546 Kvænangen"	"1963"	2320	44	17	27	129	99	30	57
"K_5546 Kvænangen"	"1964"	2377	47	25	22	76	83	-7	15
"K_5546 Kvænangen"	"1965"	2404	51	21	30	88	126	-38	-8
"K_5546 Kvænangen"	"1966"	2396	47	29	18	94	155	-61	-65
"K_5546 Kvænangen"	"1967"	2331	50	35	15	69	119	-50	-35
"K_5546 Kvænangen"	"1968"	2296	42	28	14	90	146	-56	-35
"K_5546 Kvænangen"	"1969"	2261	50	19	31	76	160	-84	-56
"K_5546 Kvænangen"	"1970"	2205	41	21	20	101	228	-127	-115
"K_5546 Kvænangen"	"1971"	2090	39	25	14	96	125	-29	-16
"K_5546 Kvænangen"	"1972"	2074	30	23	7	118	121	-3	6
"K_5546 Kvænangen"	"1973"	2080	29	36	-7	90	125	-35	-42
"K_5546 Kvænangen"	"1974"	2038	42	21	21	72	107	-35	-16
"K_5546 Kvænangen"	"1975"	2022	25	27	-2	64	81	-17	-22
"K_5546 Kvænangen"	"1976"	2000	22	27	-5	71	115	-44	-49
"K_5546 Kvænangen"	"1977"	1951	22	18	4	93	78	15	19
"K_5546 Kvænangen"	"1978"	1970	21	26	-5	57	107	-50	-54
"K_5546 Kvænangen"	"1979"	1916	18	17	1	74	91	-17	-16
"K_5546 Kvænangen"	"1980"	1900	14	20	-6	66	118	-52	-58
"K_5546 Kvænangen"	"1981"	1842	15	18	-3	67	90	-23	-25
"K_5546 Kvænangen"	"1982"	1817	19	19	0	99	76	23	24
"K_5546 Kvænangen"	"1983"	1841	16	23	-7	58	107	-49	-59
"K_5546 Kvænangen"	"1984"	1782	23	18	5	52	83	-31	-27
"K_5546 Kvænangen"	"1985"	1755	21	34	-13	57	109	-52	-64
"K_5546 Kvænangen"	"1986"	1691	19	22	-3	78	69	9	6
"K_5546 Kvænangen"	"1987"	1697	12	22	-10	51	109	-58	-69
"K_5546 Kvænangen"	"1988"	1628	15	22	-7	80	89	-9	-18
"K_5546 Kvænangen"	"1989"	1610	22	19	3	72	70	2	5
"K_5546 Kvænangen"	"1990"	1615	30	15	15	70	61	9	23
"K_5546 Kvænangen"	"1991"	1638	27	26	1	74	74	0	2
"K_5546 Kvænangen"	"1992"	1640	25	15	10	56	65	-9	-2
"K_5546 Kvænangen"	"1993"	1638	16	20	-4	66	95	-29	-32
"K_5546 Kvænangen"	"1994"	1606	14	16	-2	67	68	-1	-4
"K_5546 Kvænangen"	"1995"	1602	17	32	-15	61	54	7	-13
"K_5546 Kvænangen"	"1996"	1589	19	23	-4	60	94	-34	-39
"K_5546 Kvænangen"	"1997"	1550	19	32	-13	60	81	-21	-34
"K_5546 Kvænangen"	"1998"	1516	20	14	6	49	110	-61	-58
"K_5546 Kvænangen"	"1999"	1458	14	20	-6	58	75	-17	-23
"K_5546 Kvænangen"	"2000"	1435	19	23	-4	80	84	-4	-8
"K_5546 Kvænangen"	"2001"	1427	14	24	-10	76	55	21	15
"K_5546 Kvænangen"	"2002"	1442	12	20	-8	58	76	-18	-24
"K_5546 Kvænangen"	"2003"	1418	8	20	-12	55	68	-13	-24
"K_5546 Kvænangen"	"2004"	1394	13	22	-9	56	41	15	7
"K_5546 Kvænangen"	"2005"	1401	10	22	-12	45	55	-10	-14
"K_5546 Kvænangen"	"2006"	1387	21	24	-3	45	79	-34	-36
"K_5546 Kvænangen"	"2007"	1351	13	20	-7	56	52	4	-3
"K_5546 Kvænangen"	"2008"	1348	10	20	-10	45	53	-8	-18
"K_5546 Kvænangen"	"2009"	1330	13	21	-8	35	46	-11	-14
"K_5546 Kvænangen"	"2010"	1316	8	22	-14	48	55	-7	-22
"K_5546 Kvænangen"	"2011"	1294	8	20	-12	62	60	2	-10
"K_5546 Kvænangen"	"2012"	1284	7	20	-13	43	69	-26	-39
"K_5546 Kvænangen"	"2013"	1245	14	23	-9	64	66	-2	-11
"K_5546 Kvænangen"	"2014"	1234	11	19	-8	60	60	0	-8
"K_5546 Kvænangen"	"2015"	1226	8	14	-6	66	55	11	5
"K_5546 Kvænangen"	"2016"	1231	9	15	-6	64	56	8	2
"K_5546 Kvænangen"	"2017"	1233	10	13	-3	61	67	-6	-9
"K_5546 Kvænangen"	"2018"	1224	7	19	-12	59	69	-10	-22
"K_5546 Kvænangen"	"2019"	1202	9	13	-4	67	74	-7	-11
"K_5546 Kvænangen"	"2020"	1191	5	16	-11	65	80	-15	-25
"K_5546 Kvænangen"	"2021"	1166	5	21	-16	68	61	7	-7
"K_5546 Kvænangen"	"2022"	1159	11	18	-7	55	89	-34	-41
"K_5546 Kvænangen"	"2023"	1118	6	18	-12	112	62	50	39
"K_5546 Kvænangen"	"2024"	1157	..	..	..	..	..	..	..
"K_5601 Alta"	"1951"	8961	262	70	192	282	298	-16	176
"K_5601 Alta"	"1952"	9137	274	83	191	184	257	-73	118
"K_5601 Alta"	"1953"	9255	246	78	168	196	343	-147	21
"K_5601 Alta"	"1954"	9276	254	61	193	292	328	-36	157
"K_5601 Alta"	"1955"	9433	239	78	161	237	388	-151	137
"K_5601 Alta"	"1956"	9570	238	67	171	298	479	-181	-10
"K_5601 Alta"	"1957"	9560	200	68	132	277	393	-116	16
"K_5601 Alta"	"1958"	9576	217	71	146	314	435	-121	25
"K_5601 Alta"	"1959"	9601	199	76	123	256	414	-158	-35
"K_5601 Alta"	"1960"	9566	219	80	139	523	548	-25	89
"K_5601 Alta"	"1961"	9655	211	76	135	334	419	-85	50
"K_5601 Alta"	"1962"	9705	225	109	116	417	413	4	120
"K_5601 Alta"	"1963"	9825	239	87	152	470	552	-82	70
"K_5601 Alta"	"1964"	9895	238	83	155	349	396	-47	108
"K_5601 Alta"	"1965"	10003	241	93	148	469	465	4	152
"K_5601 Alta"	"1966"	10155	271	92	179	468	476	-8	197
"K_5601 Alta"	"1967"	10352	243	87	156	549	510	39	195
"K_5601 Alta"	"1968"	10547	270	89	181	590	514	76	265
"K_5601 Alta"	"1969"	10812	266	94	172	547	588	-41	131
"K_5601 Alta"	"1970"	10943	281	86	195	816	729	87	267
"K_5601 Alta"	"1971"	11210	288	103	185	608	550	58	234
"K_5601 Alta"	"1972"	11444	268	84	184	708	574	134	331
"K_5601 Alta"	"1973"	11775	236	108	128	599	578	21	151
"K_5601 Alta"	"1974"	11926	249	94	155	627	627	0	155
"K_5601 Alta"	"1975"	12081	199	110	89	767	552	215	293
"K_5601 Alta"	"1976"	12374	195	95	100	649	545	104	205
"K_5601 Alta"	"1977"	12579	161	97	64	723	573	150	213
"K_5601 Alta"	"1978"	12792	182	106	76	729	603	126	201
"K_5601 Alta"	"1979"	12993	182	86	96	714	581	133	226
"K_5601 Alta"	"1980"	13219	223	89	134	670	627	43	179
"K_5601 Alta"	"1981"	13398	217	106	111	659	618	41	153
"K_5601 Alta"	"1982"	13551	223	88	135	592	583	9	142
"K_5601 Alta"	"1983"	13693	195	106	89	606	610	-4	84
"K_5601 Alta"	"1984"	13777	225	83	142	646	634	12	151
"K_5601 Alta"	"1985"	13928	213	109	104	678	709	-31	72
"K_5601 Alta"	"1986"	14000	217	120	97	738	709	29	122
"K_5601 Alta"	"1987"	14122	245	120	125	739	617	122	245
"K_5601 Alta"	"1988"	14367	253	121	132	723	635	88	222
"K_5601 Alta"	"1989"	14589	278	130	148	831	697	134	268
"K_5601 Alta"	"1990"	14857	281	116	165	832	630	202	366
"K_5601 Alta"	"1991"	15223	279	110	169	872	778	94	269
"K_5601 Alta"	"1992"	15492	282	111	171	881	698	183	346
"K_5601 Alta"	"1993"	15838	304	111	193	905	858	47	247
"K_5601 Alta"	"1994"	16085	297	116	181	898	826	72	253
"K_5601 Alta"	"1995"	16338	309	112	197	877	982	-105	88
"K_5601 Alta"	"1996"	16426	306	99	207	853	1067	-214	-9
"K_5601 Alta"	"1997"	16417	334	102	232	811	925	-114	120
"K_5601 Alta"	"1998"	16537	296	104	192	784	987	-203	-11
"K_5601 Alta"	"1999"	16526	313	108	205	974	864	110	311
"K_5601 Alta"	"2000"	16837	298	89	209	943	919	24	242
"K_5601 Alta"	"2001"	17079	271	133	138	862	916	-54	80
"K_5601 Alta"	"2002"	17159	308	115	193	871	858	13	200
"K_5601 Alta"	"2003"	17359	244	99	145	791	861	-70	81
"K_5601 Alta"	"2004"	17440	244	106	138	835	785	50	188
"K_5601 Alta"	"2005"	17628	250	107	143	869	750	119	261
"K_5601 Alta"	"2006"	17889	287	117	170	775	740	35	201
"K_5601 Alta"	"2007"	18090	245	90	155	891	861	30	182
"K_5601 Alta"	"2008"	18272	267	111	156	896	841	55	216
"K_5601 Alta"	"2009"	18488	275	116	159	891	857	34	192
"K_5601 Alta"	"2010"	18680	279	110	169	992	767	225	391
"K_5601 Alta"	"2011"	19071	279	116	163	982	939	43	211
"K_5601 Alta"	"2012"	19282	272	121	151	1072	865	207	364
"K_5601 Alta"	"2013"	19646	280	113	167	963	955	8	176
"K_5601 Alta"	"2014"	19822	240	134	106	918	952	-34	76
"K_5601 Alta"	"2015"	19898	249	108	141	1067	1009	58	199
"K_5601 Alta"	"2016"	20097	273	121	152	1127	929	198	349
"K_5601 Alta"	"2017"	20446	248	147	101	944	853	91	189
"K_5601 Alta"	"2018"	20635	221	137	84	832	887	-55	30
"K_5601 Alta"	"2019"	20665	229	138	91	919	887	32	124
"K_5601 Alta"	"2020"	20789	251	132	119	871	931	-60	58
"K_5601 Alta"	"2021"	20847	284	146	138	1052	890	162	297
"K_5601 Alta"	"2022"	21144	239	152	87	1103	1013	90	173
"K_5601 Alta"	"2023"	21317	246	124	122	1418	1151	267	391
"K_5601 Alta"	"2024"	21708	..	..	..	..	..	..	..
"K_5603 Hammerfest - Hámmerfeasta"	"1951"	8093	223	64	159	388	384	4	163
"K_5603 Hammerfest - Hámmerfeasta"	"1952"	8256	204	68	136	266	264	2	138
"K_5603 Hammerfest - Hámmerfeasta"	"1953"	8394	203	57	146	371	342	29	175
"K_5603 Hammerfest - Hámmerfeasta"	"1954"	8569	232	62	170	431	414	17	187
"K_5603 Hammerfest - Hámmerfeasta"	"1955"	8756	230	67	163	565	383	182	313
"K_5603 Hammerfest - Hámmerfeasta"	"1956"	9069	228	83	145	631	582	49	194
"K_5603 Hammerfest - Hámmerfeasta"	"1957"	9263	209	64	145	540	582	-42	103
"K_5603 Hammerfest - Hámmerfeasta"	"1958"	9366	193	55	138	576	530	46	184
"K_5603 Hammerfest - Hámmerfeasta"	"1959"	9550	209	77	132	676	630	46	178
"K_5603 Hammerfest - Hámmerfeasta"	"1960"	9728	233	66	167	977	971	6	204
"K_5603 Hammerfest - Hámmerfeasta"	"1961"	9932	241	76	165	682	705	-23	142
"K_5603 Hammerfest - Hámmerfeasta"	"1962"	10074	255	71	184	691	727	-36	148
"K_5603 Hammerfest - Hámmerfeasta"	"1963"	10256	252	97	155	763	723	40	195
"K_5603 Hammerfest - Hámmerfeasta"	"1964"	10451	260	82	178	731	716	15	193
"K_5603 Hammerfest - Hámmerfeasta"	"1965"	10644	275	66	209	688	897	-209	0
"K_5603 Hammerfest - Hámmerfeasta"	"1966"	10644	294	74	220	890	829	61	322
"K_5603 Hammerfest - Hámmerfeasta"	"1967"	10966	283	80	203	918	913	5	208
"K_5603 Hammerfest - Hámmerfeasta"	"1968"	11174	294	86	208	907	1153	-246	-20
"K_5603 Hammerfest - Hámmerfeasta"	"1969"	11154	258	101	157	869	1103	-234	-81
"K_5603 Hammerfest - Hámmerfeasta"	"1970"	11073	267	86	181	1067	1137	-70	70
"K_5603 Hammerfest - Hámmerfeasta"	"1971"	11143	288	79	209	758	928	-170	21
"K_5603 Hammerfest - Hámmerfeasta"	"1972"	11164	265	87	178	1010	973	37	209
"K_5603 Hammerfest - Hámmerfeasta"	"1973"	11373	240	80	160	1030	1014	16	175
"K_5603 Hammerfest - Hámmerfeasta"	"1974"	11548	231	83	148	1083	1081	2	149
"K_5603 Hammerfest - Hámmerfeasta"	"1975"	11697	186	106	80	894	1042	-148	-80
"K_5603 Hammerfest - Hámmerfeasta"	"1976"	11617	191	100	91	699	972	-273	-185
"K_5603 Hammerfest - Hámmerfeasta"	"1977"	11432	169	97	72	774	942	-168	-97
"K_5603 Hammerfest - Hámmerfeasta"	"1978"	11335	182	74	108	826	900	-74	32
"K_5603 Hammerfest - Hámmerfeasta"	"1979"	11367	152	73	79	734	815	-81	-8
"K_5603 Hammerfest - Hámmerfeasta"	"1980"	11359	149	87	62	825	873	-48	11
"K_5603 Hammerfest - Hámmerfeasta"	"1981"	11370	144	90	54	755	902	-147	-92
"K_5603 Hammerfest - Hámmerfeasta"	"1982"	11278	142	92	50	646	840	-194	-146
"K_5603 Hammerfest - Hámmerfeasta"	"1983"	11132	160	93	67	780	879	-99	-34
"K_5603 Hammerfest - Hámmerfeasta"	"1984"	11098	152	93	59	679	861	-182	-127
"K_5603 Hammerfest - Hámmerfeasta"	"1985"	10971	165	77	88	765	913	-148	-60
"K_5603 Hammerfest - Hámmerfeasta"	"1986"	10911	144	89	55	760	940	-180	-130
"K_5603 Hammerfest - Hámmerfeasta"	"1987"	10781	139	94	45	860	1025	-165	-124
"K_5603 Hammerfest - Hámmerfeasta"	"1988"	10657	166	92	74	828	917	-89	-11
"K_5603 Hammerfest - Hámmerfeasta"	"1989"	10646	181	84	97	736	828	-92	-12
"K_5603 Hammerfest - Hámmerfeasta"	"1990"	10634	169	90	79	713	816	-103	-24
"K_5603 Hammerfest - Hámmerfeasta"	"1991"	10610	182	103	79	783	743	40	114
"K_5603 Hammerfest - Hámmerfeasta"	"1992"	10724	185	104	81	619	673	-54	23
"K_5603 Hammerfest - Hámmerfeasta"	"1993"	10747	183	88	95	642	668	-26	75
"K_5603 Hammerfest - Hámmerfeasta"	"1994"	10822	171	99	72	625	696	-71	-3
"K_5603 Hammerfest - Hámmerfeasta"	"1995"	10819	178	100	78	603	764	-161	-77
"K_5603 Hammerfest - Hámmerfeasta"	"1996"	10742	155	95	60	591	840	-249	-190
"K_5603 Hammerfest - Hámmerfeasta"	"1997"	10552	141	85	56	562	809	-247	-188
"K_5603 Hammerfest - Hámmerfeasta"	"1998"	10364	123	99	24	588	730	-142	-125
"K_5603 Hammerfest - Hámmerfeasta"	"1999"	10239	141	90	51	704	675	29	80
"K_5603 Hammerfest - Hámmerfeasta"	"2000"	10319	145	87	58	658	762	-104	-43
"K_5603 Hammerfest - Hámmerfeasta"	"2001"	10276	101	85	16	638	814	-176	-165
"K_5603 Hammerfest - Hámmerfeasta"	"2002"	10111	125	86	39	640	616	24	62
"K_5603 Hammerfest - Hámmerfeasta"	"2003"	10173	131	94	37	611	574	37	77
"K_5603 Hammerfest - Hámmerfeasta"	"2004"	10250	135	94	41	704	652	52	91
"K_5603 Hammerfest - Hámmerfeasta"	"2005"	10341	130	93	37	740	688	52	90
"K_5603 Hammerfest - Hámmerfeasta"	"2006"	10431	144	88	56	689	696	-7	52
"K_5603 Hammerfest - Hámmerfeasta"	"2007"	10483	140	103	37	759	769	-10	25
"K_5603 Hammerfest - Hámmerfeasta"	"2008"	10508	151	83	68	707	748	-41	29
"K_5603 Hammerfest - Hámmerfeasta"	"2009"	10537	175	87	88	771	646	125	213
"K_5603 Hammerfest - Hámmerfeasta"	"2010"	10750	152	82	70	716	627	89	160
"K_5603 Hammerfest - Hámmerfeasta"	"2011"	10910	130	99	31	736	732	4	34
"K_5603 Hammerfest - Hámmerfeasta"	"2012"	10944	134	92	42	827	705	122	164
"K_5603 Hammerfest - Hámmerfeasta"	"2013"	11108	153	101	52	836	653	183	230
"K_5603 Hammerfest - Hámmerfeasta"	"2014"	11338	133	89	44	774	682	92	128
"K_5603 Hammerfest - Hámmerfeasta"	"2015"	11466	152	97	55	749	785	-36	24
"K_5603 Hammerfest - Hámmerfeasta"	"2016"	11490	139	91	48	756	742	14	64
"K_5603 Hammerfest - Hámmerfeasta"	"2017"	11554	133	94	39	662	692	-30	4
"K_5603 Hammerfest - Hámmerfeasta"	"2018"	11560	143	87	56	606	694	-88	-38
"K_5603 Hammerfest - Hámmerfeasta"	"2019"	11524	120	93	27	625	727	-102	-76
"K_5603 Hammerfest - Hámmerfeasta"	"2020"	11448	102	76	26	473	609	-136	-117
"K_5603 Hammerfest - Hámmerfeasta"	"2021"	11331	103	119	-16	639	688	-49	-57
"K_5603 Hammerfest - Hámmerfeasta"	"2022"	11274	103	110	-7	836	792	44	36
"K_5603 Hammerfest - Hámmerfeasta"	"2023"	11310	97	88	9	869	861	8	28
"K_5603 Hammerfest - Hámmerfeasta"	"2024"	11338	..	..	..	..	..	..	..
"K_5605 Sør-Varanger"	"1951"	8921	198	59	139	325	350	-25	114
"K_5605 Sør-Varanger"	"1952"	9035	217	63	154	257	314	-57	97
"K_5605 Sør-Varanger"	"1953"	9132	205	56	149	297	317	-20	129
"K_5605 Sør-Varanger"	"1954"	9261	210	70	140	218	307	-89	51
"K_5605 Sør-Varanger"	"1955"	9312	217	63	154	312	314	-2	154
"K_5605 Sør-Varanger"	"1956"	9466	208	53	155	325	380	-55	100
"K_5605 Sør-Varanger"	"1957"	9566	210	79	131	417	370	47	178
"K_5605 Sør-Varanger"	"1958"	9744	215	79	136	410	336	74	210
"K_5605 Sør-Varanger"	"1959"	9954	168	73	95	332	404	-72	23
"K_5605 Sør-Varanger"	"1960"	9977	211	65	146	533	438	95	209
"K_5605 Sør-Varanger"	"1961"	10186	194	85	109	446	461	-15	94
"K_5605 Sør-Varanger"	"1962"	10280	214	75	139	498	532	-34	105
"K_5605 Sør-Varanger"	"1963"	10385	267	71	196	506	576	-70	126
"K_5605 Sør-Varanger"	"1964"	10511	236	77	159	400	557	-157	2
"K_5605 Sør-Varanger"	"1965"	10513	215	73	142	500	664	-164	-22
"K_5605 Sør-Varanger"	"1966"	10491	279	91	188	481	724	-243	-46
"K_5605 Sør-Varanger"	"1967"	10445	221	78	143	587	653	-66	77
"K_5605 Sør-Varanger"	"1968"	10522	217	96	121	523	586	-63	68
"K_5605 Sør-Varanger"	"1969"	10590	214	84	130	543	675	-132	-23
"K_5605 Sør-Varanger"	"1970"	10567	209	97	112	598	782	-184	-85
"K_5605 Sør-Varanger"	"1971"	10482	224	80	144	599	577	22	158
"K_5605 Sør-Varanger"	"1972"	10640	191	95	96	615	706	-91	8
"K_5605 Sør-Varanger"	"1973"	10648	179	92	87	663	612	51	139
"K_5605 Sør-Varanger"	"1974"	10787	177	75	102	668	694	-26	73
"K_5605 Sør-Varanger"	"1975"	10860	167	82	85	644	690	-46	31
"K_5605 Sør-Varanger"	"1976"	10891	176	84	92	602	665	-63	28
"K_5605 Sør-Varanger"	"1977"	10919	146	100	46	562	758	-196	-153
"K_5605 Sør-Varanger"	"1978"	10766	127	90	37	513	777	-264	-225
"K_5605 Sør-Varanger"	"1979"	10541	130	92	38	542	590	-48	-12
"K_5605 Sør-Varanger"	"1980"	10529	143	100	43	530	656	-126	-82
"K_5605 Sør-Varanger"	"1981"	10447	139	91	48	445	663	-218	-171
"K_5605 Sør-Varanger"	"1982"	10276	134	92	42	524	658	-134	-92
"K_5605 Sør-Varanger"	"1983"	10184	125	85	40	446	563	-117	-79
"K_5605 Sør-Varanger"	"1984"	10105	98	105	-7	521	546	-25	-32
"K_5605 Sør-Varanger"	"1985"	10073	155	117	38	451	711	-260	-220
"K_5605 Sør-Varanger"	"1986"	9853	134	103	31	492	653	-161	-108
"K_5605 Sør-Varanger"	"1987"	9745	126	106	20	490	680	-190	-181
"K_5605 Sør-Varanger"	"1988"	9564	131	79	52	549	582	-33	15
"K_5605 Sør-Varanger"	"1989"	9579	142	93	49	490	469	21	62
"K_5605 Sør-Varanger"	"1990"	9641	150	96	54	452	455	-3	52
"K_5605 Sør-Varanger"	"1991"	9693	190	117	73	524	529	-5	65
"K_5605 Sør-Varanger"	"1992"	9758	150	103	47	534	516	18	61
"K_5605 Sør-Varanger"	"1993"	9819	178	99	79	575	539	36	111
"K_5605 Sør-Varanger"	"1994"	9930	153	94	59	566	646	-80	-17
"K_5605 Sør-Varanger"	"1995"	9913	171	97	74	702	688	14	97
"K_5605 Sør-Varanger"	"1996"	10010	159	96	63	490	724	-234	-167
"K_5605 Sør-Varanger"	"1997"	9843	172	112	60	566	677	-111	-53
"K_5605 Sør-Varanger"	"1998"	9790	146	85	61	597	801	-204	-144
"K_5605 Sør-Varanger"	"1999"	9646	146	111	35	536	685	-149	-114
"K_5605 Sør-Varanger"	"2000"	9532	132	95	37	564	635	-71	-34
"K_5605 Sør-Varanger"	"2001"	9498	134	98	36	565	493	72	110
"K_5605 Sør-Varanger"	"2002"	9608	116	95	21	468	552	-84	-61
"K_5605 Sør-Varanger"	"2003"	9547	111	112	-1	480	526	-46	-47
"K_5605 Sør-Varanger"	"2004"	9500	101	88	13	405	456	-51	-37
"K_5605 Sør-Varanger"	"2005"	9463	123	88	35	444	478	-34	1
"K_5605 Sør-Varanger"	"2006"	9464	101	94	7	444	424	20	26
"K_5605 Sør-Varanger"	"2007"	9490	111	89	22	469	464	5	28
"K_5605 Sør-Varanger"	"2008"	9518	126	65	61	465	418	47	105
"K_5605 Sør-Varanger"	"2009"	9623	114	71	43	512	443	69	115
"K_5605 Sør-Varanger"	"2010"	9738	112	104	8	593	508	85	88
"K_5605 Sør-Varanger"	"2011"	9826	95	94	1	612	581	31	34
"K_5605 Sør-Varanger"	"2012"	9860	109	74	35	592	523	69	108
"K_5605 Sør-Varanger"	"2013"	9968	92	67	25	597	497	100	122
"K_5605 Sør-Varanger"	"2014"	10090	107	93	14	626	507	119	131
"K_5605 Sør-Varanger"	"2015"	10221	83	97	-14	568	548	20	6
"K_5605 Sør-Varanger"	"2016"	10227	91	85	6	561	594	-33	-28
"K_5605 Sør-Varanger"	"2017"	10199	95	99	-4	487	513	-26	-28
"K_5605 Sør-Varanger"	"2018"	10171	101	83	18	507	541	-34	-15
"K_5605 Sør-Varanger"	"2019"	10156	99	91	8	472	477	-5	2
"K_5605 Sør-Varanger"	"2020"	10158	92	74	18	467	540	-73	-55
"K_5605 Sør-Varanger"	"2021"	10103	102	94	8	470	655	-185	-178
"K_5605 Sør-Varanger"	"2022"	9925	73	83	-10	608	680	-72	-75
"K_5605 Sør-Varanger"	"2023"	9850	88	86	2	829	619	210	213
"K_5605 Sør-Varanger"	"2024"	10063	..	..	..	..	..	..	..
"K_5607 Vadsø"	"1951"	4427	108	34	74	337	413	-76	-2
"K_5607 Vadsø"	"1952"	4425	92	45	47	139	223	-84	-37
"K_5607 Vadsø"	"1953"	4388	114	33	81	290	308	-18	63
"K_5607 Vadsø"	"1954"	4451	107	33	74	237	251	-14	60
"K_5607 Vadsø"	"1955"	4511	104	28	76	182	254	-72	-48
"K_5607 Vadsø"	"1956"	4463	89	25	64	249	253	-4	60
"K_5607 Vadsø"	"1957"	4523	82	35	47	335	347	-12	35
"K_5607 Vadsø"	"1958"	4558	96	40	56	279	308	-29	27
"K_5607 Vadsø"	"1959"	4585	123	35	88	361	308	53	141
"K_5607 Vadsø"	"1960"	4726	95	38	57	407	507	-100	-40
"K_5607 Vadsø"	"1961"	4686	116	42	74	305	340	-35	39
"K_5607 Vadsø"	"1962"	4725	115	42	73	310	318	-8	65
"K_5607 Vadsø"	"1963"	4790	118	38	80	379	309	70	150
"K_5607 Vadsø"	"1964"	4940	129	35	94	381	299	82	176
"K_5607 Vadsø"	"1965"	5116	132	41	91	333	265	68	159
"K_5607 Vadsø"	"1966"	5275	135	49	86	333	360	-27	67
"K_5607 Vadsø"	"1967"	5342	153	40	113	349	342	7	120
"K_5607 Vadsø"	"1968"	5462	147	42	105	387	385	2	111
"K_5607 Vadsø"	"1969"	5573	153	53	100	317	373	-56	31
"K_5607 Vadsø"	"1970"	5604	140	46	94	427	527	-100	-34
"K_5607 Vadsø"	"1971"	5570	128	40	88	412	414	-2	82
"K_5607 Vadsø"	"1972"	5652	132	42	90	388	339	49	145
"K_5607 Vadsø"	"1973"	5797	123	41	82	367	390	-23	58
"K_5607 Vadsø"	"1974"	5855	88	47	41	417	378	39	82
"K_5607 Vadsø"	"1975"	5937	101	49	52	360	336	24	75
"K_5607 Vadsø"	"1976"	6012	80	37	43	314	359	-45	3
"K_5607 Vadsø"	"1977"	6015	70	51	19	378	435	-57	-37
"K_5607 Vadsø"	"1978"	5978	82	39	43	443	411	32	76
"K_5607 Vadsø"	"1979"	6054	68	34	34	402	443	-41	-6
"K_5607 Vadsø"	"1980"	6048	70	49	21	414	405	9	26
"K_5607 Vadsø"	"1981"	6074	88	42	46	373	390	-17	28
"K_5607 Vadsø"	"1982"	6102	69	44	25	317	454	-137	-112
"K_5607 Vadsø"	"1983"	5990	82	42	40	373	394	-21	19
"K_5607 Vadsø"	"1984"	6009	84	52	32	279	323	-44	-11
"K_5607 Vadsø"	"1985"	5998	90	41	49	287	376	-89	-40
"K_5607 Vadsø"	"1986"	5958	86	45	41	329	477	-148	-106
"K_5607 Vadsø"	"1987"	5852	81	46	35	393	379	14	42
"K_5607 Vadsø"	"1988"	5894	98	52	46	391	385	6	53
"K_5607 Vadsø"	"1989"	5947	101	48	53	351	378	-27	20
"K_5607 Vadsø"	"1990"	5967	98	57	41	344	345	-1	39
"K_5607 Vadsø"	"1991"	6006	98	45	53	351	353	-2	49
"K_5607 Vadsø"	"1992"	6055	145	44	101	440	313	127	227
"K_5607 Vadsø"	"1993"	6282	115	63	52	512	455	57	109
"K_5607 Vadsø"	"1994"	6391	98	51	47	382	403	-21	24
"K_5607 Vadsø"	"1995"	6415	110	59	51	380	516	-136	-85
"K_5607 Vadsø"	"1996"	6330	105	59	46	390	534	-144	-96
"K_5607 Vadsø"	"1997"	6234	103	42	61	345	475	-130	-70
"K_5607 Vadsø"	"1998"	6164	106	45	61	393	435	-42	18
"K_5607 Vadsø"	"1999"	6182	94	57	37	424	513	-89	-52
"K_5607 Vadsø"	"2000"	6130	84	54	30	487	478	9	37
"K_5607 Vadsø"	"2001"	6167	81	58	23	362	436	-74	-47
"K_5607 Vadsø"	"2002"	6120	68	56	12	395	403	-8	2
"K_5607 Vadsø"	"2003"	6122	71	66	5	407	348	59	64
"K_5607 Vadsø"	"2004"	6186	76	41	35	368	401	-33	-5
"K_5607 Vadsø"	"2005"	6181	72	46	26	267	356	-89	-67
"K_5607 Vadsø"	"2006"	6114	78	45	33	372	393	-21	10
"K_5607 Vadsø"	"2007"	6124	81	53	28	362	449	-87	-62
"K_5607 Vadsø"	"2008"	6062	54	52	2	381	371	10	14
"K_5607 Vadsø"	"2009"	6076	71	53	18	362	355	7	25
"K_5607 Vadsø"	"2010"	6101	57	60	-3	392	393	-1	-6
"K_5607 Vadsø"	"2011"	6095	62	39	23	421	410	11	30
"K_5607 Vadsø"	"2012"	6125	48	44	4	441	409	32	38
"K_5607 Vadsø"	"2013"	6163	50	54	-4	437	376	61	60
"K_5607 Vadsø"	"2014"	6223	51	55	-4	429	407	22	16
"K_5607 Vadsø"	"2015"	6239	55	40	15	442	534	-92	-79
"K_5607 Vadsø"	"2016"	6160	71	52	19	490	517	-27	-6
"K_5607 Vadsø"	"2017"	6154	52	39	13	373	510	-137	-121
"K_5607 Vadsø"	"2018"	6033	49	39	10	275	425	-150	-139
"K_5607 Vadsø"	"2019"	5894	50	42	8	290	404	-114	-106
"K_5607 Vadsø"	"2020"	5788	48	53	-5	242	384	-142	-146
"K_5607 Vadsø"	"2021"	5642	50	55	-5	278	342	-64	-74
"K_5607 Vadsø"	"2022"	5568	49	69	-20	305	255	50	25
"K_5607 Vadsø"	"2023"	5593	55	49	6	558	358	200	214
"K_5607 Vadsø"	"2024"	5807	..	..	..	..	..	..	..
"K_5610 Kárásjohka - Karasjok"	"1951"	1693	56	12	44	29	27	2	46
"K_5610 Kárásjohka - Karasjok"	"1952"	1739	64	10	54	46	30	16	70
"K_5610 Kárásjohka - Karasjok"	"1953"	1809	64	18	46	37	21	16	62
"K_5610 Kárásjohka - Karasjok"	"1954"	1871	62	14	48	52	31	21	69
"K_5610 Kárásjohka - Karasjok"	"1955"	1940	61	13	48	42	36	6	55
"K_5610 Kárásjohka - Karasjok"	"1956"	1995	66	9	57	36	47	-11	46
"K_5610 Kárásjohka - Karasjok"	"1957"	2041	49	14	35	55	54	1	36
"K_5610 Kárásjohka - Karasjok"	"1958"	2077	65	9	56	57	67	-10	46
"K_5610 Kárásjohka - Karasjok"	"1959"	2123	60	16	44	45	50	-5	39
"K_5610 Kárásjohka - Karasjok"	"1960"	2162	69	11	58	49	94	-45	31
"K_5610 Kárásjohka - Karasjok"	"1961"	2193	66	11	55	57	55	2	57
"K_5610 Kárásjohka - Karasjok"	"1962"	2250	64	15	49	56	67	-11	38
"K_5610 Kárásjohka - Karasjok"	"1963"	2288	57	13	44	82	106	-24	20
"K_5610 Kárásjohka - Karasjok"	"1964"	2308	112	15	97	64	75	-11	86
"K_5610 Kárásjohka - Karasjok"	"1965"	2394	61	12	49	78	69	9	58
"K_5610 Kárásjohka - Karasjok"	"1966"	2452	46	8	38	158	115	43	9
"K_5610 Kárásjohka - Karasjok"	"1967"	2461	69	12	57	94	101	-7	50
"K_5610 Kárásjohka - Karasjok"	"1968"	2511	77	17	60	99	154	-55	2
"K_5610 Kárásjohka - Karasjok"	"1969"	2513	46	17	29	146	129	17	45
"K_5610 Kárásjohka - Karasjok"	"1970"	2558	59	16	43	133	201	-68	-16
"K_5610 Kárásjohka - Karasjok"	"1971"	2542	55	15	40	140	135	5	43
"K_5610 Kárásjohka - Karasjok"	"1972"	2585	44	16	28	121	112	9	38
"K_5610 Kárásjohka - Karasjok"	"1973"	2623	63	17	46	134	119	15	59
"K_5610 Kárásjohka - Karasjok"	"1974"	2682	49	15	34	109	126	-17	12
"K_5610 Kárásjohka - Karasjok"	"1975"	2694	53	18	35	139	165	-26	7
"K_5610 Kárásjohka - Karasjok"	"1976"	2701	44	15	29	101	168	-67	-40
"K_5610 Kárásjohka - Karasjok"	"1977"	2661	41	23	18	153	180	-27	-9
"K_5610 Kárásjohka - Karasjok"	"1978"	2652	45	19	26	130	179	-49	-23
"K_5610 Kárásjohka - Karasjok"	"1979"	2629	42	23	19	144	134	10	29
"K_5610 Kárásjohka - Karasjok"	"1980"	2658	33	14	19	130	162	-32	-10
"K_5610 Kárásjohka - Karasjok"	"1981"	2648	38	21	17	148	118	30	47
"K_5610 Kárásjohka - Karasjok"	"1982"	2695	44	8	36	145	190	-45	-9
"K_5610 Kárásjohka - Karasjok"	"1983"	2686	31	14	17	128	134	-6	14
"K_5610 Kárásjohka - Karasjok"	"1984"	2700	52	19	33	128	129	-1	32
"K_5610 Kárásjohka - Karasjok"	"1985"	2732	41	24	17	95	150	-55	-38
"K_5610 Kárásjohka - Karasjok"	"1986"	2694	45	20	25	131	195	-64	-40
"K_5610 Kárásjohka - Karasjok"	"1987"	2654	52	20	32	155	172	-17	16
"K_5610 Kárásjohka - Karasjok"	"1988"	2670	43	24	19	143	174	-31	-12
"K_5610 Kárásjohka - Karasjok"	"1989"	2658	49	22	27	143	167	-24	-6
"K_5610 Kárásjohka - Karasjok"	"1990"	2652	51	33	18	159	137	22	38
"K_5610 Kárásjohka - Karasjok"	"1991"	2690	47	25	22	152	139	13	36
"K_5610 Kárásjohka - Karasjok"	"1992"	2726	56	14	42	139	149	-10	31
"K_5610 Kárásjohka - Karasjok"	"1993"	2757	49	22	27	155	156	-1	29
"K_5610 Kárásjohka - Karasjok"	"1994"	2786	55	22	33	139	169	-30	2
"K_5610 Kárásjohka - Karasjok"	"1995"	2788	54	27	27	141	167	-26	1
"K_5610 Kárásjohka - Karasjok"	"1996"	2789	53	21	32	175	129	46	78
"K_5610 Kárásjohka - Karasjok"	"1997"	2867	46	21	25	108	143	-35	-10
"K_5610 Kárásjohka - Karasjok"	"1998"	2857	49	17	32	147	168	-21	14
"K_5610 Kárásjohka - Karasjok"	"1999"	2871	59	17	42	159	171	-12	30
"K_5610 Kárásjohka - Karasjok"	"2000"	2901	38	27	11	125	160	-35	-24
"K_5610 Kárásjohka - Karasjok"	"2001"	2877	29	17	12	130	168	-38	-25
"K_5610 Kárásjohka - Karasjok"	"2002"	2852	39	11	28	131	167	-36	-8
"K_5610 Kárásjohka - Karasjok"	"2003"	2844	27	19	8	142	127	15	21
"K_5610 Kárásjohka - Karasjok"	"2004"	2865	38	21	17	134	139	-5	11
"K_5610 Kárásjohka - Karasjok"	"2005"	2876	35	22	13	127	130	-3	13
"K_5610 Kárásjohka - Karasjok"	"2006"	2889	29	25	4	137	157	-20	-16
"K_5610 Kárásjohka - Karasjok"	"2007"	2873	31	21	10	149	163	-14	-7
"K_5610 Kárásjohka - Karasjok"	"2008"	2866	28	30	-2	81	160	-79	-80
"K_5610 Kárásjohka - Karasjok"	"2009"	2786	34	20	14	141	152	-11	3
"K_5610 Kárásjohka - Karasjok"	"2010"	2789	24	24	0	121	142	-21	-21
"K_5610 Kárásjohka - Karasjok"	"2011"	2768	34	29	5	149	159	-10	-5
"K_5610 Kárásjohka - Karasjok"	"2012"	2763	15	24	-9	109	142	-33	-42
"K_5610 Kárásjohka - Karasjok"	"2013"	2721	19	16	3	118	144	-26	-23
"K_5610 Kárásjohka - Karasjok"	"2014"	2698	21	21	0	123	113	10	10
"K_5610 Kárásjohka - Karasjok"	"2015"	2708	23	21	2	113	155	-42	-40
"K_5610 Kárásjohka - Karasjok"	"2016"	2668	21	21	0	147	119	28	28
"K_5610 Kárásjohka - Karasjok"	"2017"	2696	22	24	-2	118	111	7	5
"K_5610 Kárásjohka - Karasjok"	"2018"	2701	22	23	-1	99	126	-27	-28
"K_5610 Kárásjohka - Karasjok"	"2019"	2673	24	20	4	99	148	-49	-45
"K_5610 Kárásjohka - Karasjok"	"2020"	2628	21	21	0	139	127	12	13
"K_5610 Kárásjohka - Karasjok"	"2021"	2641	16	27	-11	129	175	-46	-57
"K_5610 Kárásjohka - Karasjok"	"2022"	2584	25	36	-11	105	134	-29	-41
"K_5610 Kárásjohka - Karasjok"	"2023"	2543	22	23	-1	138	117	21	22
"K_5610 Kárásjohka - Karasjok"	"2024"	2565	..	..	..	..	..	..	..
"K_5612 Guovdageaidnu - Kautokeino"	"1951"	1559	54	22	32	20	25	-5	27
"K_5612 Guovdageaidnu - Kautokeino"	"1952"	1586	46	15	31	15	31	-16	15
"K_5612 Guovdageaidnu - Kautokeino"	"1953"	1601	46	19	27	24	21	3	30
"K_5612 Guovdageaidnu - Kautokeino"	"1954"	1631	50	9	41	31	33	-2	39
"K_5612 Guovdageaidnu - Kautokeino"	"1955"	1670	51	21	30	27	20	7	40
"K_5612 Guovdageaidnu - Kautokeino"	"1956"	1710	60	18	42	51	38	13	55
"K_5612 Guovdageaidnu - Kautokeino"	"1957"	1765	49	12	37	44	48	-4	33
"K_5612 Guovdageaidnu - Kautokeino"	"1958"	1798	52	10	42	17	28	-11	31
"K_5612 Guovdageaidnu - Kautokeino"	"1959"	1829	44	15	29	38	33	5	34
"K_5612 Guovdageaidnu - Kautokeino"	"1960"	1863	63	18	45	39	25	14	83
"K_5612 Guovdageaidnu - Kautokeino"	"1961"	1946	56	16	40	38	54	-16	24
"K_5612 Guovdageaidnu - Kautokeino"	"1962"	1970	62	23	39	66	40	26	65
"K_5612 Guovdageaidnu - Kautokeino"	"1963"	2035	68	10	58	42	42	0	58
"K_5612 Guovdageaidnu - Kautokeino"	"1964"	2093	72	17	55	59	52	7	62
"K_5612 Guovdageaidnu - Kautokeino"	"1965"	2155	69	18	51	76	73	3	54
"K_5612 Guovdageaidnu - Kautokeino"	"1966"	2209	74	11	63	89	70	19	60
"K_5612 Guovdageaidnu - Kautokeino"	"1967"	2269	65	15	50	97	99	-2	48
"K_5612 Guovdageaidnu - Kautokeino"	"1968"	2317	70	14	56	118	105	13	82
"K_5612 Guovdageaidnu - Kautokeino"	"1969"	2399	86	18	68	144	102	42	108
"K_5612 Guovdageaidnu - Kautokeino"	"1970"	2507	69	15	54	156	154	2	71
"K_5612 Guovdageaidnu - Kautokeino"	"1971"	2578	67	16	51	116	162	-46	5
"K_5612 Guovdageaidnu - Kautokeino"	"1972"	2583	68	16	52	152	118	34	89
"K_5612 Guovdageaidnu - Kautokeino"	"1973"	2672	67	13	54	159	167	-8	45
"K_5612 Guovdageaidnu - Kautokeino"	"1974"	2717	67	17	50	148	126	22	74
"K_5612 Guovdageaidnu - Kautokeino"	"1975"	2791	65	18	47	137	171	-34	11
"K_5612 Guovdageaidnu - Kautokeino"	"1976"	2802	61	15	46	129	162	-33	15
"K_5612 Guovdageaidnu - Kautokeino"	"1977"	2817	59	23	36	123	165	-42	-7
"K_5612 Guovdageaidnu - Kautokeino"	"1978"	2810	71	16	55	135	153	-18	35
"K_5612 Guovdageaidnu - Kautokeino"	"1979"	2845	61	19	42	99	131	-32	10
"K_5612 Guovdageaidnu - Kautokeino"	"1980"	2855	50	23	27	117	140	-23	4
"K_5612 Guovdageaidnu - Kautokeino"	"1981"	2859	68	10	58	122	118	4	63
"K_5612 Guovdageaidnu - Kautokeino"	"1982"	2922	46	9	37	93	143	-50	-13
"K_5612 Guovdageaidnu - Kautokeino"	"1983"	2909	67	26	41	139	130	9	51
"K_5612 Guovdageaidnu - Kautokeino"	"1984"	2960	45	14	31	81	147	-66	-35
"K_5612 Guovdageaidnu - Kautokeino"	"1985"	2925	53	16	37	81	121	-40	0
"K_5612 Guovdageaidnu - Kautokeino"	"1986"	2925	46	24	22	82	135	-53	-32
"K_5612 Guovdageaidnu - Kautokeino"	"1987"	2893	48	28	20	113	119	-6	14
"K_5612 Guovdageaidnu - Kautokeino"	"1988"	2907	48	20	28	113	108	5	23
"K_5612 Guovdageaidnu - Kautokeino"	"1989"	2930	48	19	29	105	118	-13	23
"K_5612 Guovdageaidnu - Kautokeino"	"1990"	2953	52	25	27	95	113	-18	10
"K_5612 Guovdageaidnu - Kautokeino"	"1991"	2963	56	18	38	132	122	10	48
"K_5612 Guovdageaidnu - Kautokeino"	"1992"	3011	54	15	39	130	99	31	69
"K_5612 Guovdageaidnu - Kautokeino"	"1993"	3080	53	19	34	112	116	-4	30
"K_5612 Guovdageaidnu - Kautokeino"	"1994"	3110	47	23	24	123	118	5	31
"K_5612 Guovdageaidnu - Kautokeino"	"1995"	3141	63	24	39	119	140	-21	21
"K_5612 Guovdageaidnu - Kautokeino"	"1996"	3162	48	17	31	121	137	-16	14
"K_5612 Guovdageaidnu - Kautokeino"	"1997"	3176	47	23	24	88	147	-59	-36
"K_5612 Guovdageaidnu - Kautokeino"	"1998"	3140	41	15	26	100	139	-39	-19
"K_5612 Guovdageaidnu - Kautokeino"	"1999"	3121	41	24	17	60	130	-70	-53
"K_5612 Guovdageaidnu - Kautokeino"	"2000"	3068	57	18	39	92	123	-31	8
"K_5612 Guovdageaidnu - Kautokeino"	"2001"	3076	37	15	22	103	147	-44	-24
"K_5612 Guovdageaidnu - Kautokeino"	"2002"	3052	43	25	18	88	137	-49	-30
"K_5612 Guovdageaidnu - Kautokeino"	"2003"	3022	43	17	26	95	141	-46	-20
"K_5612 Guovdageaidnu - Kautokeino"	"2004"	3002	34	19	15	116	136	-20	-5
"K_5612 Guovdageaidnu - Kautokeino"	"2005"	2997	51	18	33	86	118	-32	1
"K_5612 Guovdageaidnu - Kautokeino"	"2006"	2998	48	14	34	70	137	-67	-33
"K_5612 Guovdageaidnu - Kautokeino"	"2007"	2965	47	19	28	96	143	-47	-18
"K_5612 Guovdageaidnu - Kautokeino"	"2008"	2947	41	19	22	151	148	3	24
"K_5612 Guovdageaidnu - Kautokeino"	"2009"	2971	53	18	35	97	154	-57	-22
"K_5612 Guovdageaidnu - Kautokeino"	"2010"	2949	28	21	7	105	124	-19	-14
"K_5612 Guovdageaidnu - Kautokeino"	"2011"	2935	36	21	15	102	126	-24	-8
"K_5612 Guovdageaidnu - Kautokeino"	"2012"	2927	30	24	6	91	101	-10	-4
"K_5612 Guovdageaidnu - Kautokeino"	"2013"	2923	48	19	29	109	131	-22	8
"K_5612 Guovdageaidnu - Kautokeino"	"2014"	2931	36	25	11	123	150	-27	-17
"K_5612 Guovdageaidnu - Kautokeino"	"2015"	2914	42	28	14	139	111	28	42
"K_5612 Guovdageaidnu - Kautokeino"	"2016"	2956	34	19	15	131	159	-28	-18
"K_5612 Guovdageaidnu - Kautokeino"	"2017"	2938	30	28	2	127	121	6	8
"K_5612 Guovdageaidnu - Kautokeino"	"2018"	2946	31	17	14	106	142	-36	-22
"K_5612 Guovdageaidnu - Kautokeino"	"2019"	2924	29	28	1	107	122	-15	-14
"K_5612 Guovdageaidnu - Kautokeino"	"2020"	2910	26	19	7	114	110	4	10
"K_5612 Guovdageaidnu - Kautokeino"	"2021"	2920	18	33	-15	111	140	-29	-43
"K_5612 Guovdageaidnu - Kautokeino"	"2022"	2877	16	25	-9	126	149	-23	-30
"K_5612 Guovdageaidnu - Kautokeino"	"2023"	2847	31	28	3	110	113	-3	1
"K_5612 Guovdageaidnu - Kautokeino"	"2024"	2848	..	..	..	..	..	..	..
"K_5614 Loppa"	"1951"	2477	62	18	44	97	100	-3	41
"K_5614 Loppa"	"1952"	2518	77	16	61	79	57	22	83
"K_5614 Loppa"	"1953"	2601	71	20	51	57	84	-27	24
"K_5614 Loppa"	"1954"	2625	54	17	37	71	111	-40	-3
"K_5614 Loppa"	"1955"	2622	74	28	46	88	119	-31	41
"K_5614 Loppa"	"1956"	2663	59	16	43	104	142	-38	5
"K_5614 Loppa"	"1957"	2668	58	11	47	78	127	-49	-2
"K_5614 Loppa"	"1958"	2666	57	16	41	81	85	-4	37
"K_5614 Loppa"	"1959"	2703	71	12	59	87	143	-56	3
"K_5614 Loppa"	"1960"	2706	67	22	45	99	180	-81	-49
"K_5614 Loppa"	"1961"	2657	66	17	49	99	122	-23	26
"K_5614 Loppa"	"1962"	2683	56	21	35	108	183	-75	-40
"K_5614 Loppa"	"1963"	2643	52	24	28	116	160	-44	-16
"K_5614 Loppa"	"1964"	2627	63	13	50	91	118	-27	23
"K_5614 Loppa"	"1965"	2650	48	20	28	110	190	-80	-52
"K_5614 Loppa"	"1966"	2598	51	30	21	116	204	-88	-104
"K_5614 Loppa"	"1967"	2494	54	29	25	78	176	-98	-73
"K_5614 Loppa"	"1968"	2421	54	23	31	102	200	-98	-53
"K_5614 Loppa"	"1969"	2368	49	28	21	88	160	-72	-46
"K_5614 Loppa"	"1970"	2322	48	21	27	113	221	-108	-91
"K_5614 Loppa"	"1971"	2231	62	14	48	109	136	-27	27
"K_5614 Loppa"	"1972"	2258	50	26	24	88	186	-98	-73
"K_5614 Loppa"	"1973"	2185	58	14	44	117	129	-12	30
"K_5614 Loppa"	"1974"	2215	47	22	25	126	155	-29	-3
"K_5614 Loppa"	"1975"	2212	29	18	11	101	129	-28	-16
"K_5614 Loppa"	"1976"	2196	30	23	7	121	156	-35	-29
"K_5614 Loppa"	"1977"	2167	33	14	19	95	159	-64	-45
"K_5614 Loppa"	"1978"	2122	26	21	5	118	157	-39	-37
"K_5614 Loppa"	"1979"	2085	31	21	10	103	133	-30	-15
"K_5614 Loppa"	"1980"	2070	14	23	-9	120	146	-26	-34
"K_5614 Loppa"	"1981"	2036	26	13	13	104	108	-4	8
"K_5614 Loppa"	"1982"	2044	25	32	-7	103	110	-7	-13
"K_5614 Loppa"	"1983"	2031	24	26	-2	76	112	-36	-42
"K_5614 Loppa"	"1984"	1989	23	15	8	79	132	-53	-45
"K_5614 Loppa"	"1985"	1944	34	26	8	94	123	-29	-22
"K_5614 Loppa"	"1986"	1922	25	21	4	65	126	-61	-56
"K_5614 Loppa"	"1987"	1866	24	33	-9	60	147	-87	-97
"K_5614 Loppa"	"1988"	1769	14	11	3	59	127	-68	-66
"K_5614 Loppa"	"1989"	1703	23	18	5	76	95	-19	-16
"K_5614 Loppa"	"1990"	1687	20	19	1	59	92	-33	-32
"K_5614 Loppa"	"1991"	1655	25	20	5	67	97	-30	-26
"K_5614 Loppa"	"1992"	1629	16	23	-7	64	87	-23	-30
"K_5614 Loppa"	"1993"	1599	24	22	2	66	118	-52	-50
"K_5614 Loppa"	"1994"	1549	34	16	18	76	90	-14	3
"K_5614 Loppa"	"1995"	1552	22	15	7	84	133	-49	-35
"K_5614 Loppa"	"1996"	1517	27	17	10	72	113	-41	-31
"K_5614 Loppa"	"1997"	1486	16	18	-2	92	128	-36	-38
"K_5614 Loppa"	"1998"	1448	18	19	-1	97	101	-4	-5
"K_5614 Loppa"	"1999"	1443	18	24	-6	95	106	-11	-17
"K_5614 Loppa"	"2000"	1426	18	22	-4	89	90	-1	-5
"K_5614 Loppa"	"2001"	1421	18	14	4	75	102	-27	-23
"K_5614 Loppa"	"2002"	1398	14	21	-7	68	130	-62	-69
"K_5614 Loppa"	"2003"	1329	15	17	-2	55	89	-34	-35
"K_5614 Loppa"	"2004"	1294	13	18	-5	75	93	-18	-28
"K_5614 Loppa"	"2005"	1266	13	13	0	57	101	-44	-53
"K_5614 Loppa"	"2006"	1213	4	22	-18	48	93	-45	-63
"K_5614 Loppa"	"2007"	1150	5	27	-22	54	76	-22	-44
"K_5614 Loppa"	"2008"	1106	6	20	-14	56	61	-5	-19
"K_5614 Loppa"	"2009"	1087	3	11	-8	73	65	8	0
"K_5614 Loppa"	"2010"	1087	11	13	-2	55	63	-8	-9
"K_5614 Loppa"	"2011"	1078	7	19	-12	68	48	20	9
"K_5614 Loppa"	"2012"	1087	7	16	-9	68	76	-8	-17
"K_5614 Loppa"	"2013"	1070	8	18	-10	54	87	-33	-43
"K_5614 Loppa"	"2014"	1027	5	9	-4	33	67	-34	-38
"K_5614 Loppa"	"2015"	989	8	15	-7	34	65	-31	-38
"K_5614 Loppa"	"2016"	951	6	15	-9	96	70	26	17
"K_5614 Loppa"	"2017"	968	7	18	-11	53	69	-16	-27
"K_5614 Loppa"	"2018"	941	7	24	-17	38	45	-7	-24
"K_5614 Loppa"	"2019"	917	2	15	-13	79	95	-16	-29
"K_5614 Loppa"	"2020"	888	4	11	-7	74	95	-21	-28
"K_5614 Loppa"	"2021"	860	7	14	-7	65	59	6	-1
"K_5614 Loppa"	"2022"	859	2	20	-18	90	68	22	3
"K_5614 Loppa"	"2023"	862	8	7	1	77	77	0	2
"K_5614 Loppa"	"2024"	864	..	..	..	..	..	..	..
"K_5616 Hasvik"	"1951"	1768	54	9	45	48	79	-31	14
"K_5616 Hasvik"	"1952"	1782	40	14	26	37	26	11	37
"K_5616 Hasvik"	"1953"	1819	36	15	21	31	78	-47	-26
"K_5616 Hasvik"	"1954"	1793	54	17	37	29	64	-35	2
"K_5616 Hasvik"	"1955"	1795	27	13	14	54	66	-12	15
"K_5616 Hasvik"	"1956"	1810	39	8	31	52	75	-23	8
"K_5616 Hasvik"	"1957"	1818	35	18	17	50	101	-51	-34
"K_5616 Hasvik"	"1958"	1784	38	15	23	78	78	0	23
"K_5616 Hasvik"	"1959"	1807	43	11	32	91	100	-9	23
"K_5616 Hasvik"	"1960"	1830	43	21	22	118	99	19	36
"K_5616 Hasvik"	"1961"	1866	22	14	8	55	90	-35	-27
"K_5616 Hasvik"	"1962"	1839	30	16	14	63	117	-54	-40
"K_5616 Hasvik"	"1963"	1799	39	16	23	122	97	25	48
"K_5616 Hasvik"	"1964"	1847	43	15	28	75	82	-7	21
"K_5616 Hasvik"	"1965"	1868	42	22	20	105	93	12	32
"K_5616 Hasvik"	"1966"	1900	45	12	33	100	165	-65	-46
"K_5616 Hasvik"	"1967"	1854	51	25	26	95	181	-86	-60
"K_5616 Hasvik"	"1968"	1794	35	23	12	86	154	-68	-58
"K_5616 Hasvik"	"1969"	1736	41	28	13	88	141	-53	-41
"K_5616 Hasvik"	"1970"	1695	27	14	13	132	231	-99	-70
"K_5616 Hasvik"	"1971"	1625	40	14	26	100	139	-39	-13
"K_5616 Hasvik"	"1972"	1612	37	16	21	104	116	-12	10
"K_5616 Hasvik"	"1973"	1622	30	9	21	148	108	40	58
"K_5616 Hasvik"	"1974"	1680	39	10	29	139	128	11	37
"K_5616 Hasvik"	"1975"	1717	33	11	22	131	166	-35	-12
"K_5616 Hasvik"	"1976"	1705	22	14	8	119	166	-47	-37
"K_5616 Hasvik"	"1977"	1668	22	11	11	153	127	26	37
"K_5616 Hasvik"	"1978"	1705	25	9	16	88	136	-48	-31
"K_5616 Hasvik"	"1979"	1674	17	18	-1	72	96	-24	-25
"K_5616 Hasvik"	"1980"	1649	23	17	6	118	102	16	22
"K_5616 Hasvik"	"1981"	1671	23	12	11	255	192	63	73
"K_5616 Hasvik"	"1982"	1744	18	18	0	115	189	-74	-72
"K_5616 Hasvik"	"1983"	1672	24	14	10	84	183	-99	-88
"K_5616 Hasvik"	"1984"	1584	24	13	11	111	134	-23	-12
"K_5616 Hasvik"	"1985"	1572	22	13	9	81	125	-44	-35
"K_5616 Hasvik"	"1986"	1537	19	21	-2	84	160	-76	-78
"K_5616 Hasvik"	"1987"	1459	22	18	4	91	142	-51	-47
"K_5616 Hasvik"	"1988"	1412	17	12	5	115	155	-40	-37
"K_5616 Hasvik"	"1989"	1375	24	24	0	104	142	-38	-38
"K_5616 Hasvik"	"1990"	1337	24	14	10	125	111	14	24
"K_5616 Hasvik"	"1991"	1361	23	21	2	187	125	62	65
"K_5616 Hasvik"	"1992"	1426	28	16	12	97	132	-35	-23
"K_5616 Hasvik"	"1993"	1403	13	15	-2	117	166	-49	-52
"K_5616 Hasvik"	"1994"	1351	22	15	7	103	127	-24	-17
"K_5616 Hasvik"	"1995"	1334	30	15	15	82	116	-34	-18
"K_5616 Hasvik"	"1996"	1316	18	18	0	103	154	-51	-51
"K_5616 Hasvik"	"1997"	1265	21	10	11	90	121	-31	-20
"K_5616 Hasvik"	"1998"	1245	20	19	1	110	118	-8	-8
"K_5616 Hasvik"	"1999"	1237	16	19	-3	67	101	-34	-37
"K_5616 Hasvik"	"2000"	1200	15	14	1	112	109	3	4
"K_5616 Hasvik"	"2001"	1204	19	4	15	87	123	-36	-20
"K_5616 Hasvik"	"2002"	1184	10	20	-10	46	113	-67	-77
"K_5616 Hasvik"	"2003"	1107	10	11	-1	67	78	-11	-12
"K_5616 Hasvik"	"2004"	1095	7	17	-10	48	84	-36	-46
"K_5616 Hasvik"	"2005"	1049	7	9	-2	60	74	-14	-16
"K_5616 Hasvik"	"2006"	1033	8	24	-16	63	75	-12	-28
"K_5616 Hasvik"	"2007"	1005	15	15	0	67	74	-7	-7
"K_5616 Hasvik"	"2008"	998	6	9	-3	58	80	-22	-28
"K_5616 Hasvik"	"2009"	970	10	21	-11	51	76	-25	-36
"K_5616 Hasvik"	"2010"	934	10	15	-5	94	51	43	38
"K_5616 Hasvik"	"2011"	972	10	20	-10	99	62	37	23
"K_5616 Hasvik"	"2012"	995	10	6	4	81	57	24	28
"K_5616 Hasvik"	"2013"	1023	11	13	-2	95	79	16	14
"K_5616 Hasvik"	"2014"	1037	6	5	1	89	86	3	4
"K_5616 Hasvik"	"2015"	1041	7	14	-7	75	55	20	13
"K_5616 Hasvik"	"2016"	1054	9	12	-3	60	74	-14	-17
"K_5616 Hasvik"	"2017"	1037	10	12	-2	51	64	-13	-15
"K_5616 Hasvik"	"2018"	1022	5	11	-6	82	58	24	23
"K_5616 Hasvik"	"2019"	1045	4	8	-4	63	99	-36	-40
"K_5616 Hasvik"	"2020"	1005	5	14	-9	56	69	-13	-22
"K_5616 Hasvik"	"2021"	983	5	18	-13	47	53	-6	-19
"K_5616 Hasvik"	"2022"	964	7	18	-11	74	57	17	6
"K_5616 Hasvik"	"2023"	970	3	10	-7	80	66	14	9
"K_5616 Hasvik"	"2024"	979	..	..	..	..	..	..	..
"K_5618 Måsøy"	"1951"	2830	79	19	60	86	71	15	75
"K_5618 Måsøy"	"1952"	2905	89	25	64	64	68	-4	60
"K_5618 Måsøy"	"1953"	2965	72	28	44	85	63	22	66
"K_5618 Måsøy"	"1954"	3031	76	21	55	67	107	-40	15
"K_5618 Måsøy"	"1955"	3046	78	24	54	73	123	-50	17
"K_5618 Måsøy"	"1956"	3063	72	21	51	144	118	26	77
"K_5618 Måsøy"	"1957"	3140	75	31	44	100	167	-67	-23
"K_5618 Måsøy"	"1958"	3117	90	25	65	119	120	-1	64
"K_5618 Måsøy"	"1959"	3181	70	34	36	95	133	-38	-2
"K_5618 Måsøy"	"1960"	3179	75	24	51	120	165	-45	-5
"K_5618 Måsøy"	"1961"	3174	76	31	45	124	147	-23	22
"K_5618 Måsøy"	"1962"	3196	80	24	56	127	143	-16	40
"K_5618 Måsøy"	"1963"	3202	81	31	50	96	145	-49	1
"K_5618 Måsøy"	"1964"	3203	64	28	36	120	127	-7	29
"K_5618 Måsøy"	"1965"	3232	66	25	41	133	200	-67	-26
"K_5618 Måsøy"	"1966"	3206	77	31	46	127	171	-44	22
"K_5618 Måsøy"	"1967"	3228	64	26	38	80	139	-59	-21
"K_5618 Måsøy"	"1968"	3207	61	27	34	156	262	-106	-70
"K_5618 Måsøy"	"1969"	3137	73	33	40	111	254	-143	-123
"K_5618 Måsøy"	"1970"	3014	59	24	35	194	362	-168	-127
"K_5618 Måsøy"	"1971"	2887	71	14	57	173	220	-47	12
"K_5618 Måsøy"	"1972"	2899	60	26	34	216	218	-2	31
"K_5618 Måsøy"	"1973"	2930	64	25	39	171	243	-72	-34
"K_5618 Måsøy"	"1974"	2896	53	28	25	212	197	15	39
"K_5618 Måsøy"	"1975"	2935	54	34	20	116	215	-99	-79
"K_5618 Måsøy"	"1976"	2856	39	22	17	161	195	-34	-19
"K_5618 Måsøy"	"1977"	2837	37	33	4	125	218	-93	-88
"K_5618 Måsøy"	"1978"	2749	40	24	16	155	219	-64	-48
"K_5618 Måsøy"	"1979"	2701	35	36	-1	112	188	-76	-78
"K_5618 Måsøy"	"1980"	2623	31	33	-2	144	194	-50	-51
"K_5618 Måsøy"	"1981"	2572	25	29	-4	105	121	-16	-22
"K_5618 Måsøy"	"1982"	2550	27	25	2	91	163	-72	-79
"K_5618 Måsøy"	"1983"	2471	26	25	1	126	160	-34	-39
"K_5618 Måsøy"	"1984"	2432	33	28	5	84	183	-99	-333
"K_5618 Måsøy"	"1985"	2099	20	25	-5	85	161	-76	-81
"K_5618 Måsøy"	"1986"	2018	22	18	4	117	170	-53	-50
"K_5618 Måsøy"	"1987"	1968	23	25	-2	87	156	-69	-71
"K_5618 Måsøy"	"1988"	1897	35	32	3	109	148	-39	-38
"K_5618 Måsøy"	"1989"	1859	27	26	1	97	118	-21	-20
"K_5618 Måsøy"	"1990"	1839	30	24	6	108	133	-25	-20
"K_5618 Måsøy"	"1991"	1819	24	30	-6	103	101	2	-3
"K_5618 Måsøy"	"1992"	1816	31	18	13	97	120	-23	-10
"K_5618 Måsøy"	"1993"	1806	29	21	8	74	111	-37	-28
"K_5618 Måsøy"	"1994"	1778	31	16	15	75	145	-70	-58
"K_5618 Måsøy"	"1995"	1720	17	27	-10	66	116	-50	-59
"K_5618 Måsøy"	"1996"	1661	21	20	1	83	134	-51	-50
"K_5618 Måsøy"	"1997"	1611	18	19	-1	56	125	-69	-70
"K_5618 Måsøy"	"1998"	1541	19	24	-5	63	100	-37	-44
"K_5618 Måsøy"	"1999"	1497	10	21	-11	77	86	-9	-20
"K_5618 Måsøy"	"2000"	1477	19	16	3	75	86	-11	-8
"K_5618 Måsøy"	"2001"	1469	13	21	-8	70	97	-27	-36
"K_5618 Måsøy"	"2002"	1433	11	18	-7	75	77	-2	-8
"K_5618 Måsøy"	"2003"	1425	12	15	-3	58	81	-23	-26
"K_5618 Måsøy"	"2004"	1399	9	17	-8	67	65	2	-6
"K_5618 Måsøy"	"2005"	1393	14	22	-8	73	84	-11	-17
"K_5618 Måsøy"	"2006"	1376	10	19	-9	43	91	-48	-57
"K_5618 Måsøy"	"2007"	1319	12	12	0	92	78	14	14
"K_5618 Måsøy"	"2008"	1333	13	20	-7	55	73	-18	-24
"K_5618 Måsøy"	"2009"	1309	8	20	-12	63	93	-30	-42
"K_5618 Måsøy"	"2010"	1267	12	22	-10	57	85	-28	-39
"K_5618 Måsøy"	"2011"	1228	9	12	-3	81	62	19	15
"K_5618 Måsøy"	"2012"	1243	7	14	-7	78	74	4	-3
"K_5618 Måsøy"	"2013"	1240	11	23	-12	73	60	13	1
"K_5618 Måsøy"	"2014"	1241	8	16	-8	74	66	8	0
"K_5618 Måsøy"	"2015"	1241	17	17	0	66	92	-26	-26
"K_5618 Måsøy"	"2016"	1215	4	16	-12	82	82	0	-11
"K_5618 Måsøy"	"2017"	1204	8	15	-7	98	64	34	27
"K_5618 Måsøy"	"2018"	1231	5	18	-13	105	88	17	4
"K_5618 Måsøy"	"2019"	1235	7	15	-8	91	93	-2	-10
"K_5618 Måsøy"	"2020"	1225	10	20	-10	71	91	-20	-28
"K_5618 Måsøy"	"2021"	1197	7	7	0	68	106	-38	-35
"K_5618 Måsøy"	"2022"	1162	6	16	-10	71	105	-34	-43
"K_5618 Måsøy"	"2023"	1119	5	25	-20	100	87	13	-6
"K_5618 Måsøy"	"2024"	1113	..	..	..	..	..	..	..
"K_5620 Nordkapp"	"1951"	4448	138	40	98	117	169	-52	46
"K_5620 Nordkapp"	"1952"	4494	134	40	94	198	107	91	185
"K_5620 Nordkapp"	"1953"	4679	136	42	94	168	147	21	115
"K_5620 Nordkapp"	"1954"	4794	111	33	78	234	181	53	131
"K_5620 Nordkapp"	"1955"	4925	142	43	99	205	186	19	172
"K_5620 Nordkapp"	"1956"	5097	134	55	79	175	196	-21	58
"K_5620 Nordkapp"	"1957"	5155	143	31	112	202	232	-30	82
"K_5620 Nordkapp"	"1958"	5237	130	43	87	178	249	-71	16
"K_5620 Nordkapp"	"1959"	5253	140	46	94	197	253	-56	38
"K_5620 Nordkapp"	"1960"	5291	127	49	78	299	343	-44	19
"K_5620 Nordkapp"	"1961"	5310	135	33	102	202	268	-66	36
"K_5620 Nordkapp"	"1962"	5346	130	43	87	267	315	-48	39
"K_5620 Nordkapp"	"1963"	5385	142	49	93	286	415	-129	-36
"K_5620 Nordkapp"	"1964"	5349	90	38	52	273	354	-81	-29
"K_5620 Nordkapp"	"1965"	5320	131	34	97	305	406	-101	-4
"K_5620 Nordkapp"	"1966"	5316	140	48	92	348	355	-7	133
"K_5620 Nordkapp"	"1967"	5449	117	51	66	278	410	-132	-66
"K_5620 Nordkapp"	"1968"	5383	123	39	84	242	378	-136	-48
"K_5620 Nordkapp"	"1969"	5335	128	56	72	265	433	-168	-101
"K_5620 Nordkapp"	"1970"	5234	115	42	73	307	453	-146	-73
"K_5620 Nordkapp"	"1971"	5161	96	49	47	261	314	-53	-7
"K_5620 Nordkapp"	"1972"	5154	103	54	49	306	393	-87	-37
"K_5620 Nordkapp"	"1973"	5117	104	51	53	314	364	-50	4
"K_5620 Nordkapp"	"1974"	5121	108	48	60	271	375	-104	-46
"K_5620 Nordkapp"	"1975"	5075	67	33	34	296	351	-55	-24
"K_5620 Nordkapp"	"1976"	5051	80	39	41	312	393	-81	-38
"K_5620 Nordkapp"	"1977"	5013	65	50	15	263	359	-96	-82
"K_5620 Nordkapp"	"1978"	4931	68	35	33	276	398	-122	-96
"K_5620 Nordkapp"	"1979"	4835	61	44	17	252	375	-123	-99
"K_5620 Nordkapp"	"1980"	4736	58	46	12	226	334	-108	-96
"K_5620 Nordkapp"	"1981"	4640	55	44	11	261	420	-159	-148
"K_5620 Nordkapp"	"1982"	4492	43	44	-1	255	341	-86	-80
"K_5620 Nordkapp"	"1983"	4412	73	44	29	259	323	-64	-30
"K_5620 Nordkapp"	"1984"	4382	69	63	6	208	307	-99	143
"K_5620 Nordkapp"	"1985"	4525	73	52	21	191	343	-152	-132
"K_5620 Nordkapp"	"1986"	4393	61	47	14	165	355	-190	-179
"K_5620 Nordkapp"	"1987"	4214	58	39	19	216	323	-107	-87
"K_5620 Nordkapp"	"1988"	4127	56	43	13	207	296	-89	-66
"K_5620 Nordkapp"	"1989"	4061	73	46	27	162	269	-107	-86
"K_5620 Nordkapp"	"1990"	3975	57	42	15	203	209	-6	11
"K_5620 Nordkapp"	"1991"	3986	61	44	17	243	251	-8	8
"K_5620 Nordkapp"	"1992"	3994	66	42	24	196	254	-58	-32
"K_5620 Nordkapp"	"1993"	3962	74	58	16	213	220	-7	8
"K_5620 Nordkapp"	"1994"	3970	64	52	12	199	265	-66	-56
"K_5620 Nordkapp"	"1995"	3914	71	53	18	185	265	-80	-62
"K_5620 Nordkapp"	"1996"	3852	55	40	15	155	248	-93	-81
"K_5620 Nordkapp"	"1997"	3771	50	41	9	169	343	-174	-165
"K_5620 Nordkapp"	"1998"	3606	55	34	21	171	242	-71	-52
"K_5620 Nordkapp"	"1999"	3554	44	46	-2	166	200	-34	-37
"K_5620 Nordkapp"	"2000"	3517	53	40	13	181	206	-25	-12
"K_5620 Nordkapp"	"2001"	3505	46	44	2	182	175	7	8
"K_5620 Nordkapp"	"2002"	3513	32	42	-10	160	168	-8	-16
"K_5620 Nordkapp"	"2003"	3497	43	53	-10	138	156	-18	-29
"K_5620 Nordkapp"	"2004"	3468	37	47	-10	166	210	-44	-53
"K_5620 Nordkapp"	"2005"	3415	36	25	11	121	216	-95	-85
"K_5620 Nordkapp"	"2006"	3330	32	26	6	123	183	-60	-56
"K_5620 Nordkapp"	"2007"	3274	26	55	-29	142	168	-26	-55
"K_5620 Nordkapp"	"2008"	3219	46	48	-2	147	183	-36	-39
"K_5620 Nordkapp"	"2009"	3180	28	50	-22	152	127	25	5
"K_5620 Nordkapp"	"2010"	3185	31	41	-10	214	165	49	39
"K_5620 Nordkapp"	"2011"	3224	24	45	-21	179	154	25	4
"K_5620 Nordkapp"	"2012"	3228	23	29	-6	164	182	-18	-23
"K_5620 Nordkapp"	"2013"	3205	18	29	-11	174	156	18	8
"K_5620 Nordkapp"	"2014"	3213	26	30	-4	218	150	68	65
"K_5620 Nordkapp"	"2015"	3278	25	40	-15	182	169	13	-2
"K_5620 Nordkapp"	"2016"	3276	24	27	-3	198	179	19	15
"K_5620 Nordkapp"	"2017"	3291	15	38	-23	151	180	-29	-52
"K_5620 Nordkapp"	"2018"	3239	25	49	-24	203	202	1	-21
"K_5620 Nordkapp"	"2019"	3218	26	36	-10	145	191	-46	-56
"K_5620 Nordkapp"	"2020"	3162	16	35	-19	121	190	-69	-87
"K_5620 Nordkapp"	"2021"	3075	25	37	-12	130	244	-114	-128
"K_5620 Nordkapp"	"2022"	2947	14	38	-24	242	235	7	-15
"K_5620 Nordkapp"	"2023"	2932	20	37	-17	203	168	35	19
"K_5620 Nordkapp"	"2024"	2951	..	..	..	..	..	..	..
"K_5622 Porsanger - Porsángu - Porsanki"	"1951"	3298	97	28	69	92	149	-57	12
"K_5622 Porsanger - Porsángu - Porsanki"	"1952"	3310	78	29	49	104	116	-12	37
"K_5622 Porsanger - Porsángu - Porsanki"	"1953"	3347	105	33	72	73	155	-82	-10
"K_5622 Porsanger - Porsángu - Porsanki"	"1954"	3337	100	27	73	74	103	-29	44
"K_5622 Porsanger - Porsángu - Porsanki"	"1955"	3381	78	21	57	83	133	-50	25
"K_5622 Porsanger - Porsángu - Porsanki"	"1956"	3406	95	26	69	109	113	-4	65
"K_5622 Porsanger - Porsángu - Porsanki"	"1957"	3471	75	42	33	160	176	-16	17
"K_5622 Porsanger - Porsángu - Porsanki"	"1958"	3488	73	33	40	133	141	-8	32
"K_5622 Porsanger - Porsángu - Porsanki"	"1959"	3520	99	23	76	163	157	6	82
"K_5622 Porsanger - Porsángu - Porsanki"	"1960"	3602	70	44	26	147	154	-7	-2
"K_5622 Porsanger - Porsángu - Porsanki"	"1961"	3600	91	33	58	132	156	-24	34
"K_5622 Porsanger - Porsángu - Porsanki"	"1962"	3634	73	22	51	176	182	-6	45
"K_5622 Porsanger - Porsángu - Porsanki"	"1963"	3679	76	30	46	206	222	-16	30
"K_5622 Porsanger - Porsángu - Porsanki"	"1964"	3709	87	36	51	194	167	27	78
"K_5622 Porsanger - Porsángu - Porsanki"	"1965"	3787	97	43	54	236	241	-5	49
"K_5622 Porsanger - Porsángu - Porsanki"	"1966"	3836	91	33	58	228	260	-32	35
"K_5622 Porsanger - Porsángu - Porsanki"	"1967"	3871	95	40	55	263	258	5	60
"K_5622 Porsanger - Porsángu - Porsanki"	"1968"	3931	80	26	54	254	324	-70	-20
"K_5622 Porsanger - Porsángu - Porsanki"	"1969"	3911	84	33	51	235	272	-37	11
"K_5622 Porsanger - Porsángu - Porsanki"	"1970"	3922	85	25	60	292	373	-81	-15
"K_5622 Porsanger - Porsángu - Porsanki"	"1971"	3907	75	32	43	277	253	24	54
"K_5622 Porsanger - Porsángu - Porsanki"	"1972"	3961	74	41	33	467	270	197	232
"K_5622 Porsanger - Porsángu - Porsanki"	"1973"	4193	85	36	49	479	351	128	175
"K_5622 Porsanger - Porsángu - Porsanki"	"1974"	4368	82	23	59	404	330	74	132
"K_5622 Porsanger - Porsángu - Porsanki"	"1975"	4500	76	40	36	360	426	-66	-32
"K_5622 Porsanger - Porsángu - Porsanki"	"1976"	4468	72	40	32	410	423	-13	18
"K_5622 Porsanger - Porsángu - Porsanki"	"1977"	4486	58	30	28	368	372	-4	23
"K_5622 Porsanger - Porsángu - Porsanki"	"1978"	4509	74	31	43	366	437	-71	-27
"K_5622 Porsanger - Porsángu - Porsanki"	"1979"	4482	70	56	14	445	344	101	115
"K_5622 Porsanger - Porsángu - Porsanki"	"1980"	4597	56	42	14	355	397	-42	-29
"K_5622 Porsanger - Porsángu - Porsanki"	"1981"	4568	73	24	49	333	382	-49	-2
"K_5622 Porsanger - Porsángu - Porsanki"	"1982"	4566	62	31	31	329	375	-46	-10
"K_5622 Porsanger - Porsángu - Porsanki"	"1983"	4556	80	46	34	321	370	-49	-15
"K_5622 Porsanger - Porsángu - Porsanki"	"1984"	4541	63	38	25	330	336	-6	18
"K_5622 Porsanger - Porsángu - Porsanki"	"1985"	4559	71	44	27	279	479	-200	-170
"K_5622 Porsanger - Porsángu - Porsanki"	"1986"	4389	68	37	31	341	380	-39	15
"K_5622 Porsanger - Porsángu - Porsanki"	"1987"	4404	57	33	24	352	432	-80	-18
"K_5622 Porsanger - Porsángu - Porsanki"	"1988"	4386	65	30	35	389	365	24	57
"K_5622 Porsanger - Porsángu - Porsanki"	"1989"	4443	65	43	22	360	350	10	32
"K_5622 Porsanger - Porsángu - Porsanki"	"1990"	4475	68	38	30	361	353	8	39
"K_5622 Porsanger - Porsángu - Porsanki"	"1991"	4514	58	39	19	313	332	-19	-3
"K_5622 Porsanger - Porsángu - Porsanki"	"1992"	4511	66	46	20	327	325	2	24
"K_5622 Porsanger - Porsángu - Porsanki"	"1993"	4535	66	41	25	281	353	-72	-42
"K_5622 Porsanger - Porsángu - Porsanki"	"1994"	4493	71	50	21	354	401	-47	-32
"K_5622 Porsanger - Porsángu - Porsanki"	"1995"	4461	69	36	33	306	336	-30	0
"K_5622 Porsanger - Porsángu - Porsanki"	"1996"	4461	69	48	21	317	331	-14	10
"K_5622 Porsanger - Porsángu - Porsanki"	"1997"	4471	66	40	26	275	350	-75	-49
"K_5622 Porsanger - Porsángu - Porsanki"	"1998"	4422	65	48	17	279	318	-39	-25
"K_5622 Porsanger - Porsángu - Porsanki"	"1999"	4397	61	44	17	321	290	31	54
"K_5622 Porsanger - Porsángu - Porsanki"	"2000"	4451	58	38	20	299	409	-110	-93
"K_5622 Porsanger - Porsángu - Porsanki"	"2001"	4358	64	42	22	280	312	-32	-9
"K_5622 Porsanger - Porsángu - Porsanki"	"2002"	4349	65	48	17	214	288	-74	-55
"K_5622 Porsanger - Porsángu - Porsanki"	"2003"	4294	47	33	14	231	209	22	35
"K_5622 Porsanger - Porsángu - Porsanki"	"2004"	4329	56	50	6	238	274	-36	-30
"K_5622 Porsanger - Porsángu - Porsanki"	"2005"	4299	51	26	25	193	292	-99	-77
"K_5622 Porsanger - Porsángu - Porsanki"	"2006"	4222	57	41	16	202	299	-97	-81
"K_5622 Porsanger - Porsángu - Porsanki"	"2007"	4141	39	47	-8	175	249	-74	-82
"K_5622 Porsanger - Porsángu - Porsanki"	"2008"	4059	31	49	-18	163	204	-41	-59
"K_5622 Porsanger - Porsángu - Porsanki"	"2009"	4000	41	35	6	212	227	-15	-9
"K_5622 Porsanger - Porsángu - Porsanki"	"2010"	3991	39	46	-7	221	228	-7	-11
"K_5622 Porsanger - Porsángu - Porsanki"	"2011"	3980	34	38	-4	215	242	-27	-34
"K_5622 Porsanger - Porsángu - Porsanki"	"2012"	3946	24	44	-20	242	203	39	22
"K_5622 Porsanger - Porsángu - Porsanki"	"2013"	3968	37	51	-14	200	191	9	-5
"K_5622 Porsanger - Porsángu - Porsanki"	"2014"	3963	33	48	-15	195	218	-23	-38
"K_5622 Porsanger - Porsángu - Porsanki"	"2015"	3925	37	23	14	253	215	38	53
"K_5622 Porsanger - Porsángu - Porsanki"	"2016"	3978	32	40	-8	215	214	1	-7
"K_5622 Porsanger - Porsángu - Porsanki"	"2017"	3971	40	37	3	177	189	-12	-7
"K_5622 Porsanger - Porsángu - Porsanki"	"2018"	3964	24	40	-16	165	171	-6	-20
"K_5622 Porsanger - Porsángu - Porsanki"	"2019"	3944	42	43	-1	231	176	55	54
"K_5622 Porsanger - Porsángu - Porsanki"	"2020"	3998	26	56	-30	199	246	-47	-77
"K_5622 Porsanger - Porsángu - Porsanki"	"2021"	3921	32	50	-18	197	196	1	-17
"K_5622 Porsanger - Porsángu - Porsanki"	"2022"	3904	25	53	-28	196	207	-11	-41
"K_5622 Porsanger - Porsángu - Porsanki"	"2023"	3863	24	43	-19	203	159	44	26
"K_5622 Porsanger - Porsángu - Porsanki"	"2024"	3889	..	..	..	..	..	..	..
"K_5624 Lebesby"	"1951"	2438	77	19	58	73	85	-12	46
"K_5624 Lebesby"	"1952"	2484	70	23	47	57	93	-36	11
"K_5624 Lebesby"	"1953"	2495	70	17	53	51	83	-32	21
"K_5624 Lebesby"	"1954"	2516	60	23	37	48	117	-69	-32
"K_5624 Lebesby"	"1955"	2484	73	16	57	73	77	-4	55
"K_5624 Lebesby"	"1956"	2539	70	10	60	59	129	-70	-10
"K_5624 Lebesby"	"1957"	2529	62	17	45	59	126	-67	-22
"K_5624 Lebesby"	"1958"	2507	50	24	26	78	146	-68	-42
"K_5624 Lebesby"	"1959"	2465	46	18	28	60	139	-79	-51
"K_5624 Lebesby"	"1960"	2414	54	20	34	78	155	-77	8
"K_5624 Lebesby"	"1961"	2422	59	11	48	67	104	-37	11
"K_5624 Lebesby"	"1962"	2433	47	19	28	66	109	-43	-15
"K_5624 Lebesby"	"1963"	2418	46	29	17	76	116	-40	-23
"K_5624 Lebesby"	"1964"	2395	51	20	31	64	129	-65	-34
"K_5624 Lebesby"	"1965"	2361	49	23	26	64	123	-59	-33
"K_5624 Lebesby"	"1966"	2328	52	31	21	137	171	-34	-16
"K_5624 Lebesby"	"1967"	2312	48	18	30	112	125	-13	17
"K_5624 Lebesby"	"1968"	2329	63	14	49	105	149	-44	10
"K_5624 Lebesby"	"1969"	2339	52	22	30	121	233	-112	-78
"K_5624 Lebesby"	"1970"	2261	43	19	24	191	224	-33	-17
"K_5624 Lebesby"	"1971"	2244	54	29	25	162	140	22	47
"K_5624 Lebesby"	"1972"	2291	30	22	8	149	237	-88	-78
"K_5624 Lebesby"	"1973"	2213	43	21	22	161	220	-59	-20
"K_5624 Lebesby"	"1974"	2193	32	25	7	153	177	-24	-19
"K_5624 Lebesby"	"1975"	2174	38	22	16	122	165	-43	-27
"K_5624 Lebesby"	"1976"	2147	37	23	14	98	202	-104	-88
"K_5624 Lebesby"	"1977"	2059	27	27	0	130	174	-44	-44
"K_5624 Lebesby"	"1978"	2015	27	15	12	140	143	-3	7
"K_5624 Lebesby"	"1979"	2022	34	18	16	150	174	-24	-7
"K_5624 Lebesby"	"1980"	2015	21	17	4	114	167	-53	-50
"K_5624 Lebesby"	"1981"	1965	25	21	4	115	119	-4	0
"K_5624 Lebesby"	"1982"	1965	22	15	7	122	163	-41	-34
"K_5624 Lebesby"	"1983"	1931	26	26	0	131	139	-8	-10
"K_5624 Lebesby"	"1984"	1921	21	25	-4	86	158	-72	-75
"K_5624 Lebesby"	"1985"	1846	18	15	3	106	148	-42	-35
"K_5624 Lebesby"	"1986"	1811	25	29	-4	122	138	-16	-17
"K_5624 Lebesby"	"1987"	1794	25	19	6	96	161	-65	-58
"K_5624 Lebesby"	"1988"	1736	32	17	15	137	126	11	25
"K_5624 Lebesby"	"1989"	1761	26	12	14	106	128	-22	-7
"K_5624 Lebesby"	"1990"	1754	22	31	-9	57	107	-50	-59
"K_5624 Lebesby"	"1991"	1695	18	20	-2	73	114	-41	-43
"K_5624 Lebesby"	"1992"	1652	23	26	-3	80	100	-20	-22
"K_5624 Lebesby"	"1993"	1630	19	25	-6	68	94	-26	-32
"K_5624 Lebesby"	"1994"	1598	20	27	-7	72	86	-14	-20
"K_5624 Lebesby"	"1995"	1578	21	26	-5	114	118	-4	-10
"K_5624 Lebesby"	"1996"	1568	34	23	11	102	106	-4	8
"K_5624 Lebesby"	"1997"	1576	25	16	9	71	118	-47	-38
"K_5624 Lebesby"	"1998"	1538	19	18	1	85	142	-57	-55
"K_5624 Lebesby"	"1999"	1483	12	19	-7	91	104	-13	-20
"K_5624 Lebesby"	"2000"	1463	27	21	6	169	115	54	61
"K_5624 Lebesby"	"2001"	1524	26	11	15	102	130	-28	-13
"K_5624 Lebesby"	"2002"	1511	15	19	-4	119	126	-7	-11
"K_5624 Lebesby"	"2003"	1500	15	16	-1	72	97	-25	-27
"K_5624 Lebesby"	"2004"	1473	21	19	2	72	117	-45	-43
"K_5624 Lebesby"	"2005"	1430	10	18	-8	55	86	-31	-39
"K_5624 Lebesby"	"2006"	1391	12	13	-1	72	105	-33	-34
"K_5624 Lebesby"	"2007"	1357	10	18	-8	48	93	-45	-53
"K_5624 Lebesby"	"2008"	1304	11	12	-1	83	54	29	28
"K_5624 Lebesby"	"2009"	1332	8	19	-11	95	74	21	10
"K_5624 Lebesby"	"2010"	1342	11	20	-9	72	70	2	-6
"K_5624 Lebesby"	"2011"	1336	8	16	-8	115	87	28	20
"K_5624 Lebesby"	"2012"	1356	11	20	-9	89	97	-8	-17
"K_5624 Lebesby"	"2013"	1339	13	14	-1	72	69	3	2
"K_5624 Lebesby"	"2014"	1341	12	12	0	72	70	2	2
"K_5624 Lebesby"	"2015"	1343	8	10	-2	71	95	-24	-25
"K_5624 Lebesby"	"2016"	1318	8	18	-10	109	87	22	12
"K_5624 Lebesby"	"2017"	1330	10	15	-5	99	75	24	19
"K_5624 Lebesby"	"2018"	1349	11	12	-1	70	90	-20	-21
"K_5624 Lebesby"	"2019"	1328	11	21	-10	89	117	-28	-38
"K_5624 Lebesby"	"2020"	1290	8	15	-7	82	95	-13	-19
"K_5624 Lebesby"	"2021"	1271	11	13	-2	75	123	-48	-50
"K_5624 Lebesby"	"2022"	1221	8	25	-17	81	58	23	5
"K_5624 Lebesby"	"2023"	1226	8	20	-12	69	69	0	-11
"K_5624 Lebesby"	"2024"	1215	..	..	..	..	..	..	..
"K_5626 Gamvik"	"1951"	1736	51	18	33	83	79	4	37
"K_5626 Gamvik"	"1952"	1773	42	12	30	25	86	-61	-31
"K_5626 Gamvik"	"1953"	1742	45	13	32	25	64	-39	-7
"K_5626 Gamvik"	"1954"	1735	36	18	18	54	111	-57	-39
"K_5626 Gamvik"	"1955"	1696	42	9	33	51	73	-22	48
"K_5626 Gamvik"	"1956"	1744	36	11	25	53	79	-26	-1
"K_5626 Gamvik"	"1957"	1743	35	15	20	69	93	-24	-4
"K_5626 Gamvik"	"1958"	1739	46	13	33	57	69	-12	21
"K_5626 Gamvik"	"1959"	1760	54	26	28	51	65	-14	14
"K_5626 Gamvik"	"1960"	1774	35	18	17	73	95	-22	-12
"K_5626 Gamvik"	"1961"	1762	30	14	16	62	63	-1	15
"K_5626 Gamvik"	"1962"	1777	42	20	22	57	81	-24	-2
"K_5626 Gamvik"	"1963"	1775	36	20	16	63	111	-48	-32
"K_5626 Gamvik"	"1964"	1743	43	10	33	69	100	-31	2
"K_5626 Gamvik"	"1965"	1745	30	14	16	98	149	-51	-35
"K_5626 Gamvik"	"1966"	1710	36	13	23	108	141	-33	-32
"K_5626 Gamvik"	"1967"	1678	37	18	19	53	110	-57	-38
"K_5626 Gamvik"	"1968"	1640	24	18	6	86	95	-9	0
"K_5626 Gamvik"	"1969"	1640	40	16	24	110	125	-15	10
"K_5626 Gamvik"	"1970"	1650	33	15	18	155	145	10	32
"K_5626 Gamvik"	"1971"	1682	39	16	23	110	98	12	31
"K_5626 Gamvik"	"1972"	1713	41	17	24	102	98	4	30
"K_5626 Gamvik"	"1973"	1743	41	19	22	120	116	4	26
"K_5626 Gamvik"	"1974"	1769	29	19	10	128	140	-12	-2
"K_5626 Gamvik"	"1975"	1767	28	16	12	100	134	-34	-24
"K_5626 Gamvik"	"1976"	1743	29	13	16	105	104	1	16
"K_5626 Gamvik"	"1977"	1759	28	7	21	112	139	-27	-7
"K_5626 Gamvik"	"1978"	1752	21	21	0	84	157	-73	-72
"K_5626 Gamvik"	"1979"	1680	23	15	8	69	121	-52	-44
"K_5626 Gamvik"	"1980"	1636	16	13	3	87	119	-32	-30
"K_5626 Gamvik"	"1981"	1606	24	15	9	95	128	-33	-24
"K_5626 Gamvik"	"1982"	1582	25	11	14	80	107	-27	-13
"K_5626 Gamvik"	"1983"	1569	20	15	5	116	100	16	21
"K_5626 Gamvik"	"1984"	1590	11	13	-2	91	109	-18	-22
"K_5626 Gamvik"	"1985"	1568	17	9	8	60	112	-52	-45
"K_5626 Gamvik"	"1986"	1523	12	17	-5	80	119	-39	-44
"K_5626 Gamvik"	"1987"	1479	25	18	7	68	93	-25	-21
"K_5626 Gamvik"	"1988"	1458	16	12	4	118	131	-13	-8
"K_5626 Gamvik"	"1989"	1450	26	16	10	101	137	-36	-26
"K_5626 Gamvik"	"1990"	1424	21	20	1	77	104	-27	-26
"K_5626 Gamvik"	"1991"	1398	17	17	0	81	91	-10	-10
"K_5626 Gamvik"	"1992"	1388	20	15	5	96	72	24	35
"K_5626 Gamvik"	"1993"	1423	21	14	7	113	80	33	38
"K_5626 Gamvik"	"1994"	1461	28	20	8	110	127	-17	-6
"K_5626 Gamvik"	"1995"	1455	27	17	10	91	143	-52	-45
"K_5626 Gamvik"	"1996"	1410	20	15	5	71	160	-89	-84
"K_5626 Gamvik"	"1997"	1326	28	11	17	89	94	-5	11
"K_5626 Gamvik"	"1998"	1337	18	26	-8	86	131	-45	-54
"K_5626 Gamvik"	"1999"	1283	13	14	-1	121	115	6	5
"K_5626 Gamvik"	"2000"	1288	20	19	1	99	119	-20	-19
"K_5626 Gamvik"	"2001"	1269	12	12	0	82	117	-35	-35
"K_5626 Gamvik"	"2002"	1234	15	19	-4	81	106	-25	-29
"K_5626 Gamvik"	"2003"	1205	15	14	1	47	114	-67	-71
"K_5626 Gamvik"	"2004"	1134	6	12	-6	69	85	-16	-20
"K_5626 Gamvik"	"2005"	1114	5	8	-3	55	90	-35	-38
"K_5626 Gamvik"	"2006"	1076	5	13	-8	76	98	-22	-30
"K_5626 Gamvik"	"2007"	1046	7	16	-9	90	86	4	-6
"K_5626 Gamvik"	"2008"	1040	7	14	-7	73	80	-7	-15
"K_5626 Gamvik"	"2009"	1025	14	15	-1	86	101	-15	-16
"K_5626 Gamvik"	"2010"	1009	6	18	-12	100	103	-3	-18
"K_5626 Gamvik"	"2011"	991	6	16	-10	74	47	27	17
"K_5626 Gamvik"	"2012"	1008	11	13	-2	131	74	57	55
"K_5626 Gamvik"	"2013"	1063	14	14	0	116	81	35	35
"K_5626 Gamvik"	"2014"	1098	7	11	-4	112	90	22	18
"K_5626 Gamvik"	"2015"	1116	10	10	0	112	89	23	23
"K_5626 Gamvik"	"2016"	1139	9	13	-4	80	80	0	-2
"K_5626 Gamvik"	"2017"	1137	10	15	-5	107	87	20	16
"K_5626 Gamvik"	"2018"	1153	8	7	1	95	79	16	16
"K_5626 Gamvik"	"2019"	1169	6	19	-13	76	100	-24	-37
"K_5626 Gamvik"	"2020"	1132	8	9	-1	55	89	-34	-35
"K_5626 Gamvik"	"2021"	1097	6	9	-3	77	114	-37	-40
"K_5626 Gamvik"	"2022"	1057	3	17	-14	104	94	10	-3
"K_5626 Gamvik"	"2023"	1054	5	18	-13	89	60	29	16
"K_5626 Gamvik"	"2024"	1070	..	..	..	..	..	..	..
"K_5628 Deatnu - Tana"	"1951"	3041	79	18	61	108	123	-15	46
"K_5628 Deatnu - Tana"	"1952"	3087	74	20	54	65	88	-23	31
"K_5628 Deatnu - Tana"	"1953"	3118	83	34	49	64	111	-47	2
"K_5628 Deatnu - Tana"	"1954"	3120	79	31	48	74	97	-23	25
"K_5628 Deatnu - Tana"	"1955"	3145	59	32	27	103	111	-8	116
"K_5628 Deatnu - Tana"	"1956"	3261	51	32	19	140	115	25	44
"K_5628 Deatnu - Tana"	"1957"	3305	61	19	42	127	157	-30	12
"K_5628 Deatnu - Tana"	"1958"	3317	67	26	41	102	151	-49	-8
"K_5628 Deatnu - Tana"	"1959"	3309	63	32	31	118	148	-30	1
"K_5628 Deatnu - Tana"	"1960"	3310	49	33	16	161	165	-4	-25
"K_5628 Deatnu - Tana"	"1961"	3285	57	30	27	114	174	-60	-33
"K_5628 Deatnu - Tana"	"1962"	3252	65	35	30	135	159	-24	6
"K_5628 Deatnu - Tana"	"1963"	3258	75	21	54	156	159	-3	51
"K_5628 Deatnu - Tana"	"1964"	3309	76	36	40	127	175	-48	-8
"K_5628 Deatnu - Tana"	"1965"	3301	59	13	46	95	205	-110	-64
"K_5628 Deatnu - Tana"	"1966"	3237	86	32	54	165	201	-36	-5
"K_5628 Deatnu - Tana"	"1967"	3232	63	35	28	114	180	-66	-38
"K_5628 Deatnu - Tana"	"1968"	3194	62	31	31	184	220	-36	-18
"K_5628 Deatnu - Tana"	"1969"	3176	78	44	34	119	190	-71	-38
"K_5628 Deatnu - Tana"	"1970"	3138	78	27	51	194	282	-88	-27
"K_5628 Deatnu - Tana"	"1971"	3111	60	32	28	170	214	-44	-19
"K_5628 Deatnu - Tana"	"1972"	3092	75	27	48	186	226	-40	13
"K_5628 Deatnu - Tana"	"1973"	3105	83	35	48	195	209	-14	35
"K_5628 Deatnu - Tana"	"1974"	3140	56	36	20	187	199	-12	-7
"K_5628 Deatnu - Tana"	"1975"	3133	45	41	4	236	218	18	16
"K_5628 Deatnu - Tana"	"1976"	3149	49	30	19	210	189	21	39
"K_5628 Deatnu - Tana"	"1977"	3188	38	33	5	249	206	43	53
"K_5628 Deatnu - Tana"	"1978"	3241	38	33	5	204	195	9	11
"K_5628 Deatnu - Tana"	"1979"	3252	54	30	24	199	182	17	41
"K_5628 Deatnu - Tana"	"1980"	3293	47	34	13	212	185	27	38
"K_5628 Deatnu - Tana"	"1981"	3331	39	23	16	175	209	-34	-22
"K_5628 Deatnu - Tana"	"1982"	3309	37	26	11	178	169	9	23
"K_5628 Deatnu - Tana"	"1983"	3332	49	24	25	201	208	-7	15
"K_5628 Deatnu - Tana"	"1984"	3347	31	36	-5	167	170	-3	-7
"K_5628 Deatnu - Tana"	"1985"	3340	52	33	19	153	200	-47	-31
"K_5628 Deatnu - Tana"	"1986"	3309	34	27	7	169	193	-24	-20
"K_5628 Deatnu - Tana"	"1987"	3289	36	36	0	185	251	-66	-74
"K_5628 Deatnu - Tana"	"1988"	3215	56	36	20	190	220	-30	-14
"K_5628 Deatnu - Tana"	"1989"	3201	48	30	18	171	195	-24	-6
"K_5628 Deatnu - Tana"	"1990"	3195	41	38	3	190	155	35	37
"K_5628 Deatnu - Tana"	"1991"	3232	49	30	19	173	158	15	36
"K_5628 Deatnu - Tana"	"1992"	3268	54	37	17	160	146	14	31
"K_5628 Deatnu - Tana"	"1993"	3299	39	40	-1	162	184	-22	-25
"K_5628 Deatnu - Tana"	"1994"	3274	39	32	7	175	184	-9	-2
"K_5628 Deatnu - Tana"	"1995"	3272	34	39	-5	114	185	-71	-74
"K_5628 Deatnu - Tana"	"1996"	3198	39	32	7	144	208	-64	-56
"K_5628 Deatnu - Tana"	"1997"	3142	38	32	6	145	156	-11	-5
"K_5628 Deatnu - Tana"	"1998"	3137	43	28	15	152	247	-95	-81
"K_5628 Deatnu - Tana"	"1999"	3056	47	35	12	180	172	8	18
"K_5628 Deatnu - Tana"	"2000"	3074	44	41	3	130	163	-33	-30
"K_5628 Deatnu - Tana"	"2001"	3044	37	41	-4	155	156	-1	-5
"K_5628 Deatnu - Tana"	"2002"	3039	39	25	14	177	163	14	29
"K_5628 Deatnu - Tana"	"2003"	3068	37	39	-2	113	175	-62	-64
"K_5628 Deatnu - Tana"	"2004"	3004	37	27	10	140	118	22	33
"K_5628 Deatnu - Tana"	"2005"	3037	26	29	-3	118	143	-25	-31
"K_5628 Deatnu - Tana"	"2006"	3006	31	33	-2	128	153	-25	-27
"K_5628 Deatnu - Tana"	"2007"	2979	23	33	-10	131	145	-14	-25
"K_5628 Deatnu - Tana"	"2008"	2954	31	25	6	119	128	-9	-3
"K_5628 Deatnu - Tana"	"2009"	2951	26	28	-2	126	162	-36	-39
"K_5628 Deatnu - Tana"	"2010"	2912	27	28	-1	156	172	-16	-15
"K_5628 Deatnu - Tana"	"2011"	2897	24	39	-15	139	128	11	-1
"K_5628 Deatnu - Tana"	"2012"	2896	23	30	-7	155	143	12	4
"K_5628 Deatnu - Tana"	"2013"	2900	17	31	-14	138	141	-3	-17
"K_5628 Deatnu - Tana"	"2014"	2883	24	36	-12	169	131	38	26
"K_5628 Deatnu - Tana"	"2015"	2909	29	33	-4	174	158	16	13
"K_5628 Deatnu - Tana"	"2016"	2922	27	37	-10	169	170	-1	-11
"K_5628 Deatnu - Tana"	"2017"	2911	21	35	-14	192	167	25	11
"K_5628 Deatnu - Tana"	"2018"	2922	22	36	-14	138	146	-8	-22
"K_5628 Deatnu - Tana"	"2019"	2900	27	32	-5	173	147	26	18
"K_5628 Deatnu - Tana"	"2020"	2918	32	33	-1	139	227	-88	-89
"K_5628 Deatnu - Tana"	"2021"	2829	27	31	-4	161	165	-4	-8
"K_5628 Deatnu - Tana"	"2022"	2821	22	40	-18	162	160	2	-17
"K_5628 Deatnu - Tana"	"2023"	2804	23	39	-16	175	157	18	3
"K_5628 Deatnu - Tana"	"2024"	2807	..	..	..	..	..	..	..
"K_5630 Berlevåg"	"1951"	1552	32	13	19	69	77	-8	11
"K_5630 Berlevåg"	"1952"	1563	33	10	23	80	58	22	45
"K_5630 Berlevåg"	"1953"	1608	42	13	29	41	63	-22	7
"K_5630 Berlevåg"	"1954"	1615	35	13	22	77	92	-15	7
"K_5630 Berlevåg"	"1955"	1622	27	12	15	95	80	15	44
"K_5630 Berlevåg"	"1956"	1666	40	14	26	78	66	12	38
"K_5630 Berlevåg"	"1957"	1704	39	14	25	102	104	-2	23
"K_5630 Berlevåg"	"1958"	1727	43	13	30	75	85	-10	20
"K_5630 Berlevåg"	"1959"	1747	27	11	16	106	65	41	57
"K_5630 Berlevåg"	"1960"	1804	40	14	26	98	119	-21	-5
"K_5630 Berlevåg"	"1961"	1799	24	18	6	75	73	2	8
"K_5630 Berlevåg"	"1962"	1807	35	10	25	85	98	-13	12
"K_5630 Berlevåg"	"1963"	1819	33	18	15	86	81	5	20
"K_5630 Berlevåg"	"1964"	1839	30	17	13	83	82	1	14
"K_5630 Berlevåg"	"1965"	1853	38	19	19	58	127	-69	-50
"K_5630 Berlevåg"	"1966"	1803	37	14	23	93	78	15	50
"K_5630 Berlevåg"	"1967"	1853	40	10	30	94	116	-22	8
"K_5630 Berlevåg"	"1968"	1861	34	17	17	83	118	-35	-11
"K_5630 Berlevåg"	"1969"	1850	48	20	28	158	219	-61	-30
"K_5630 Berlevåg"	"1970"	1820	46	18	28	251	245	6	25
"K_5630 Berlevåg"	"1971"	1845	40	18	22	154	150	4	41
"K_5630 Berlevåg"	"1972"	1886	35	10	25	114	187	-73	-49
"K_5630 Berlevåg"	"1973"	1837	29	17	12	191	175	16	27
"K_5630 Berlevåg"	"1974"	1864	37	27	10	127	168	-41	-30
"K_5630 Berlevåg"	"1975"	1834	31	17	14	142	179	-37	-24
"K_5630 Berlevåg"	"1976"	1810	26	25	1	105	123	-18	-18
"K_5630 Berlevåg"	"1977"	1792	23	19	4	145	172	-27	-22
"K_5630 Berlevåg"	"1978"	1770	25	16	9	91	136	-45	-37
"K_5630 Berlevåg"	"1979"	1733	22	10	12	86	154	-68	-56
"K_5630 Berlevåg"	"1980"	1677	22	17	5	90	115	-25	-19
"K_5630 Berlevåg"	"1981"	1658	17	15	2	70	140	-70	-68
"K_5630 Berlevåg"	"1982"	1590	22	26	-4	98	104	-6	-9
"K_5630 Berlevåg"	"1983"	1581	20	15	5	94	86	8	13
"K_5630 Berlevåg"	"1984"	1594	29	12	17	54	133	-79	-63
"K_5630 Berlevåg"	"1985"	1531	25	14	11	76	86	-10	2
"K_5630 Berlevåg"	"1986"	1533	21	16	5	72	140	-68	-64
"K_5630 Berlevåg"	"1987"	1469	27	17	10	97	167	-70	-57
"K_5630 Berlevåg"	"1988"	1412	19	15	4	71	112	-41	-38
"K_5630 Berlevåg"	"1989"	1374	18	28	-10	85	81	4	-7
"K_5630 Berlevåg"	"1990"	1367	25	13	12	49	89	-40	-27
"K_5630 Berlevåg"	"1991"	1340	10	18	-8	74	62	12	4
"K_5630 Berlevåg"	"1992"	1344	16	15	1	64	90	-26	-24
"K_5630 Berlevåg"	"1993"	1320	17	23	-6	49	71	-22	-28
"K_5630 Berlevåg"	"1994"	1292	28	26	2	88	59	29	32
"K_5630 Berlevåg"	"1995"	1324	25	20	5	92	89	3	8
"K_5630 Berlevåg"	"1996"	1332	19	12	7	49	124	-75	-68
"K_5630 Berlevåg"	"1997"	1264	22	23	-1	92	94	-2	-3
"K_5630 Berlevåg"	"1998"	1261	11	18	-7	96	98	-2	-9
"K_5630 Berlevåg"	"1999"	1252	16	15	1	56	73	-17	-16
"K_5630 Berlevåg"	"2000"	1236	14	18	-4	72	92	-20	-24
"K_5630 Berlevåg"	"2001"	1212	16	17	-1	79	80	-1	-2
"K_5630 Berlevåg"	"2002"	1210	20	17	3	48	69	-21	-17
"K_5630 Berlevåg"	"2003"	1193	12	14	-2	31	64	-33	-35
"K_5630 Berlevåg"	"2004"	1158	14	13	1	42	68	-26	-25
"K_5630 Berlevåg"	"2005"	1133	10	17	-7	40	62	-22	-29
"K_5630 Berlevåg"	"2006"	1104	12	12	0	39	56	-17	-18
"K_5630 Berlevåg"	"2007"	1086	12	16	-4	38	44	-6	-9
"K_5630 Berlevåg"	"2008"	1077	12	20	-8	37	45	-8	-16
"K_5630 Berlevåg"	"2009"	1061	8	15	-7	51	61	-10	-17
"K_5630 Berlevåg"	"2010"	1044	10	21	-11	39	41	-2	-13
"K_5630 Berlevåg"	"2011"	1031	5	11	-6	53	61	-8	-16
"K_5630 Berlevåg"	"2012"	1015	5	12	-7	68	51	17	10
"K_5630 Berlevåg"	"2013"	1025	8	18	-10	86	45	41	32
"K_5630 Berlevåg"	"2014"	1057	6	18	-12	59	84	-25	-37
"K_5630 Berlevåg"	"2015"	1020	9	13	-4	48	64	-16	-20
"K_5630 Berlevåg"	"2016"	1000	9	10	-1	59	68	-9	-9
"K_5630 Berlevåg"	"2017"	991	7	15	-8	69	69	0	-8
"K_5630 Berlevåg"	"2018"	983	5	9	-4	54	52	2	-2
"K_5630 Berlevåg"	"2019"	981	8	15	-7	37	54	-17	-24
"K_5630 Berlevåg"	"2020"	957	7	16	-9	36	56	-20	-29
"K_5630 Berlevåg"	"2021"	928	8	17	-9	49	62	-13	-22
"K_5630 Berlevåg"	"2022"	906	5	15	-10	71	59	12	2
"K_5630 Berlevåg"	"2023"	908	7	21	-14	61	63	-2	-16
"K_5630 Berlevåg"	"2024"	892	..	..	..	..	..	..	..
"K_5632 Båtsfjord"	"1951"	2476	74	24	50	93	118	-25	25
"K_5632 Båtsfjord"	"1952"	2501	63	10	53	51	82	-31	22
"K_5632 Båtsfjord"	"1953"	2523	58	18	40	86	100	-14	26
"K_5632 Båtsfjord"	"1954"	2549	70	11	59	134	120	14	73
"K_5632 Båtsfjord"	"1955"	2622	74	23	51	87	97	-10	86
"K_5632 Båtsfjord"	"1956"	2708	77	17	60	91	81	10	70
"K_5632 Båtsfjord"	"1957"	2778	72	22	50	165	179	-14	36
"K_5632 Båtsfjord"	"1958"	2814	68	16	52	96	137	-41	11
"K_5632 Båtsfjord"	"1959"	2825	62	23	39	138	118	20	59
"K_5632 Båtsfjord"	"1960"	2884	52	19	33	147	171	-24	-84
"K_5632 Båtsfjord"	"1961"	2800	63	18	45	107	100	7	52
"K_5632 Båtsfjord"	"1962"	2852	57	27	30	144	128	16	46
"K_5632 Båtsfjord"	"1963"	2898	48	22	26	158	180	-22	4
"K_5632 Båtsfjord"	"1964"	2281	66	14	52	92	142	-50	2
"K_5632 Båtsfjord"	"1965"	2283	64	13	51	96	177	-81	-30
"K_5632 Båtsfjord"	"1966"	2253	55	14	41	139	140	-1	57
"K_5632 Båtsfjord"	"1967"	2310	79	7	72	179	132	47	119
"K_5632 Båtsfjord"	"1968"	2429	84	19	65	172	161	11	77
"K_5632 Båtsfjord"	"1969"	2506	71	18	53	255	181	74	122
"K_5632 Båtsfjord"	"1970"	2628	78	14	64	345	232	113	177
"K_5632 Båtsfjord"	"1971"	2805	66	18	48	185	250	-65	-18
"K_5632 Båtsfjord"	"1972"	2787	74	22	52	188	245	-57	-2
"K_5632 Båtsfjord"	"1973"	2785	70	13	57	278	224	54	109
"K_5632 Båtsfjord"	"1974"	2894	52	21	31	193	234	-41	-8
"K_5632 Båtsfjord"	"1975"	2886	45	12	33	184	248	-64	-65
"K_5632 Båtsfjord"	"1976"	2821	48	17	31	200	191	9	40
"K_5632 Båtsfjord"	"1977"	2861	41	23	18	222	200	22	40
"K_5632 Båtsfjord"	"1978"	2901	42	27	15	308	330	-22	-6
"K_5632 Båtsfjord"	"1979"	2895	41	16	25	216	350	-134	-110
"K_5632 Båtsfjord"	"1980"	2785	56	23	33	189	251	-62	-30
"K_5632 Båtsfjord"	"1981"	2755	37	17	20	169	269	-100	-81
"K_5632 Båtsfjord"	"1982"	2674	35	22	13	250	244	6	20
"K_5632 Båtsfjord"	"1983"	2694	42	27	15	228	256	-28	-12
"K_5632 Båtsfjord"	"1984"	2682	48	20	28	164	214	-50	-24
"K_5632 Båtsfjord"	"1985"	2658	48	18	30	169	213	-44	-15
"K_5632 Båtsfjord"	"1986"	2643	46	27	19	193	305	-112	-93
"K_5632 Båtsfjord"	"1987"	2550	51	24	27	173	287	-114	-89
"K_5632 Båtsfjord"	"1988"	2461	38	17	21	182	260	-78	-60
"K_5632 Båtsfjord"	"1989"	2401	38	18	20	154	230	-76	-55
"K_5632 Båtsfjord"	"1990"	2346	44	15	29	143	178	-35	-5
"K_5632 Båtsfjord"	"1991"	2341	34	16	18	115	153	-38	-20
"K_5632 Båtsfjord"	"1992"	2321	34	17	17	157	121	36	49
"K_5632 Båtsfjord"	"1993"	2370	51	15	36	207	139	68	104
"K_5632 Båtsfjord"	"1994"	2474	53	11	42	210	180	30	73
"K_5632 Båtsfjord"	"1995"	2547	49	18	31	246	202	44	75
"K_5632 Båtsfjord"	"1996"	2622	39	19	20	194	286	-92	-72
"K_5632 Båtsfjord"	"1997"	2550	49	16	33	285	324	-39	-6
"K_5632 Båtsfjord"	"1998"	2544	45	22	23	230	341	-111	-90
"K_5632 Båtsfjord"	"1999"	2454	37	22	15	272	271	1	16
"K_5632 Båtsfjord"	"2000"	2470	35	23	12	232	263	-31	-19
"K_5632 Båtsfjord"	"2001"	2451	33	17	16	194	256	-62	-44
"K_5632 Båtsfjord"	"2002"	2407	40	20	20	201	225	-24	-3
"K_5632 Båtsfjord"	"2003"	2404	35	30	5	125	243	-118	-114
"K_5632 Båtsfjord"	"2004"	2290	28	16	12	94	211	-117	-105
"K_5632 Båtsfjord"	"2005"	2185	25	14	11	144	164	-20	-14
"K_5632 Båtsfjord"	"2006"	2171	26	20	6	86	150	-64	-58
"K_5632 Båtsfjord"	"2007"	2113	21	15	6	100	128	-28	-23
"K_5632 Båtsfjord"	"2008"	2090	24	21	3	75	95	-20	-16
"K_5632 Båtsfjord"	"2009"	2074	21	26	-5	109	108	1	-4
"K_5632 Båtsfjord"	"2010"	2070	14	17	-3	118	114	4	1
"K_5632 Båtsfjord"	"2011"	2071	17	30	-13	136	105	31	18
"K_5632 Båtsfjord"	"2012"	2089	32	19	13	160	100	60	73
"K_5632 Båtsfjord"	"2013"	2162	21	23	-2	170	123	47	45
"K_5632 Båtsfjord"	"2014"	2207	17	13	4	127	103	24	28
"K_5632 Båtsfjord"	"2015"	2235	19	20	-1	127	150	-23	-24
"K_5632 Båtsfjord"	"2016"	2211	24	17	7	170	122	48	56
"K_5632 Båtsfjord"	"2017"	2267	21	17	4	110	116	-6	-4
"K_5632 Båtsfjord"	"2018"	2263	16	14	2	109	104	5	7
"K_5632 Båtsfjord"	"2019"	2270	25	20	5	76	130	-54	-49
"K_5632 Båtsfjord"	"2020"	2221	24	16	8	73	102	-29	-21
"K_5632 Båtsfjord"	"2021"	2200	18	24	-6	116	146	-30	-35
"K_5632 Båtsfjord"	"2022"	2165	14	22	-8	113	154	-41	-48
"K_5632 Båtsfjord"	"2023"	2117	17	18	-1	134	136	-2	-4
"K_5632 Båtsfjord"	"2024"	2113	..	..	..	..	..	..	..
"K_5634 Vardø"	"1951"	3281	77	27	50	171	163	8	58
"K_5634 Vardø"	"1952"	3339	76	26	50	113	186	-73	-23
"K_5634 Vardø"	"1953"	3316	80	33	47	163	169	-6	41
"K_5634 Vardø"	"1954"	3357	78	27	51	181	193	-12	39
"K_5634 Vardø"	"1955"	3396	78	25	53	155	190	-35	32
"K_5634 Vardø"	"1956"	3428	85	25	60	153	154	-1	59
"K_5634 Vardø"	"1957"	3487	77	33	44	168	192	-24	20
"K_5634 Vardø"	"1958"	3507	70	26	44	173	188	-15	29
"K_5634 Vardø"	"1959"	3536	74	36	38	164	212	-48	-10
"K_5634 Vardø"	"1960"	3526	47	22	25	179	289	-110	-59
"K_5634 Vardø"	"1961"	3467	65	39	26	178	180	-2	24
"K_5634 Vardø"	"1962"	3491	61	41	20	146	203	-57	-37
"K_5634 Vardø"	"1963"	3454	77	45	32	191	232	-41	-9
"K_5634 Vardø"	"1964"	4066	85	41	44	211	205	6	50
"K_5634 Vardø"	"1965"	4116	94	32	62	281	297	-16	46
"K_5634 Vardø"	"1966"	4162	96	51	45	257	285	-28	13
"K_5634 Vardø"	"1967"	4175	86	39	47	251	251	0	47
"K_5634 Vardø"	"1968"	4222	86	38	48	215	277	-62	-6
"K_5634 Vardø"	"1969"	4216	88	44	44	207	290	-83	-29
"K_5634 Vardø"	"1970"	4187	85	49	36	293	419	-126	-92
"K_5634 Vardø"	"1971"	4095	77	27	50	228	325	-97	-47
"K_5634 Vardø"	"1972"	4048	69	44	25	263	373	-110	-87
"K_5634 Vardø"	"1973"	3961	86	55	31	227	239	-12	19
"K_5634 Vardø"	"1974"	3980	77	52	25	259	349	-90	-62
"K_5634 Vardø"	"1975"	3918	65	40	25	277	343	-66	-44
"K_5634 Vardø"	"1976"	3874	62	35	27	266	271	-5	15
"K_5634 Vardø"	"1977"	3889	49	35	14	263	336	-73	-60
"K_5634 Vardø"	"1978"	3829	50	51	-1	237	296	-59	-60
"K_5634 Vardø"	"1979"	3769	51	31	20	318	277	41	61
"K_5634 Vardø"	"1980"	3830	50	55	-5	209	389	-180	-184
"K_5634 Vardø"	"1981"	3646	34	44	-10	239	339	-100	-112
"K_5634 Vardø"	"1982"	3534	39	53	-14	214	255	-41	-54
"K_5634 Vardø"	"1983"	3480	52	44	8	205	234	-29	-21
"K_5634 Vardø"	"1984"	3459	41	48	-7	155	242	-87	-94
"K_5634 Vardø"	"1985"	3365	44	44	0	161	277	-116	-122
"K_5634 Vardø"	"1986"	3243	50	47	3	154	269	-115	-114
"K_5634 Vardø"	"1987"	3129	32	37	-5	202	191	11	4
"K_5634 Vardø"	"1988"	3133	33	52	-19	168	260	-92	-106
"K_5634 Vardø"	"1989"	3027	44	44	0	215	232	-17	-19
"K_5634 Vardø"	"1990"	3008	59	46	13	193	212	-19	0
"K_5634 Vardø"	"1991"	3008	48	30	18	180	196	-16	-4
"K_5634 Vardø"	"1992"	3004	45	42	3	195	158	37	42
"K_5634 Vardø"	"1993"	3046	40	41	-1	201	222	-21	-23
"K_5634 Vardø"	"1994"	3023	37	25	12	190	212	-22	-13
"K_5634 Vardø"	"1995"	3010	57	50	7	199	210	-11	-3
"K_5634 Vardø"	"1996"	3007	49	36	13	177	214	-37	-24
"K_5634 Vardø"	"1997"	2983	35	32	3	162	234	-72	-70
"K_5634 Vardø"	"1998"	2913	36	32	4	184	302	-118	-114
"K_5634 Vardø"	"1999"	2799	47	36	11	153	259	-106	-94
"K_5634 Vardø"	"2000"	2705	53	50	3	190	204	-14	-11
"K_5634 Vardø"	"2001"	2694	26	39	-13	155	250	-95	-108
"K_5634 Vardø"	"2002"	2586	28	33	-5	155	239	-84	-90
"K_5634 Vardø"	"2003"	2496	23	40	-17	121	203	-82	-100
"K_5634 Vardø"	"2004"	2396	21	25	-4	105	132	-27	-30
"K_5634 Vardø"	"2005"	2366	25	27	-2	92	118	-26	-28
"K_5634 Vardø"	"2006"	2338	20	30	-10	108	151	-43	-52
"K_5634 Vardø"	"2007"	2286	20	37	-17	95	173	-78	-96
"K_5634 Vardø"	"2008"	2190	16	33	-17	89	118	-29	-46
"K_5634 Vardø"	"2009"	2144	17	19	-2	81	99	-18	-20
"K_5634 Vardø"	"2010"	2124	15	21	-6	101	108	-7	-13
"K_5634 Vardø"	"2011"	2111	26	34	-8	140	120	20	11
"K_5634 Vardø"	"2012"	2122	13	28	-15	126	105	21	6
"K_5634 Vardø"	"2013"	2128	11	27	-16	134	127	7	-9
"K_5634 Vardø"	"2014"	2119	18	34	-16	113	89	24	9
"K_5634 Vardø"	"2015"	2128	22	31	-9	129	111	18	9
"K_5634 Vardø"	"2016"	2137	13	37	-24	132	139	-7	-33
"K_5634 Vardø"	"2017"	2104	14	30	-16	145	123	22	6
"K_5634 Vardø"	"2018"	2110	11	32	-21	113	121	-8	-29
"K_5634 Vardø"	"2019"	2081	12	26	-14	95	133	-38	-52
"K_5634 Vardø"	"2020"	2029	10	21	-11	89	148	-59	-70
"K_5634 Vardø"	"2021"	1959	13	32	-19	115	159	-44	-62
"K_5634 Vardø"	"2022"	1897	11	25	-14	162	112	50	36
"K_5634 Vardø"	"2023"	1933	13	40	-27	179	113	66	39
"K_5634 Vardø"	"2024"	1972	..	..	..	..	..	..	..
"K_5636 Unjárga - Nesseby"	"1951"	1512	33	13	20	34	89	-55	-35
"K_5636 Unjárga - Nesseby"	"1952"	1477	41	15	26	28	56	-28	-2
"K_5636 Unjárga - Nesseby"	"1953"	1475	34	9	25	25	49	-24	1
"K_5636 Unjárga - Nesseby"	"1954"	1476	35	11	24	24	54	-30	-6
"K_5636 Unjárga - Nesseby"	"1955"	1470	25	15	10	26	71	-45	11
"K_5636 Unjárga - Nesseby"	"1956"	1481	29	12	17	37	92	-55	-38
"K_5636 Unjárga - Nesseby"	"1957"	1443	21	11	10	42	89	-47	-37
"K_5636 Unjárga - Nesseby"	"1958"	1406	21	11	10	26	50	-24	-14
"K_5636 Unjárga - Nesseby"	"1959"	1392	30	16	14	71	93	-22	-8
"K_5636 Unjárga - Nesseby"	"1960"	1384	26	10	16	72	90	-18	-20
"K_5636 Unjárga - Nesseby"	"1961"	1364	24	12	12	39	51	-12	0
"K_5636 Unjárga - Nesseby"	"1962"	1364	27	9	18	42	62	-20	-2
"K_5636 Unjárga - Nesseby"	"1963"	1362	31	14	17	56	72	-16	1
"K_5636 Unjárga - Nesseby"	"1964"	1363	32	4	28	26	64	-38	-10
"K_5636 Unjárga - Nesseby"	"1965"	1353	28	8	20	26	57	-31	-11
"K_5636 Unjárga - Nesseby"	"1966"	1342	24	10	14	52	90	-38	-18
"K_5636 Unjárga - Nesseby"	"1967"	1324	17	6	11	39	82	-43	-32
"K_5636 Unjárga - Nesseby"	"1968"	1292	24	7	17	63	101	-38	-9
"K_5636 Unjárga - Nesseby"	"1969"	1283	26	21	5	32	63	-31	-27
"K_5636 Unjárga - Nesseby"	"1970"	1256	12	12	0	40	117	-77	-63
"K_5636 Unjárga - Nesseby"	"1971"	1193	19	17	2	51	79	-28	-33
"K_5636 Unjárga - Nesseby"	"1972"	1160	14	19	-5	69	66	3	4
"K_5636 Unjárga - Nesseby"	"1973"	1164	14	12	2	80	60	20	22
"K_5636 Unjárga - Nesseby"	"1974"	1186	26	17	9	82	73	9	16
"K_5636 Unjárga - Nesseby"	"1975"	1202	15	16	-1	57	94	-37	-38
"K_5636 Unjárga - Nesseby"	"1976"	1164	8	15	-7	61	50	11	1
"K_5636 Unjárga - Nesseby"	"1977"	1165	14	17	-3	75	71	4	0
"K_5636 Unjárga - Nesseby"	"1978"	1165	16	20	-4	64	90	-26	-31
"K_5636 Unjárga - Nesseby"	"1979"	1134	10	14	-4	44	61	-17	-21
"K_5636 Unjárga - Nesseby"	"1980"	1113	10	16	-6	46	66	-20	-26
"K_5636 Unjárga - Nesseby"	"1981"	1087	14	12	2	48	49	-1	1
"K_5636 Unjárga - Nesseby"	"1982"	1088	10	16	-6	50	71	-21	-28
"K_5636 Unjárga - Nesseby"	"1983"	1060	16	16	0	65	69	-4	-4
"K_5636 Unjárga - Nesseby"	"1984"	1056	13	14	-1	35	73	-38	-40
"K_5636 Unjárga - Nesseby"	"1985"	1016	13	13	0	54	64	-10	-10
"K_5636 Unjárga - Nesseby"	"1986"	1006	7	8	-1	64	71	-7	-7
"K_5636 Unjárga - Nesseby"	"1987"	999	8	10	-2	53	47	6	9
"K_5636 Unjárga - Nesseby"	"1988"	1008	21	13	8	68	53	15	22
"K_5636 Unjárga - Nesseby"	"1989"	1030	9	7	2	56	52	4	7
"K_5636 Unjárga - Nesseby"	"1990"	1037	12	12	0	69	50	19	19
"K_5636 Unjárga - Nesseby"	"1991"	1056	11	16	-5	53	48	5	0
"K_5636 Unjárga - Nesseby"	"1992"	1056	17	22	-5	63	55	8	3
"K_5636 Unjárga - Nesseby"	"1993"	1059	16	14	2	82	71	11	13
"K_5636 Unjárga - Nesseby"	"1994"	1072	9	12	-3	58	79	-21	-24
"K_5636 Unjárga - Nesseby"	"1995"	1048	16	10	6	69	67	2	10
"K_5636 Unjárga - Nesseby"	"1996"	1058	14	17	-3	51	65	-14	-17
"K_5636 Unjárga - Nesseby"	"1997"	1041	14	14	0	60	66	-6	-6
"K_5636 Unjárga - Nesseby"	"1998"	1035	11	10	1	48	63	-15	-14
"K_5636 Unjárga - Nesseby"	"1999"	1021	5	17	-12	44	88	-44	-56
"K_5636 Unjárga - Nesseby"	"2000"	965	10	15	-5	62	59	3	-2
"K_5636 Unjárga - Nesseby"	"2001"	963	7	12	-5	60	52	8	3
"K_5636 Unjárga - Nesseby"	"2002"	966	11	15	-4	30	63	-33	-37
"K_5636 Unjárga - Nesseby"	"2003"	929	9	12	-3	32	29	3	-2
"K_5636 Unjárga - Nesseby"	"2004"	927	3	9	-6	29	49	-20	-26
"K_5636 Unjárga - Nesseby"	"2005"	901	2	18	-16	59	52	7	-9
"K_5636 Unjárga - Nesseby"	"2006"	892	4	10	-6	36	38	-2	-8
"K_5636 Unjárga - Nesseby"	"2007"	884	5	10	-5	36	60	-24	-28
"K_5636 Unjárga - Nesseby"	"2008"	856	16	6	10	56	45	11	22
"K_5636 Unjárga - Nesseby"	"2009"	878	12	13	-1	51	44	7	6
"K_5636 Unjárga - Nesseby"	"2010"	884	7	14	-7	50	35	15	9
"K_5636 Unjárga - Nesseby"	"2011"	893	15	11	4	52	48	4	8
"K_5636 Unjárga - Nesseby"	"2012"	901	9	15	-6	48	61	-13	-19
"K_5636 Unjárga - Nesseby"	"2013"	882	11	11	0	70	32	38	37
"K_5636 Unjárga - Nesseby"	"2014"	919	7	12	-5	60	40	20	15
"K_5636 Unjárga - Nesseby"	"2015"	934	5	22	-17	87	47	40	25
"K_5636 Unjárga - Nesseby"	"2016"	959	5	14	-9	61	60	1	-8
"K_5636 Unjárga - Nesseby"	"2017"	951	8	13	-5	45	47	-2	-7
"K_5636 Unjárga - Nesseby"	"2018"	944	4	14	-10	66	59	7	-3
"K_5636 Unjárga - Nesseby"	"2019"	941	7	8	-1	43	57	-14	-15
"K_5636 Unjárga - Nesseby"	"2020"	926	2	13	-11	44	79	-35	-46
"K_5636 Unjárga - Nesseby"	"2021"	880	7	8	-1	35	61	-26	-26
"K_5636 Unjárga - Nesseby"	"2022"	854	6	9	-3	61	47	14	10
"K_5636 Unjárga - Nesseby"	"2023"	864	6	11	-5	64	67	-3	-5
"K_5636 Unjárga - Nesseby"	"2024"	859	..	..	..	..	..	..	..
"K_21-22 Svalbard og Jan Mayen"	"1951"	0	0	0	0	0	0	0	0
"K_21-22 Svalbard og Jan Mayen"	"1952"	0	0	0	0	0	0	0	0
"K_21-22 Svalbard og Jan Mayen"	"1953"	0	0	0	0	0	0	0	0
"K_21-22 Svalbard og Jan Mayen"	"1954"	0	0	0	0	0	0	0	0
"K_21-22 Svalbard og Jan Mayen"	"1955"	0	0	0	0	0	0	0	0
"K_21-22 Svalbard og Jan Mayen"	"1956"	0	0	0	0	0	0	0	0
"K_21-22 Svalbard og Jan Mayen"	"1957"	0	0	0	0	0	0	0	0
"K_21-22 Svalbard og Jan Mayen"	"1958"	0	0	0	0	0	0	0	0
"K_21-22 Svalbard og Jan Mayen"	"1959"	0	0	0	0	0	0	0	0
"K_21-22 Svalbard og Jan Mayen"	"1960"	0	0	0	0	0	0	0	0
"K_21-22 Svalbard og Jan Mayen"	"1961"	0	0	0	0	0	0	0	0
"K_21-22 Svalbard og Jan Mayen"	"1962"	0	0	0	0	0	0	0	0
"K_21-22 Svalbard og Jan Mayen"	"1963"	0	0	0	0	0	0	0	0
"K_21-22 Svalbard og Jan Mayen"	"1964"	0	0	0	0	0	0	0	0
"K_21-22 Svalbard og Jan Mayen"	"1965"	0	0	0	0	0	0	0	0
"K_21-22 Svalbard og Jan Mayen"	"1966"	0	0	0	0	0	0	0	0
"K_21-22 Svalbard og Jan Mayen"	"1967"	0	0	0	0	0	0	0	0
"K_21-22 Svalbard og Jan Mayen"	"1968"	0	0	0	0	0	0	0	0
"K_21-22 Svalbard og Jan Mayen"	"1969"	0	0	0	0	0	0	0	0
"K_21-22 Svalbard og Jan Mayen"	"1970"	0	0	0	0	0	0	0	0
"K_21-22 Svalbard og Jan Mayen"	"1971"	0	0	0	0	0	0	0	0
"K_21-22 Svalbard og Jan Mayen"	"1972"	0	0	0	0	0	0	0	0
"K_21-22 Svalbard og Jan Mayen"	"1973"	0	0	0	0	0	0	0	0
"K_21-22 Svalbard og Jan Mayen"	"1974"	0	0	0	0	0	0	0	0
"K_21-22 Svalbard og Jan Mayen"	"1975"	0	0	0	0	0	0	0	0
"K_21-22 Svalbard og Jan Mayen"	"1976"	0	0	0	0	0	0	0	0
"K_21-22 Svalbard og Jan Mayen"	"1977"	0	0	0	0	0	0	0	0
"K_21-22 Svalbard og Jan Mayen"	"1978"	0	0	0	0	0	0	0	0
"K_21-22 Svalbard og Jan Mayen"	"1979"	0	0	0	0	0	0	0	0
"K_21-22 Svalbard og Jan Mayen"	"1980"	0	0	0	0	0	0	0	0
"K_21-22 Svalbard og Jan Mayen"	"1981"	0	0	0	0	0	0	0	0
"K_21-22 Svalbard og Jan Mayen"	"1982"	0	0	0	0	0	0	0	0
"K_21-22 Svalbard og Jan Mayen"	"1983"	0	0	0	0	0	0	0	0
"K_21-22 Svalbard og Jan Mayen"	"1984"	0	0	0	0	0	0	0	0
"K_21-22 Svalbard og Jan Mayen"	"1985"	0	0	0	0	0	0	0	0
"K_21-22 Svalbard og Jan Mayen"	"1986"	0	0	0	0	0	0	0	0
"K_21-22 Svalbard og Jan Mayen"	"1987"	0	0	0	0	0	0	0	0
"K_21-22 Svalbard og Jan Mayen"	"1988"	0	0	0	0	0	0	0	0
"K_21-22 Svalbard og Jan Mayen"	"1989"	0	0	0	0	0	0	0	0
"K_21-22 Svalbard og Jan Mayen"	"1990"	0	0	0	0	0	0	0	0
"K_21-22 Svalbard og Jan Mayen"	"1991"	0	0	0	0	0	0	0	0
"K_21-22 Svalbard og Jan Mayen"	"1992"	0	0	0	0	0	0	0	0
"K_21-22 Svalbard og Jan Mayen"	"1993"	0	0	0	0	0	0	0	0
"K_21-22 Svalbard og Jan Mayen"	"1994"	0	0	0	0	0	0	0	0
"K_21-22 Svalbard og Jan Mayen"	"1995"	0	0	0	0	0	0	0	0
"K_21-22 Svalbard og Jan Mayen"	"1996"	0	0	0	0	0	0	0	0
"K_21-22 Svalbard og Jan Mayen"	"1997"	0	0	0	0	0	0	0	0
"K_21-22 Svalbard og Jan Mayen"	"1998"	0	0	0	0	0	0	0	0
"K_21-22 Svalbard og Jan Mayen"	"1999"	0	0	0	0	0	0	0	0
"K_21-22 Svalbard og Jan Mayen"	"2000"	0	0	0	0	0	0	0	0
"K_21-22 Svalbard og Jan Mayen"	"2001"	0	0	0	0	0	0	0	0
"K_21-22 Svalbard og Jan Mayen"	"2002"	0	0	0	0	0	0	0	0
"K_21-22 Svalbard og Jan Mayen"	"2003"	0	0	0	0	0	0	0	0
"K_21-22 Svalbard og Jan Mayen"	"2004"	0	0	0	0	0	0	0	0
"K_21-22 Svalbard og Jan Mayen"	"2005"	0	0	0	0	0	0	0	0
"K_21-22 Svalbard og Jan Mayen"	"2006"	0	0	0	0	0	0	0	0
"K_21-22 Svalbard og Jan Mayen"	"2007"	0	0	0	0	0	0	0	0
"K_21-22 Svalbard og Jan Mayen"	"2008"	0	0	0	0	0	0	0	0
"K_21-22 Svalbard og Jan Mayen"	"2009"	0	0	0	0	0	0	0	0
"K_21-22 Svalbard og Jan Mayen"	"2010"	0	0	0	0	0	0	0	0
"K_21-22 Svalbard og Jan Mayen"	"2011"	0	0	0	0	0	0	0	0
"K_21-22 Svalbard og Jan Mayen"	"2012"	0	0	0	0	0	0	0	0
"K_21-22 Svalbard og Jan Mayen"	"2013"	0	0	0	0	0	0	0	0
"K_21-22 Svalbard og Jan Mayen"	"2014"	0	0	0	0	0	0	0	0
"K_21-22 Svalbard og Jan Mayen"	"2015"	0	0	0	0	0	0	0	0
"K_21-22 Svalbard og Jan Mayen"	"2016"	0	0	0	0	0	0	0	0
"K_21-22 Svalbard og Jan Mayen"	"2017"	0	0	0	0	0	0	0	0
"K_21-22 Svalbard og Jan Mayen"	"2018"	0	0	0	0	0	0	0	0
"K_21-22 Svalbard og Jan Mayen"	"2019"	0	0	0	0	0	0	0	0
"K_21-22 Svalbard og Jan Mayen"	"2020"	0	0	0	0	0	0	0	0
"K_21-22 Svalbard og Jan Mayen"	"2021"	0	0	0	0	0	0	0	0
"K_21-22 Svalbard og Jan Mayen"	"2022"	0	0	0	0	0	0	0	0
"K_21-22 Svalbard og Jan Mayen"	"2023"	0	0	0	0	0	0	0	0
"K_21-22 Svalbard og Jan Mayen"	"2024"	0	0	0	0	0	0	0	0
"K_23 Kontinentalsokkelen"	"1951"	0	0	0	0	0	0	0	0
"K_23 Kontinentalsokkelen"	"1952"	0	0	0	0	0	0	0	0
"K_23 Kontinentalsokkelen"	"1953"	0	0	0	0	0	0	0	0
"K_23 Kontinentalsokkelen"	"1954"	0	0	0	0	0	0	0	0
"K_23 Kontinentalsokkelen"	"1955"	0	0	0	0	0	0	0	0
"K_23 Kontinentalsokkelen"	"1956"	0	0	0	0	0	0	0	0
"K_23 Kontinentalsokkelen"	"1957"	0	0	0	0	0	0	0	0
"K_23 Kontinentalsokkelen"	"1958"	0	0	0	0	0	0	0	0
"K_23 Kontinentalsokkelen"	"1959"	0	0	0	0	0	0	0	0
"K_23 Kontinentalsokkelen"	"1960"	0	0	0	0	0	0	0	0
"K_23 Kontinentalsokkelen"	"1961"	0	0	0	0	0	0	0	0
"K_23 Kontinentalsokkelen"	"1962"	0	0	0	0	0	0	0	0
"K_23 Kontinentalsokkelen"	"1963"	0	0	0	0	0	0	0	0
"K_23 Kontinentalsokkelen"	"1964"	0	0	0	0	0	0	0	0
"K_23 Kontinentalsokkelen"	"1965"	0	0	0	0	0	0	0	0
"K_23 Kontinentalsokkelen"	"1966"	0	0	0	0	0	0	0	0
"K_23 Kontinentalsokkelen"	"1967"	0	0	0	0	0	0	0	0
"K_23 Kontinentalsokkelen"	"1968"	0	0	0	0	0	0	0	0
"K_23 Kontinentalsokkelen"	"1969"	0	0	0	0	0	0	0	0
"K_23 Kontinentalsokkelen"	"1970"	0	0	0	0	0	0	0	0
"K_23 Kontinentalsokkelen"	"1971"	0	0	0	0	0	0	0	0
"K_23 Kontinentalsokkelen"	"1972"	0	0	0	0	0	0	0	0
"K_23 Kontinentalsokkelen"	"1973"	0	0	0	0	0	0	0	0
"K_23 Kontinentalsokkelen"	"1974"	0	0	0	0	0	0	0	0
"K_23 Kontinentalsokkelen"	"1975"	0	0	0	0	0	0	0	0
"K_23 Kontinentalsokkelen"	"1976"	0	0	0	0	0	0	0	0
"K_23 Kontinentalsokkelen"	"1977"	0	0	0	0	0	0	0	0
"K_23 Kontinentalsokkelen"	"1978"	0	0	0	0	0	0	0	0
"K_23 Kontinentalsokkelen"	"1979"	0	0	0	0	0	0	0	0
"K_23 Kontinentalsokkelen"	"1980"	0	0	0	0	0	0	0	0
"K_23 Kontinentalsokkelen"	"1981"	0	0	0	0	0	0	0	0
"K_23 Kontinentalsokkelen"	"1982"	0	0	0	0	0	0	0	0
"K_23 Kontinentalsokkelen"	"1983"	0	0	0	0	0	0	0	0
"K_23 Kontinentalsokkelen"	"1984"	0	0	0	0	0	0	0	0
"K_23 Kontinentalsokkelen"	"1985"	0	0	0	0	0	0	0	0
"K_23 Kontinentalsokkelen"	"1986"	0	0	0	0	0	0	0	0
"K_23 Kontinentalsokkelen"	"1987"	0	0	0	0	0	0	0	0
"K_23 Kontinentalsokkelen"	"1988"	0	0	0	0	0	0	0	0
"K_23 Kontinentalsokkelen"	"1989"	0	0	0	0	0	0	0	0
"K_23 Kontinentalsokkelen"	"1990"	0	0	0	0	0	0	0	0
"K_23 Kontinentalsokkelen"	"1991"	0	0	0	0	0	0	0	0
"K_23 Kontinentalsokkelen"	"1992"	0	0	0	0	0	0	0	0
"K_23 Kontinentalsokkelen"	"1993"	0	0	0	0	0	0	0	0
"K_23 Kontinentalsokkelen"	"1994"	0	0	0	0	0	0	0	0
"K_23 Kontinentalsokkelen"	"1995"	0	0	0	0	0	0	0	0
"K_23 Kontinentalsokkelen"	"1996"	0	0	0	0	0	0	0	0
"K_23 Kontinentalsokkelen"	"1997"	0	0	0	0	0	0	0	0
"K_23 Kontinentalsokkelen"	"1998"	0	0	0	0	0	0	0	0
"K_23 Kontinentalsokkelen"	"1999"	0	0	0	0	0	0	0	0
"K_23 Kontinentalsokkelen"	"2000"	0	0	0	0	0	0	0	0
"K_23 Kontinentalsokkelen"	"2001"	0	0	0	0	0	0	0	0
"K_23 Kontinentalsokkelen"	"2002"	0	0	0	0	0	0	0	0
"K_23 Kontinentalsokkelen"	"2003"	0	0	0	0	0	0	0	0
"K_23 Kontinentalsokkelen"	"2004"	0	0	0	0	0	0	0	0
"K_23 Kontinentalsokkelen"	"2005"	0	0	0	0	0	0	0	0
"K_23 Kontinentalsokkelen"	"2006"	0	0	0	0	0	0	0	0
"K_23 Kontinentalsokkelen"	"2007"	0	0	0	0	0	0	0	0
"K_23 Kontinentalsokkelen"	"2008"	0	0	0	0	0	0	0	0
"K_23 Kontinentalsokkelen"	"2009"	0	0	0	0	0	0	0	0
"K_23 Kontinentalsokkelen"	"2010"	0	0	0	0	0	0	0	0
"K_23 Kontinentalsokkelen"	"2011"	0	0	0	0	0	0	0	0
"K_23 Kontinentalsokkelen"	"2012"	0	0	0	0	0	0	0	0
"K_23 Kontinentalsokkelen"	"2013"	0	0	0	0	0	0	0	0
"K_23 Kontinentalsokkelen"	"2014"	0	0	0	0	0	0	0	0
"K_23 Kontinentalsokkelen"	"2015"	0	0	0	0	0	0	0	0
"K_23 Kontinentalsokkelen"	"2016"	0	0	0	0	0	0	0	0
"K_23 Kontinentalsokkelen"	"2017"	0	0	0	0	0	0	0	0
"K_23 Kontinentalsokkelen"	"2018"	0	0	0	0	0	0	0	0
"K_23 Kontinentalsokkelen"	"2019"	0	0	0	0	0	0	0	0
"K_23 Kontinentalsokkelen"	"2020"	0	0	0	0	0	0	0	0
"K_23 Kontinentalsokkelen"	"2021"	0	0	0	0	0	0	0	0
"K_23 Kontinentalsokkelen"	"2022"	0	0	0	0	0	0	0	0
"K_23 Kontinentalsokkelen"	"2023"	0	0	0	0	0	0	0	0
"K_23 Kontinentalsokkelen"	"2024"	0	0	0	0	0	0	0	0
"K_25-26 Utlandet og havområder"	"1951"	0	0	0	0	0	0	0	0
"K_25-26 Utlandet og havområder"	"1952"	0	0	0	0	0	0	0	0
"K_25-26 Utlandet og havområder"	"1953"	0	0	0	0	0	0	0	0
"K_25-26 Utlandet og havområder"	"1954"	0	0	0	0	0	0	0	0
"K_25-26 Utlandet og havområder"	"1955"	0	0	0	0	0	0	0	0
"K_25-26 Utlandet og havområder"	"1956"	0	0	0	0	0	0	0	0
"K_25-26 Utlandet og havområder"	"1957"	0	0	0	0	0	0	0	0
"K_25-26 Utlandet og havområder"	"1958"	0	0	0	0	0	0	0	0
"K_25-26 Utlandet og havområder"	"1959"	0	0	0	0	0	0	0	0
"K_25-26 Utlandet og havområder"	"1960"	0	0	0	0	0	0	0	0
"K_25-26 Utlandet og havområder"	"1961"	0	0	0	0	0	0	0	0
"K_25-26 Utlandet og havområder"	"1962"	0	0	0	0	0	0	0	0
"K_25-26 Utlandet og havområder"	"1963"	0	0	0	0	0	0	0	0
"K_25-26 Utlandet og havområder"	"1964"	0	0	0	0	0	0	0	0
"K_25-26 Utlandet og havområder"	"1965"	0	0	0	0	0	0	0	0
"K_25-26 Utlandet og havområder"	"1966"	0	0	0	0	0	0	0	0
"K_25-26 Utlandet og havområder"	"1967"	0	0	0	0	0	0	0	0
"K_25-26 Utlandet og havområder"	"1968"	0	0	0	0	0	0	0	0
"K_25-26 Utlandet og havområder"	"1969"	0	0	0	0	0	0	0	0
"K_25-26 Utlandet og havområder"	"1970"	0	0	0	0	0	0	0	0
"K_25-26 Utlandet og havområder"	"1971"	0	0	0	0	0	0	0	0
"K_25-26 Utlandet og havområder"	"1972"	0	0	0	0	0	0	0	0
"K_25-26 Utlandet og havområder"	"1973"	0	0	0	0	0	0	0	0
"K_25-26 Utlandet og havområder"	"1974"	0	0	0	0	0	0	0	0
"K_25-26 Utlandet og havområder"	"1975"	0	0	0	0	0	0	0	0
"K_25-26 Utlandet og havområder"	"1976"	0	0	0	0	0	0	0	0
"K_25-26 Utlandet og havområder"	"1977"	0	0	0	0	0	0	0	0
"K_25-26 Utlandet og havområder"	"1978"	0	0	0	0	0	0	0	0
"K_25-26 Utlandet og havområder"	"1979"	0	0	0	0	0	0	0	0
"K_25-26 Utlandet og havområder"	"1980"	0	0	0	0	0	0	0	0
"K_25-26 Utlandet og havområder"	"1981"	0	0	0	0	0	0	0	0
"K_25-26 Utlandet og havområder"	"1982"	0	0	0	0	0	0	0	0
"K_25-26 Utlandet og havområder"	"1983"	0	0	0	0	0	0	0	0
"K_25-26 Utlandet og havområder"	"1984"	0	0	0	0	0	0	0	0
"K_25-26 Utlandet og havområder"	"1985"	0	0	0	0	0	0	0	0
"K_25-26 Utlandet og havområder"	"1986"	0	0	0	0	0	0	0	0
"K_25-26 Utlandet og havområder"	"1987"	0	0	0	0	0	0	0	0
"K_25-26 Utlandet og havområder"	"1988"	0	0	0	0	0	0	0	0
"K_25-26 Utlandet og havområder"	"1989"	0	0	0	0	0	0	0	0
"K_25-26 Utlandet og havområder"	"1990"	0	0	0	0	0	0	0	0
"K_25-26 Utlandet og havområder"	"1991"	0	0	0	0	0	0	0	0
"K_25-26 Utlandet og havområder"	"1992"	0	0	0	0	0	0	0	0
"K_25-26 Utlandet og havområder"	"1993"	0	0	0	0	0	0	0	0
"K_25-26 Utlandet og havområder"	"1994"	0	0	0	0	0	0	0	0
"K_25-26 Utlandet og havområder"	"1995"	0	0	0	0	0	0	0	0
"K_25-26 Utlandet og havområder"	"1996"	0	0	0	0	0	0	0	0
"K_25-26 Utlandet og havområder"	"1997"	0	0	0	0	0	0	0	0
"K_25-26 Utlandet og havområder"	"1998"	0	0	0	0	0	0	0	0
"K_25-26 Utlandet og havområder"	"1999"	0	0	0	0	0	0	0	0
"K_25-26 Utlandet og havområder"	"2000"	0	0	0	0	0	0	0	0
"K_25-26 Utlandet og havområder"	"2001"	0	0	0	0	0	0	0	0
"K_25-26 Utlandet og havområder"	"2002"	0	0	0	0	0	0	0	0
"K_25-26 Utlandet og havområder"	"2003"	0	0	0	0	0	0	0	0
"K_25-26 Utlandet og havområder"	"2004"	0	0	0	0	0	0	0	0
"K_25-26 Utlandet og havområder"	"2005"	0	0	0	0	0	0	0	0
"K_25-26 Utlandet og havområder"	"2006"	0	0	0	0	0	0	0	0
"K_25-26 Utlandet og havområder"	"2007"	0	0	0	0	0	0	0	0
"K_25-26 Utlandet og havområder"	"2008"	0	0	0	0	0	0	0	0
"K_25-26 Utlandet og havområder"	"2009"	0	0	0	0	0	0	0	0
"K_25-26 Utlandet og havområder"	"2010"	0	0	0	0	0	0	0	0
"K_25-26 Utlandet og havområder"	"2011"	0	0	0	0	0	0	0	0
"K_25-26 Utlandet og havområder"	"2012"	0	0	0	0	0	0	0	0
"K_25-26 Utlandet og havområder"	"2013"	0	0	0	0	0	0	0	0
"K_25-26 Utlandet og havområder"	"2014"	0	0	0	0	0	0	0	0
"K_25-26 Utlandet og havområder"	"2015"	0	0	0	0	0	0	0	0
"K_25-26 Utlandet og havområder"	"2016"	0	0	0	0	0	0	0	0
"K_25-26 Utlandet og havområder"	"2017"	0	0	0	0	0	0	0	0
"K_25-26 Utlandet og havområder"	"2018"	0	0	0	0	0	0	0	0
"K_25-26 Utlandet og havområder"	"2019"	0	0	0	0	0	0	0	0
"K_25-26 Utlandet og havområder"	"2020"	0	0	0	0	0	0	0	0
"K_25-26 Utlandet og havområder"	"2021"	0	0	0	0	0	0	0	0
"K_25-26 Utlandet og havområder"	"2022"	0	0	0	0	0	0	0	0
"K_25-26 Utlandet og havområder"	"2023"	0	0	0	0	0	0	0	0
"K_25-26 Utlandet og havområder"	"2024"	0	0	0	0	0	0	0	0
"K_Rest Delte kommuner og uoppgitt"	"1951"	268197	5617	2220	3397	12730	12789	-59	3338
"K_Rest Delte kommuner og uoppgitt"	"1952"	269622	5713	2240	3473	10686	11165	-479	2994
"K_Rest Delte kommuner og uoppgitt"	"1953"	272616	5653	2261	3392	12367	12795	-428	2964
"K_Rest Delte kommuner og uoppgitt"	"1954"	275580	5788	2347	3441	12065	12523	-458	2983
"K_Rest Delte kommuner og uoppgitt"	"1955"	278563	5948	2301	3647	12994	13698	-704	2448
"K_Rest Delte kommuner og uoppgitt"	"1956"	279080	5844	2303	3541	13997	15012	-1015	2525
"K_Rest Delte kommuner og uoppgitt"	"1957"	281605	5570	2317	3253	14689	15874	-1185	2068
"K_Rest Delte kommuner og uoppgitt"	"1958"	283673	5610	2429	3181	12837	13873	-1036	2145
"K_Rest Delte kommuner og uoppgitt"	"1959"	285886	5602	2438	3164	12967	14484	-1517	1647
"K_Rest Delte kommuner og uoppgitt"	"1960"	287533	5449	2384	3065	15213	17447	-2234	1423
"K_Rest Delte kommuner og uoppgitt"	"1961"	288956	5441	2500	2941	12531	13765	-1234	1707
"K_Rest Delte kommuner og uoppgitt"	"1962"	288262	5294	2591	2703	14557	15288	-731	1972
"K_Rest Delte kommuner og uoppgitt"	"1963"	290234	5374	2688	2686	14898	15240	-342	2344
"K_Rest Delte kommuner og uoppgitt"	"1964"	176005	3153	1789	1364	7169	8266	-1097	267
"K_Rest Delte kommuner og uoppgitt"	"1965"	159079	2807	1482	1325	6761	7799	-1038	287
"K_Rest Delte kommuner og uoppgitt"	"1966"	171647	2979	1669	1310	7575	8330	-755	199
"K_Rest Delte kommuner og uoppgitt"	"1967"	171846	2994	1663	1331	7587	8729	-1142	189
"K_Rest Delte kommuner og uoppgitt"	"1968"	172035	3015	1712	1303	6786	7787	-1001	417
"K_Rest Delte kommuner og uoppgitt"	"1969"	172452	2910	1775	1135	6569	7802	-1233	-102
"K_Rest Delte kommuner og uoppgitt"	"1970"	172350	2789	1812	977	8786	10136	-1350	-462
"K_Rest Delte kommuner og uoppgitt"	"1971"	171888	2822	1854	968	7201	7484	-283	633
"K_Rest Delte kommuner og uoppgitt"	"1972"	172521	2707	1789	918	7490	7770	-280	675
"K_Rest Delte kommuner og uoppgitt"	"1973"	173196	2615	1727	888	7486	7961	-475	372
"K_Rest Delte kommuner og uoppgitt"	"1974"	173568	2430	1835	595	7340	7301	39	562
"K_Rest Delte kommuner og uoppgitt"	"1975"	174130	2347	1828	519	7023	7212	-189	100
"K_Rest Delte kommuner og uoppgitt"	"1976"	166952	2034	1718	316	6547	6469	78	556
"K_Rest Delte kommuner og uoppgitt"	"1977"	56004	587	650	-63	2250	2522	-272	-353
"K_Rest Delte kommuner og uoppgitt"	"1978"	55651	649	655	-6	2121	2159	-38	-46
"K_Rest Delte kommuner og uoppgitt"	"1979"	55605	667	635	32	2312	2055	257	296
"K_Rest Delte kommuner og uoppgitt"	"1980"	55901	694	654	40	2312	2096	216	261
"K_Rest Delte kommuner og uoppgitt"	"1981"	56162	675	634	41	2169	2063	106	144
"K_Rest Delte kommuner og uoppgitt"	"1982"	56306	718	694	24	1990	2136	-146	-125
"K_Rest Delte kommuner og uoppgitt"	"1983"	56181	685	663	22	1904	1987	-83	-59
"K_Rest Delte kommuner og uoppgitt"	"1984"	56122	654	693	-39	1844	2014	-170	-209
"K_Rest Delte kommuner og uoppgitt"	"1985"	55913	649	628	21	1743	1985	-242	-228
"K_Rest Delte kommuner og uoppgitt"	"1986"	55685	671	674	-3	1870	2091	-221	-208
"K_Rest Delte kommuner og uoppgitt"	"1987"	55477	638	650	-12	2025	2316	-291	-307
"K_Rest Delte kommuner og uoppgitt"	"1988"	55170	699	721	-22	2124	2039	85	54
"K_Rest Delte kommuner og uoppgitt"	"1989"	55224	694	720	-26	1978	2167	-189	-220
"K_Rest Delte kommuner og uoppgitt"	"1990"	55004	691	758	-67	2023	2154	-131	-195
"K_Rest Delte kommuner og uoppgitt"	"1991"	54809	717	689	28	1996	2129	-133	-97
"K_Rest Delte kommuner og uoppgitt"	"1992"	54712	722	697	25	1862	2047	-185	-163
"K_Rest Delte kommuner og uoppgitt"	"1993"	54549	649	776	-127	1979	1999	-20	-150
"K_Rest Delte kommuner og uoppgitt"	"1994"	54399	711	678	33	2006	2145	-139	-118
"K_Rest Delte kommuner og uoppgitt"	"1995"	54281	645	686	-41	1902	2265	-363	-414
"K_Rest Delte kommuner og uoppgitt"	"1996"	53867	692	651	41	2055	2378	-323	-293
"K_Rest Delte kommuner og uoppgitt"	"1997"	53574	644	736	-92	2089	2381	-292	-389
"K_Rest Delte kommuner og uoppgitt"	"1998"	53185	614	619	-5	2086	2209	-123	-142
"K_Rest Delte kommuner og uoppgitt"	"1999"	53043	636	661	-25	2111	2157	-46	-71
"K_Rest Delte kommuner og uoppgitt"	"2000"	52972	613	587	26	2250	2260	-10	31
"K_Rest Delte kommuner og uoppgitt"	"2001"	53003	546	652	-106	2124	2319	-195	-296
"K_Rest Delte kommuner og uoppgitt"	"2002"	52707	554	614	-60	2099	2087	12	-55
"K_Rest Delte kommuner og uoppgitt"	"2003"	52652	533	585	-52	2115	2083	32	-15
"K_Rest Delte kommuner og uoppgitt"	"2004"	52637	519	534	-15	2102	2216	-114	-133
"K_Rest Delte kommuner og uoppgitt"	"2005"	52504	545	559	-14	2053	2168	-115	-132
"K_Rest Delte kommuner og uoppgitt"	"2006"	52372	558	571	-13	2185	2276	-91	-110
"K_Rest Delte kommuner og uoppgitt"	"2007"	52262	565	592	-27	2561	2264	297	269
"K_Rest Delte kommuner og uoppgitt"	"2008"	52531	593	569	24	2374	2366	8	36
"K_Rest Delte kommuner og uoppgitt"	"2009"	52567	561	557	4	2393	2158	235	236
"K_Rest Delte kommuner og uoppgitt"	"2010"	52803	581	561	20	2619	2429	190	208
"K_Rest Delte kommuner og uoppgitt"	"2011"	53011	562	583	-21	2477	2333	144	127
"K_Rest Delte kommuner og uoppgitt"	"2012"	53138	523	634	-111	2686	2343	343	233
"K_Rest Delte kommuner og uoppgitt"	"2013"	53371	529	528	1	2750	2354	396	386
"K_Rest Delte kommuner og uoppgitt"	"2014"	53757	530	530	0	2742	2428	314	311
"K_Rest Delte kommuner og uoppgitt"	"2015"	54068	531	553	-22	2598	2626	-28	-54
"K_Rest Delte kommuner og uoppgitt"	"2016"	54014	545	550	-5	2667	2535	132	127
"K_Rest Delte kommuner og uoppgitt"	"2017"	54141	520	546	-26	2329	2554	-225	-250
"K_Rest Delte kommuner og uoppgitt"	"2018"	53892	475	528	-53	2518	2410	108	59
"K_Rest Delte kommuner og uoppgitt"	"2019"	53951	437	536	-99	2243	2263	-20	-109
"K_Rest Delte kommuner og uoppgitt"	"2020"	0	0	0	0	0	0	0	0
"K_Rest Delte kommuner og uoppgitt"	"2021"	0	0	0	0	0	0	0	0
"K_Rest Delte kommuner og uoppgitt"	"2022"	0	0	0	0	0	0	0	0
"K_Rest Delte kommuner og uoppgitt"	"2023"	0	0	0	0	0	0	0	0
"K_Rest Delte kommuner og uoppgitt"	"2024"	0	0	0	0	0	0	0	0
